1
60
0 59 1 105 10 1 12 61 47 30 3 118 30 1 2 105 0 74 114 87 110 97 99 29 64 92 69 87 62 11 67 118 29 24 118 50 85 113 29 57 1 1 7 35 115 66 58 41 6 42 111 106 4 1 39 18 93 115 19 0 
1 0 0 0 1 55 7 0 0 0 64 14 44 43 112 25 105 12 63 48 0 76 67 49 9 90 42 23 55 60 106 119 0 106 48 72 1 103 1 22 54 25 0 41 86 96 45 90 0 66 55 1 0 113 49 21 0 27 48 4 
61 117 0 1 0 0 5 95 73 100 80 1 7 0 46 97 9 9 30 104 0 47 65 50 14 1 93 47 0 50 105 60 1 42 0 118 83 37 46 1 13 114 26 80 1 104 7 0 101 17 0 23 1 21 44 81 0 39 0 94 
44 1 17 0 5 64 5 100 12 5 0 1 1 1 0 108 32 21 1 112 29 50 1 0 40 1 20 40 76 59 0 0 61 31 1 40 33 20 43 56 0 113 31 104 3 53 88 41 8 54 113 32 0 24 33 0 8 0 27 25 
0 12 97 75 0 101 0 43 1 1 19 23 81 35 1 0 54 46 0 26 73 1 71 21 1 42 108 102 61 1 1 13 15 0 1 36 1 64 1 0 106 74 37 87 22 82 61 98 96 33 28 96 78 17 21 109 79 109 37 50 
0 35 107 0 31 0 83 25 95 88 102 97 91 79 1 43 70 87 0 84 1 71 80 12 50 110 51 33 111 40 87 73 109 1 42 58 29 112 67 103 54 0 82 74 52 98 1 15 89 33 99 0 36 0 73 85 30 1 4 21 
18 21 79 90 1 11 0 1 11 90 0 0 88 45 119 75 32 25 87 0 3 43 99 111 43 0 98 29 8 98 19 71 47 25 29 1 26 112 99 74 20 30 27 2 1 106 114 66 105 1 75 1 18 0 1 95 50 51 110 83 
84 82 111 12 43 54 15 0 57 49 29 107 106 7 109 0 26 90 0 15 45 41 99 11 54 103 1 43 40 7 42 18 31 108 0 74 79 1 62 1 1 83 0 17 111 1 6 17 49 42 18 1 52 20 1 95 105 1 64 109 
0 105 97 90 37 95 98 117 0 0 0 1 104 31 43 99 106 25 71 59 0 0 80 62 103 113 49 81 76 0 119 116 51 44 28 6 19 0 109 6 117 58 26 1 77 1 1 56 111 78 61 0 0 23 57 1 0 89 56 1 
0 109 41 115 106 78 1 0 32 0 24 37 1 30 32 45 61 2 62 0 80 50 67 83 49 68 0 71 119 1 81 109 118 118 113 59 36 112 24 16 44 96 61 77 20 0 0 29 4 0 76 0 40 108 97 78 73 112 110 102 
0 97 47 35 16 91 65 61 21 60 0 34 51 99 78 68 19 76 0 0 0 75 0 90 71 73 89 3 30 1 1 73 39 0 19 44 93 9 83 0 114 0 59 3 101 68 6 41 1 1 119 22 1 113 42 4 0 0 117 39 
0 54 46 105 107 19 42 30 72 109 85 0 1 93 99 20 1 81 40 89 79 81 6 38 40 0 0 1 28 1 13 0 36 85 1 10 90 29 1 12 114 86 91 28 58 25 7 1 14 17 1 1 1 0 55 42 102 62 0 52 
34 54 1 1 57 41 0 0 0 113 76 0 0 104 0 105 1 0 18 39 1 1 37 12 95 26 53 75 95 1 4 1 2 71 10 2 50 67 0 1 0 0 41 112 95 89 24 57 0 0 32 92 87 105 1 92 1 66 1 1 
10 14 13 50 49 1 82 30 117 95 44 8 29 0 66 103 85 101 105 61 8 1 57 85 42 42 21 0 114 62 52 3 51 0 61 90 0 87 55 77 29 88 15 1 52 70 113 71 70 49 61 32 0 31 14 97 34 112 78 4 
36 64 107 19 85 2 1 1 50 9 1 85 108 66 0 57 0 119 72 1 67 111 1 46 1 1 110 57 0 75 0 87 69 0 30 30 20 9 58 0 90 68 70 53 97 27 0 25 80 18 103 47 69 0 113 99 0 0 118 89 
0 59 95 39 113 96 62 88 109 20 1 108 1 1 100 0 118 93 70 58 1 94 6 104 77 1 94 30 19 84 1 21 118 0 109 38 1 93 0 90 26 71 66 44 0 62 0 6 84 26 1 46 73 31 49 108 72 54 1 109 
34 0 0 91 0 49 109 99 61 62 22 21 0 44 100 80 0 113 63 1 106 98 77 76 115 114 1 1 105 77 53 109 0 77 1 75 1 84 52 60 40 67 26 68 74 87 1 76 17 9 0 36 115 72 50 92 1 55 1 61 
73 68 1 88 21 6 113 1 62 1 1 1 57 1 1 72 0 0 19 0 56 1 0 25 0 0 0 15 41 36 0 76 110 1 77 21 91 0 104 0 0 117 86 33 118 78 1 64 15 118 111 1 51 0 34 1 103 65 42 24 
91 110 36 42 102 112 92 17 95 22 1 68 105 54 76 41 1 1 0 5 81 102 1 23 44 1 68 69 102 5 39 52 61 16 102 52 0 7 1 58 53 109 27 1 77 58 102 70 85 4 26 38 88 21 99 15 21 119 0 75 
69 87 66 111 23 0 44 17 53 78 40 115 1 50 7 114 47 33 57 0 1 60 31 0 112 85 108 1 1 111 42 24 27 24 0 48 46 95 0 57 108 5 102 1 18 26 12 73 47 85 39 0 34 71 7 12 64 15 31 87 
1 33 45 21 11 98 112 74 1 17 1 103 13 0 25 87 63 114 0 1 0 114 7 81 63 113 47 1 98 94 64 0 80 35 114 119 113 18 48 1 92 113 97 59 106 1 68 5 60 40 72 96 0 117 39 0 116 112 96 104 
0 0 0 80 94 8 83 14 89 68 30 2 87 37 0 46 9 1 59 105 86 0 74 15 66 1 0 68 116 96 1 50 82 33 48 89 119 21 1 95 60 118 107 20 89 1 42 56 1 24 118 53 116 1 0 115 83 38 95 86 
97 70 66 84 107 19 106 0 26 74 55 96 19 17 82 30 3 96 4 25 47 32 0 4 0 0 109 44 77 61 63 112 1 44 111 32 114 42 43 41 73 15 62 0 118 59 0 57 63 65 3 43 7 112 23 66 51 37 103 28 
72 97 70 106 113 15 96 66 73 78 117 97 105 104 93 47 100 102 116 56 53 15 105 0 0 38 74 44 0 1 0 56 0 68 0 72 83 55 31 36 0 80 89 69 69 57 16 1 114 39 18 4 8 0 39 1 78 0 0 15 
1 14 1 112 1 1 85 67 74 26 1 52 4 92 89 0 102 91 53 108 83 19 98 0 0 69 68 84 70 0 46 48 0 6 0 0 47 66 24 1 109 22 0 74 2 86 116 110 1 0 36 60 0 13 74 54 0 31 75 83 
1 0 0 37 74 117 0 1 40 92 57 4 104 48 58 59 45 101 0 11 1 43 1 98 113 0 75 60 0 84 23 64 114 10 43 102 105 22 53 49 109 10 0 1 39 85 107 3 97 1 1 96 75 47 9 63 87 82 100 1 
0 3 64 62 13 2 112 113 0 0 103 17 51 72 15 1 48 9 46 0 8 21 1 46 31 1 0 104 43 0 67 1 93 113 104 107 41 65 0 21 31 24 86 5 84 112 46 78 83 1 64 99 78 92 65 117 76 32 4 14 
0 12 57 106 0 78 13 1 119 108 64 96 30 54 0 0 48 78 90 13 50 15 109 109 0 82 56 0 21 13 105 119 96 64 7 41 16 9 0 1 29 43 1 67 100 70 15 8 40 1 12 23 63 8 95 1 61 28 17 93 
65 105 0 78 113 62 113 25 69 17 18 26 47 0 1 65 73 34 61 55 66 59 1 1 24 18 55 54 0 60 0 112 108 86 108 20 0 102 1 0 50 29 119 48 0 69 30 85 0 45 105 115 14 12 0 1 91 9 11 31 
27 93 46 78 1 66 114 116 66 43 1 38 1 116 54 1 33 11 112 56 0 0 0 0 13 91 75 115 51 0 108 12 113 107 51 34 24 12 83 1 100 59 0 1 0 50 116 0 53 57 93 22 10 114 88 0 103 52 1 28 
39 52 113 44 0 0 50 55 38 85 2 0 102 19 16 91 95 33 44 9 0 2 87 115 0 25 89 103 22 23 0 26 102 14 1 79 53 111 56 83 73 112 19 1 1 30 86 29 117 49 89 62 1 11 0 53 70 99 103 4 
13 101 80 1 1 111 1 0 93 10 85 34 0 50 55 65 1 70 0 113 71 11 27 73 0 99 65 16 114 76 0 0 111 47 32 63 51 68 1 52 22 55 21 1 0 100 86 66 48 0 17 75 62 97 22 53 38 71 1 19 
109 38 0 1 11 17 119 57 55 100 23 24 52 100 54 0 5 75 71 18 21 84 1 80 73 47 24 69 84 69 64 101 0 57 9 49 58 76 93 106 8 53 36 33 11 31 10 25 70 27 50 0 1 103 0 106 61 1 44 47 
118 61 118 0 1 106 56 2 35 1 0 1 0 74 15 82 0 55 118 60 104 97 1 1 67 107 16 3 42 46 1 53 1 0 78 0 98 90 9 54 104 32 14 106 64 118 0 11 2 52 0 109 16 73 13 0 99 74 62 108 
102 101 0 31 59 0 75 25 105 23 118 22 65 1 115 90 29 30 0 112 11 49 83 35 13 0 89 100 4 91 76 10 1 82 0 10 87 69 119 26 73 0 88 67 76 102 0 9 9 1 24 64 10 96 76 31 0 1 115 1 
1 33 63 1 0 0 113 57 0 101 89 54 58 24 47 24 15 117 87 68 0 110 18 51 45 75 55 0 1 30 0 87 104 94 72 0 10 24 0 93 57 71 25 16 31 33 28 53 98 109 42 0 83 106 43 73 37 8 1 1 
1 78 50 57 2 0 32 80 1 36 1 108 100 16 1 22 76 15 1 76 118 96 1 83 31 58 35 62 86 1 58 70 0 48 1 79 0 115 106 57 78 105 1 87 0 86 84 96 82 1 98 46 83 86 102 1 0 40 5 118 
67 106 55 77 81 59 71 29 0 1 43 80 53 1 79 94 53 44 1 1 30 85 34 118 101 1 109 47 56 1 26 0 3 33 43 0 83 0 7 7 106 104 1 106 0 19 24 80 98 70 1 68 17 110 82 0 1 109 0 0 
0 0 103 20 64 68 56 92 0 78 57 27 117 1 17 0 58 36 104 69 80 71 42 14 1 1 1 0 103 73 5 1 51 51 70 1 1 40 0 96 1 35 0 0 23 55 101 39 81 81 26 109 1 39 0 38 92 61 29 48 
35 50 26 79 2 4 1 89 5 1 35 104 77 117 0 31 14 1 15 28 56 14 33 91 0 1 32 0 99 1 29 30 112 17 1 119 1 72 1 0 48 12 0 99 49 1 19 68 54 74 1 64 0 19 60 88 40 32 118 49 
82 39 4 5 74 51 106 69 0 82 8 102 80 47 45 60 63 47 1 0 46 73 18 1 0 91 77 1 0 1 0 85 86 1 98 15 25 71 106 81 0 52 45 0 74 78 1 38 0 14 26 12 8 68 98 31 105 49 91 108 
29 0 16 64 38 37 28 35 9 69 0 0 64 0 2 42 62 96 107 72 0 79 17 43 82 110 0 118 1 1 1 49 1 71 96 75 16 84 81 1 1 0 0 1 31 38 68 26 1 0 11 1 0 0 19 63 31 0 72 98 
74 6 62 72 90 12 24 68 106 1 27 103 115 118 81 3 71 69 24 37 92 92 107 1 72 106 0 65 70 10 0 0 38 76 7 44 0 19 90 67 8 1 0 0 14 23 1 70 23 63 31 71 119 1 105 32 111 91 109 6 
29 30 78 92 0 36 76 87 0 87 11 52 98 20 32 8 46 72 102 0 85 0 0 60 98 1 91 66 97 1 26 104 84 2 112 34 0 87 15 37 1 75 0 0 119 2 52 114 47 10 102 80 42 36 88 70 55 119 1 95 
1 0 1 79 22 100 92 7 14 115 105 0 103 74 80 62 1 1 81 22 1 119 43 77 98 49 39 116 76 42 90 0 0 41 95 107 1 26 82 109 0 53 107 51 0 106 61 0 69 13 67 93 92 81 1 0 62 0 22 74 
58 99 65 85 75 30 53 41 42 41 0 85 1 98 85 112 58 26 52 0 11 27 57 41 0 104 0 102 105 45 110 0 81 87 79 37 41 49 69 116 86 84 7 87 81 0 48 32 24 100 1 49 76 118 92 66 36 0 105 25 
1 63 100 1 1 85 0 24 59 0 82 106 95 77 28 71 1 12 70 74 33 0 65 55 116 85 12 32 69 91 20 82 0 112 50 0 93 117 0 1 65 7 43 1 1 52 0 4 1 85 49 37 1 38 0 0 62 0 1 53 
9 0 17 1 41 111 12 1 55 57 95 67 101 69 20 19 25 80 119 74 80 38 97 118 1 1 78 4 94 0 0 118 92 86 119 92 61 1 1 0 92 39 88 1 1 43 65 0 0 33 18 108 89 64 31 116 0 0 104 1 
29 40 11 37 50 46 1 54 10 27 102 54 113 12 37 51 1 44 18 87 43 52 37 118 41 1 63 43 0 10 27 6 34 12 71 8 73 102 41 74 82 71 111 72 45 89 84 82 0 77 98 51 1 55 66 14 91 62 48 8 
0 80 36 63 0 111 0 1 0 95 111 0 68 70 113 95 52 64 42 84 10 58 105 98 2 95 0 26 57 76 32 39 116 50 1 30 10 100 1 34 0 4 112 14 14 1 74 30 101 0 1 28 0 66 0 1 97 1 60 65 
80 0 3 102 7 17 50 1 1 74 68 1 0 110 79 81 66 111 19 14 114 1 116 11 0 102 50 0 118 96 114 23 104 0 1 6 22 73 20 59 74 58 92 63 6 64 1 101 71 61 0 16 81 68 83 101 35 43 3 0 
0 5 58 65 0 80 94 46 0 28 71 0 119 37 78 10 115 116 1 93 107 74 6 0 1 82 0 1 0 93 66 34 66 26 35 19 88 28 28 70 1 1 30 93 0 93 38 114 28 0 4 0 23 74 13 90 1 112 117 41 
1 112 42 84 19 1 115 50 74 0 12 114 76 1 53 65 95 93 50 38 50 117 43 1 42 0 78 39 0 1 56 72 92 0 1 75 1 1 119 0 16 68 67 17 21 60 46 0 1 13 30 35 0 1 35 87 0 92 4 86 
53 0 102 69 1 1 1 5 47 76 11 54 77 37 23 90 1 13 11 115 107 118 110 114 40 31 33 81 19 0 28 61 23 3 82 85 38 19 26 96 38 107 2 12 0 67 66 92 46 16 1 0 25 0 30 0 48 81 115 0 
66 112 53 1 32 60 110 15 0 50 13 30 92 4 34 28 18 52 39 0 59 55 109 1 25 110 35 49 36 1 114 4 53 49 104 1 6 46 0 62 0 59 19 33 62 64 100 110 58 117 4 83 93 6 0 76 111 1 14 101 
15 93 1 116 115 6 111 82 65 109 46 0 54 10 3 109 4 0 63 100 45 111 0 1 66 74 64 0 54 35 1 0 63 44 39 8 110 1 87 76 88 53 1 1 0 116 57 103 53 1 19 97 65 0 1 0 104 29 0 101 
15 0 115 62 0 4 102 1 0 111 1 0 17 11 63 101 33 0 22 0 1 12 1 25 50 103 93 58 24 1 5 114 91 39 67 111 0 106 113 0 0 0 85 83 33 58 53 96 0 101 115 62 0 4 104 76 0 70 8 49 
45 0 0 9 59 13 40 34 5 89 0 0 89 60 10 1 74 0 1 101 1 104 1 75 1 87 0 16 99 115 17 0 82 38 75 1 65 51 44 37 68 1 10 2 72 116 0 61 21 17 85 0 1 98 70 31 1 0 33 110 
20 28 117 90 102 0 1 74 0 33 1 17 67 76 16 0 53 21 79 1 0 51 3 110 1 1 0 0 52 113 67 103 28 42 55 8 22 21 1 0 23 114 97 1 5 3 22 63 7 19 30 109 96 49 113 0 0 0 0 117 
1 101 45 110 70 86 77 32 61 85 49 1 3 0 35 94 96 0 54 108 88 107 74 0 13 104 66 56 29 44 73 28 46 43 53 0 95 109 28 27 6 98 0 1 32 0 0 79 19 54 30 25 0 32 59 62 107 84 1 0 
