1
20
0 33 30 0 3 12 1 6 0 1 5 33 0 27 33 12 32 19 21 26 
29 0 11 0 1 20 1 0 10 1 19 37 0 0 35 28 1 26 38 22 
1 12 0 0 14 16 6 0 30 16 19 0 39 17 0 29 0 30 25 25 
1 29 16 0 28 14 25 19 16 22 34 0 1 6 22 37 10 8 0 37 
1 32 3 0 0 10 16 26 30 22 34 2 30 35 9 29 27 0 29 10 
0 1 13 15 32 0 11 20 39 32 21 26 11 31 9 1 14 0 0 23 
11 2 12 2 19 1 0 22 9 16 0 0 37 1 5 34 6 0 8 0 
37 31 11 1 13 26 9 0 3 23 35 3 18 34 14 1 8 29 23 36 
28 35 31 39 1 0 0 11 0 26 35 0 34 34 13 1 31 1 1 18 
0 37 35 1 20 29 4 3 1 0 20 31 1 4 13 12 3 30 19 8 
14 13 35 36 37 0 1 31 23 1 0 22 25 31 15 27 28 8 10 18 
0 13 0 36 11 29 22 13 8 14 32 0 3 25 38 1 0 16 17 17 
27 20 30 17 0 0 12 7 29 30 32 21 0 1 35 13 4 1 0 17 
36 29 13 30 27 34 33 21 12 5 17 9 17 0 35 0 28 31 15 30 
22 29 0 0 22 21 16 27 1 6 0 4 24 39 0 28 2 1 39 32 
0 0 15 21 18 0 1 27 19 1 4 17 24 1 27 0 10 2 28 3 
24 34 27 21 16 30 0 1 19 1 30 18 29 30 1 0 0 14 26 0 
0 1 16 21 8 31 31 15 0 30 4 36 3 37 21 8 25 0 29 0 
8 18 16 19 29 1 4 29 1 0 0 0 31 22 0 0 33 10 0 0 
33 1 21 6 15 11 13 20 25 15 20 21 1 31 37 12 14 39 4 0 
