1
30
0 0 18 55 5 27 30 1 42 0 14 7 2 50 0 51 31 23 35 5 44 1 0 36 29 18 42 6 6 55 
17 0 0 44 28 54 34 52 50 1 15 23 6 38 25 58 28 30 1 0 0 47 0 46 49 53 35 47 37 20 
6 22 0 5 44 16 42 4 57 1 16 19 55 20 32 1 8 4 0 22 59 24 0 33 26 7 14 1 49 59 
31 1 0 0 8 0 37 3 46 42 1 1 38 57 33 1 0 24 9 53 2 7 23 2 38 1 22 17 42 49 
13 49 4 39 0 39 53 1 36 36 41 3 1 35 0 42 54 44 1 42 23 2 0 1 47 23 18 5 14 8 
2 20 12 15 41 0 0 54 1 47 15 16 51 9 17 0 19 21 59 12 16 1 10 7 35 16 1 51 47 31 
0 7 53 43 28 27 0 13 52 4 35 17 1 16 39 20 0 37 35 8 1 27 17 31 1 0 46 15 24 10 
4 10 1 5 1 23 1 0 17 58 2 3 1 5 10 58 44 0 16 0 9 26 59 40 0 0 0 33 1 21 
53 34 0 0 48 7 53 0 0 13 0 10 39 1 54 26 17 40 35 37 46 46 39 0 9 23 25 14 8 43 
14 40 40 0 18 4 47 47 48 0 21 17 5 0 48 1 24 30 1 46 17 1 12 0 1 58 1 22 1 9 
57 44 57 51 51 1 32 1 59 20 0 15 0 35 46 0 18 27 25 23 43 56 12 56 0 37 50 46 25 50 
1 25 55 55 45 0 55 44 40 43 39 0 58 43 11 2 30 16 46 50 1 6 57 8 43 1 25 1 36 58 
24 23 41 36 55 1 36 23 46 36 57 0 0 51 0 9 5 11 53 0 40 37 25 35 27 12 35 16 50 20 
1 20 51 21 24 33 34 25 1 1 21 6 5 0 33 1 10 59 12 11 6 12 25 6 31 34 6 56 1 0 
1 0 41 40 0 22 23 39 24 54 40 2 0 58 0 28 1 6 1 0 13 50 26 14 49 6 59 25 58 32 
1 1 0 7 29 15 15 0 6 59 51 33 38 0 0 0 2 0 1 7 34 38 34 0 1 41 13 57 37 10 
32 1 21 6 1 10 1 41 56 1 0 22 21 39 6 23 0 38 1 6 1 43 0 20 7 2 54 15 46 48 
25 1 6 40 0 1 1 24 27 0 6 0 30 50 0 50 13 0 34 4 8 0 40 13 49 38 52 11 52 28 
1 0 0 55 41 1 19 57 0 0 7 1 1 32 48 22 3 26 0 15 11 0 49 28 25 6 54 0 0 54 
15 53 46 3 0 25 28 0 42 25 5 17 47 1 17 17 56 21 1 0 40 40 0 25 45 10 36 44 57 40 
26 40 7 23 15 9 43 33 16 1 31 36 1 53 0 53 0 2 51 3 0 42 8 38 57 31 17 25 15 37 
45 7 4 4 49 7 56 39 29 0 0 47 1 51 40 46 1 54 27 47 0 0 28 0 0 59 47 56 33 1 
16 21 16 35 25 1 1 13 9 0 0 41 1 1 5 12 1 35 59 28 19 21 0 57 40 34 8 8 34 21 
25 1 14 12 1 55 42 14 59 22 38 38 52 21 43 53 51 18 14 13 36 53 23 0 1 42 58 8 27 43 
2 46 48 25 27 31 35 15 0 29 25 0 45 20 36 38 1 37 33 20 3 19 0 1 0 39 0 42 40 0 
21 48 44 5 1 32 0 0 51 41 27 1 1 55 0 14 31 13 40 0 43 0 0 39 58 0 26 23 1 1 
19 40 46 0 41 43 59 17 18 45 41 2 29 0 38 26 0 12 0 56 32 42 0 1 0 1 0 58 0 48 
27 58 29 35 40 0 0 24 12 50 53 41 0 49 37 15 25 0 7 23 28 21 29 55 7 20 1 0 20 1 
18 0 22 22 18 38 1 57 24 39 1 0 35 10 25 3 9 0 40 0 30 52 0 0 0 10 12 17 0 1 
54 21 50 1 0 1 19 55 38 0 0 54 15 55 0 1 5 53 0 14 14 24 26 46 0 12 30 1 3 0 
