1
70
0 0 85 80 99 24 88 76 69 1 66 1 129 0 1 0 18 83 44 0 0 122 0 82 12 1 91 59 31 114 39 0 48 61 22 112 1 73 111 31 78 42 0 1 139 0 0 20 55 14 1 61 1 50 60 66 1 20 0 113 79 67 70 40 45 0 32 0 98 74 
86 0 27 1 66 71 72 52 63 105 118 27 101 64 134 63 112 123 0 47 139 32 84 80 74 107 1 64 42 1 36 88 75 121 76 127 31 1 1 28 91 83 77 47 7 73 0 0 0 102 81 48 100 41 88 136 115 99 77 45 94 72 28 0 0 117 119 135 0 1 
2 94 0 106 0 71 22 137 98 123 1 139 134 90 52 71 90 93 66 0 14 121 48 71 1 1 27 130 61 0 1 21 8 72 107 38 0 1 0 120 1 97 35 0 0 95 15 1 81 1 91 46 80 0 30 125 0 0 1 27 77 136 64 92 19 27 0 1 99 1 
1 0 22 0 63 76 0 138 27 106 89 13 107 1 138 51 61 57 56 105 118 56 10 90 122 94 122 8 5 1 76 102 109 78 1 30 45 134 0 121 41 25 125 0 1 1 98 1 76 19 118 107 25 1 0 1 114 96 1 1 120 38 8 79 101 104 82 68 132 107 
34 0 60 55 0 83 22 94 96 0 7 1 0 135 88 29 71 52 74 20 45 0 87 113 40 79 87 0 0 83 74 86 65 23 32 67 49 19 3 0 1 1 21 84 115 139 0 5 0 128 138 0 0 114 1 0 63 0 135 0 0 0 1 64 27 41 63 73 79 36 
10 120 128 0 1 0 46 68 1 49 0 41 1 0 75 82 116 98 0 101 96 8 84 95 78 131 53 121 114 11 3 17 0 50 85 104 1 52 12 0 111 139 1 5 0 1 1 0 106 5 120 89 0 90 117 15 98 60 135 7 122 52 130 10 27 1 36 1 88 72 
65 1 89 1 93 129 0 44 55 0 93 98 16 0 49 94 27 121 24 36 83 2 0 0 70 12 134 91 137 80 130 47 62 1 115 61 115 76 108 1 63 31 55 121 122 47 29 62 123 4 0 10 107 125 29 63 60 1 61 1 1 17 1 75 0 62 1 68 137 70 
24 29 1 87 18 58 125 0 43 136 121 7 57 104 13 36 89 39 46 105 0 129 32 0 85 1 134 130 107 48 120 11 0 61 0 138 0 18 67 0 106 9 0 1 100 12 0 41 13 137 135 1 131 84 104 0 68 6 30 130 1 120 0 75 1 0 80 32 18 0 
42 64 139 13 57 71 132 139 0 47 103 28 107 76 21 128 93 84 1 28 10 57 125 65 1 52 57 39 1 69 111 86 126 0 138 82 105 12 72 72 64 1 0 57 44 65 126 1 0 67 65 115 68 8 132 46 45 108 105 99 69 32 1 1 1 92 32 0 1 0 
37 1 137 0 90 133 1 57 0 0 83 75 63 86 45 70 0 30 80 58 99 96 31 104 70 57 18 101 0 0 0 75 5 68 70 0 105 36 45 115 33 84 1 79 1 0 57 126 1 106 114 1 0 0 0 111 2 1 56 58 1 108 1 78 9 126 0 12 1 63 
71 57 94 128 33 72 114 0 29 52 0 89 72 71 3 94 4 56 1 15 42 75 38 136 61 63 1 79 110 110 132 60 70 14 9 97 86 19 25 1 0 21 55 1 1 1 28 0 1 92 23 53 2 136 132 13 76 1 3 51 45 0 25 8 50 33 87 72 59 1 
124 0 69 95 49 0 88 99 18 23 121 0 80 51 0 103 22 6 82 57 0 10 46 0 95 6 111 94 43 1 0 0 97 0 62 33 0 117 77 130 72 0 124 13 120 1 63 52 1 0 44 135 70 55 0 132 0 110 86 72 27 79 7 12 16 74 55 55 4 0 
70 1 137 95 122 91 132 7 68 122 120 42 0 1 24 1 136 35 97 11 14 60 97 0 132 107 31 0 26 66 131 79 1 93 70 87 0 1 48 131 137 14 137 104 109 116 0 0 24 2 99 22 81 109 114 131 106 54 0 73 1 0 35 1 10 106 31 0 53 90 
99 133 129 1 0 0 1 90 1 57 91 24 107 0 61 12 54 100 0 30 75 1 89 16 0 0 1 0 1 118 92 136 6 1 111 85 121 73 9 0 1 93 14 104 0 22 20 41 0 10 106 124 25 31 1 79 0 72 12 71 9 116 91 42 1 125 5 32 34 10 
105 9 115 81 126 1 96 54 101 92 2 16 21 69 0 53 13 107 82 117 111 1 117 122 22 1 1 82 1 49 71 0 0 101 138 85 32 136 86 47 49 55 114 80 94 97 14 6 121 56 73 86 29 134 56 1 129 136 29 1 135 126 1 112 82 115 137 126 90 1 
98 87 13 33 85 0 120 50 0 1 0 89 56 111 4 0 0 0 27 44 111 13 133 53 1 69 75 80 104 60 121 55 124 136 1 114 94 124 2 76 92 83 0 113 47 1 81 13 0 59 108 1 126 35 17 90 54 108 47 2 98 1 66 75 134 139 68 24 80 31 
68 69 77 122 62 26 124 117 121 0 36 0 46 0 7 103 0 51 61 26 35 88 90 45 90 64 110 129 1 34 1 57 19 96 0 44 1 49 99 20 31 88 136 86 14 0 105 1 42 47 1 84 127 1 0 46 61 0 24 70 131 112 98 32 0 23 11 37 3 116 
109 2 0 1 87 12 50 1 101 117 49 75 82 83 6 1 138 0 1 91 32 3 11 106 4 24 24 95 0 0 116 30 43 69 22 84 56 1 113 12 1 115 47 104 98 137 90 0 31 64 0 1 123 112 124 110 128 65 1 45 2 31 130 83 93 1 68 128 74 10 
99 20 1 117 45 51 106 43 0 94 70 139 74 0 90 15 111 137 0 7 10 84 61 89 0 0 39 61 49 46 110 17 79 117 57 0 83 44 84 87 39 21 0 37 119 46 120 92 84 118 68 35 118 59 126 132 126 1 57 31 106 1 37 1 12 1 101 120 13 110 
13 88 125 31 9 90 84 75 116 14 1 22 99 65 75 25 128 0 1 0 1 86 1 37 91 1 112 125 119 126 24 0 81 18 70 42 112 120 87 19 52 0 0 131 27 9 63 1 5 127 63 1 127 0 55 87 0 55 58 76 78 0 44 1 77 83 97 127 114 0 
73 8 119 0 27 51 88 112 56 32 97 1 1 26 130 119 75 57 92 64 0 96 32 1 1 137 107 85 11 49 13 1 126 30 107 68 86 1 0 0 132 13 67 33 3 114 135 0 111 1 118 19 12 1 50 81 1 1 53 125 0 131 106 0 1 1 1 136 41 1 
0 94 100 42 26 12 0 88 70 53 0 4 123 66 78 80 68 68 1 3 121 0 47 1 136 70 0 0 58 12 46 69 61 0 43 66 1 67 21 1 49 79 85 139 84 38 131 7 0 69 136 72 113 27 44 0 87 101 38 65 35 3 118 89 68 9 37 133 0 1 
56 118 115 78 1 21 78 107 47 30 44 71 12 78 4 68 104 37 136 131 84 18 0 84 26 1 71 17 6 66 60 30 43 77 66 88 107 89 1 68 133 31 0 121 0 0 8 10 124 0 9 133 88 91 43 66 30 22 0 12 0 120 1 1 88 26 32 38 23 88 
85 0 73 129 65 47 93 0 1 1 86 64 13 0 104 41 103 78 0 0 130 1 136 0 119 62 75 72 129 22 70 1 71 0 0 1 38 0 138 127 0 21 49 106 3 49 1 61 101 86 88 1 37 63 2 23 3 82 21 41 0 97 93 0 80 1 95 104 1 138 
67 28 85 105 124 100 1 30 0 67 133 35 112 118 0 4 29 1 0 98 0 124 0 23 0 122 37 91 0 53 1 32 138 103 70 0 0 60 14 1 102 42 129 52 0 35 21 1 0 52 64 93 11 93 103 60 0 111 65 116 130 85 0 7 1 9 85 8 121 0 
0 10 47 82 92 134 110 64 94 74 95 50 0 37 75 35 37 1 116 0 83 62 47 111 77 0 0 139 58 1 40 107 26 24 1 23 82 50 1 26 78 132 77 1 35 0 7 0 102 16 62 73 103 67 107 11 100 135 0 0 98 106 78 0 123 1 59 121 56 0 
55 68 42 105 0 85 134 52 0 57 80 31 1 138 94 102 0 17 15 34 60 0 0 1 0 129 0 23 131 9 56 0 1 21 19 52 1 74 36 33 23 70 1 130 1 12 139 86 72 95 8 8 1 1 72 3 0 125 129 107 1 105 1 0 0 28 133 0 0 58 
62 103 41 0 8 67 94 37 40 57 0 78 119 114 57 80 18 111 136 111 129 30 0 57 122 96 54 0 138 10 113 64 139 66 124 64 53 103 1 88 75 126 109 0 1 23 130 54 37 50 55 99 132 37 99 0 117 107 129 1 25 82 95 0 23 1 1 121 28 46 
64 73 80 76 57 98 0 1 43 79 133 71 1 93 42 62 98 98 0 40 132 55 89 98 7 55 34 36 0 101 57 43 42 110 41 107 0 106 71 113 36 0 9 24 52 101 0 11 0 63 1 115 53 94 0 53 132 9 54 2 0 78 23 79 1 41 14 39 0 106 
0 83 68 60 6 81 92 43 1 49 1 15 1 0 1 36 16 61 59 59 99 26 1 65 69 103 0 118 57 0 100 33 92 81 130 68 130 65 50 1 11 67 118 0 0 1 27 121 112 80 0 1 29 93 21 14 128 40 24 6 111 0 36 1 69 137 64 67 9 29 
89 1 28 45 1 20 112 98 129 8 0 35 38 0 48 128 5 40 44 111 17 107 12 62 82 47 85 56 116 81 0 117 70 5 77 28 1 38 10 43 1 124 79 119 1 0 60 44 0 1 1 1 55 38 1 0 9 117 134 133 82 121 26 37 124 49 98 0 19 18 
13 103 1 125 3 1 92 85 124 62 82 0 1 1 1 1 34 4 106 55 84 50 10 0 106 1 4 109 111 70 126 0 113 127 64 82 26 106 28 64 19 0 59 32 124 0 7 88 0 47 43 3 36 43 1 4 0 0 98 109 25 97 105 139 24 134 1 72 0 19 
104 131 10 108 0 0 132 0 137 0 0 78 63 49 57 56 47 6 1 1 63 48 0 92 54 45 137 3 43 6 58 137 0 115 49 21 99 1 47 56 70 37 62 1 134 41 9 45 103 26 38 41 1 1 121 86 1 137 113 113 125 0 21 99 51 11 0 1 0 127 
4 135 4 24 30 63 1 23 108 111 116 96 101 117 1 48 137 9 0 63 65 73 1 135 1 28 100 20 114 1 0 17 93 0 128 125 0 125 0 100 107 79 78 90 89 0 40 91 59 24 133 133 80 101 16 0 0 123 39 66 68 41 1 2 0 49 26 77 0 106 
90 0 113 117 0 109 84 1 107 67 1 50 78 128 0 62 1 0 0 19 12 1 115 65 117 131 98 131 1 27 131 17 43 117 0 100 46 87 68 0 9 28 0 80 1 26 31 128 136 139 46 6 0 80 17 1 0 115 1 129 1 0 24 109 1 134 56 97 98 130 
112 0 3 1 92 16 126 26 69 0 83 99 15 1 58 106 130 72 111 24 31 1 28 114 0 1 70 46 80 20 120 42 1 73 0 0 134 0 129 94 57 23 1 125 0 95 0 97 51 56 136 76 66 4 138 96 77 39 126 38 0 95 109 11 0 131 6 13 1 63 
111 1 3 0 48 135 63 1 60 32 27 65 42 37 122 112 19 0 72 87 8 93 1 26 61 1 132 1 123 129 21 113 31 104 18 10 0 80 39 53 7 40 138 85 10 128 10 72 93 61 47 86 97 108 86 0 0 14 97 11 0 125 90 41 28 115 136 137 0 94 
118 139 120 73 0 129 49 84 93 25 128 1 11 55 64 1 57 0 0 35 15 14 1 93 106 20 28 1 58 7 0 32 125 25 82 49 3 0 42 22 44 129 74 64 11 107 23 0 1 0 0 76 21 120 53 68 96 94 132 19 1 1 1 93 2 99 87 42 1 0 
127 0 131 0 1 5 38 120 85 1 1 89 1 0 60 0 70 107 101 116 22 1 77 63 44 70 34 122 101 104 1 102 56 111 76 104 58 1 0 33 0 17 1 129 110 0 100 41 68 5 0 51 132 0 72 82 132 8 0 38 12 1 0 139 112 20 34 50 33 130 
92 58 124 12 84 42 1 0 80 116 78 31 0 26 1 88 73 116 20 126 109 98 32 96 121 16 0 81 129 85 46 102 0 66 63 40 11 111 0 0 63 7 30 67 118 1 1 46 82 108 28 30 80 118 5 0 32 132 44 58 91 127 117 80 27 37 28 32 0 0 
25 0 4 59 132 54 70 122 0 129 23 36 106 1 0 0 20 68 1 136 120 41 123 133 91 1 6 76 0 96 86 0 0 13 37 69 1 0 132 1 0 64 100 57 130 120 133 0 129 53 62 112 81 79 118 1 0 66 1 0 107 0 46 111 107 14 76 30 131 1 
65 2 113 0 0 4 58 64 0 0 2 36 116 0 1 30 3 118 26 121 44 29 127 0 76 60 14 62 106 0 61 21 44 104 102 111 16 72 61 82 41 0 15 32 123 92 10 67 106 118 38 20 70 40 43 1 0 119 138 65 57 36 115 49 42 1 62 38 86 87 
0 52 85 27 102 44 0 127 28 132 89 37 61 133 108 73 60 46 135 85 0 0 44 81 1 48 38 55 77 123 49 82 123 1 6 1 133 0 138 135 0 126 0 42 106 0 5 31 92 68 9 1 26 133 32 29 16 1 0 65 64 1 97 0 35 31 1 18 126 22 
112 0 48 48 68 120 68 0 102 60 58 1 31 1 10 40 49 1 16 112 4 27 132 84 13 77 1 1 45 0 1 63 0 1 120 46 0 14 74 1 0 5 0 0 21 93 16 74 41 30 83 23 93 77 96 93 68 121 0 103 84 40 82 76 57 137 45 45 123 89 
22 58 118 72 63 1 44 22 120 2 103 53 1 79 1 64 0 0 67 86 125 21 39 51 29 0 127 21 97 74 92 69 8 126 99 0 1 39 24 38 0 1 1 1 0 29 131 121 44 0 105 114 29 114 1 122 135 46 44 1 33 0 22 11 88 1 31 123 104 82 
49 99 68 118 118 26 52 3 75 1 104 70 71 3 0 55 99 136 1 108 68 106 132 131 86 104 76 1 76 126 6 115 14 66 0 130 1 8 31 1 1 66 42 123 0 0 39 25 113 0 137 0 71 17 1 1 43 48 97 115 1 0 108 11 33 61 92 88 0 133 
62 16 1 14 36 1 108 16 118 0 1 66 0 45 44 109 103 16 40 26 45 69 111 0 100 0 1 45 76 103 112 16 55 1 118 112 22 10 109 0 88 124 58 62 45 5 0 91 0 103 80 128 18 14 116 114 51 30 0 109 128 100 71 91 120 39 3 90 105 32 
1 82 0 0 108 1 12 117 93 89 10 1 79 94 29 66 51 0 56 93 94 6 11 42 0 118 11 1 46 109 40 32 18 36 1 74 1 74 0 20 19 23 124 53 130 18 11 0 110 3 104 56 37 24 25 129 25 77 79 106 137 92 0 0 48 1 67 5 20 109 
131 1 42 77 135 16 122 0 2 124 78 71 21 65 14 48 64 36 29 41 1 70 0 0 24 71 120 133 64 25 1 13 16 85 119 1 107 1 71 60 23 125 137 38 1 56 0 119 0 0 77 106 58 118 26 59 4 80 103 106 8 93 71 0 94 27 131 127 6 13 
71 81 0 129 108 48 84 37 61 109 48 127 88 8 78 93 3 75 27 62 0 125 115 55 122 133 69 55 0 6 67 117 14 1 13 45 17 1 99 95 105 132 39 115 51 0 1 0 1 0 88 1 132 13 3 126 8 1 115 1 61 5 10 85 110 136 56 139 0 131 
92 109 1 0 0 107 57 3 11 135 30 27 0 105 0 104 33 22 51 14 118 88 57 92 0 1 125 138 113 118 15 1 88 1 3 0 92 1 98 1 22 0 90 1 10 105 38 93 97 81 0 128 55 83 134 52 1 1 25 95 125 1 9 115 130 107 128 37 38 58 
92 113 0 89 98 58 0 112 1 131 49 52 1 0 62 62 135 1 107 1 96 7 127 1 132 100 134 0 119 31 137 0 108 4 131 64 48 108 75 121 0 123 112 42 90 0 90 95 100 116 29 0 106 65 47 137 115 54 20 3 70 0 0 76 32 21 9 0 135 0 
13 13 18 82 2 0 7 79 1 37 0 125 0 126 0 1 85 82 20 58 59 0 1 59 1 106 1 9 63 14 27 1 0 109 133 55 36 82 21 59 9 88 0 138 20 16 36 48 42 45 66 62 0 107 115 22 14 0 45 123 3 68 1 38 9 56 56 14 129 127 
0 102 13 1 121 2 0 93 92 138 130 61 97 57 133 20 25 79 1 0 0 0 1 0 85 129 48 0 44 13 31 45 49 76 7 98 22 1 116 1 59 40 72 88 107 1 136 38 44 116 34 36 26 0 82 108 36 67 84 106 28 120 59 110 0 12 1 34 95 138 
17 112 56 75 125 103 26 1 128 111 33 0 105 1 15 52 1 28 72 0 64 82 124 83 1 0 1 92 54 1 1 1 6 0 126 57 130 9 18 9 0 110 53 12 1 10 23 95 32 106 1 100 1 71 0 56 90 78 1 1 1 40 61 75 39 36 0 11 1 64 
38 129 127 72 76 0 82 111 72 102 26 1 97 1 1 68 55 0 134 0 0 48 111 0 85 84 57 69 1 21 116 0 94 51 75 59 66 81 1 55 39 131 21 134 102 93 29 5 1 84 89 54 27 130 84 0 70 119 75 0 45 1 1 80 3 128 1 126 107 1 
1 139 84 71 0 130 42 1 10 99 0 138 99 88 114 113 89 10 17 5 97 122 0 128 7 1 1 82 56 26 124 136 54 30 19 1 102 65 73 3 107 1 139 1 1 63 34 12 26 1 9 1 3 1 1 94 0 26 7 0 100 131 134 14 69 0 7 104 1 84 
45 107 38 109 1 9 116 51 105 78 56 1 78 133 20 126 78 0 0 71 9 59 106 0 86 91 56 64 29 0 135 124 29 100 0 122 27 131 102 68 35 121 51 0 4 0 5 93 24 64 74 37 3 73 1 1 126 0 1 105 1 15 12 1 0 51 93 5 44 1 
1 75 59 81 53 0 92 71 94 65 27 128 17 38 53 11 1 11 112 91 18 109 0 0 127 110 94 29 25 128 1 0 113 53 25 1 52 0 5 0 0 98 0 0 90 9 113 100 1 40 120 49 8 1 104 101 124 68 0 0 107 1 18 31 77 105 65 21 59 74 
109 7 0 1 45 56 61 68 84 66 1 70 79 0 129 7 0 13 27 94 81 2 123 105 71 130 90 65 0 58 42 22 14 94 0 136 63 59 0 64 1 0 2 114 4 16 44 0 79 70 115 54 22 29 130 125 0 0 127 0 21 97 0 0 32 36 135 0 42 28 
8 95 52 54 73 41 43 45 1 39 118 20 34 62 0 14 32 9 97 88 117 83 44 0 0 100 20 106 43 89 133 1 132 132 27 0 34 110 0 119 0 33 0 61 37 14 39 0 128 79 44 41 123 43 99 135 0 91 83 48 0 56 18 21 11 74 114 89 55 100 
72 29 36 122 1 76 48 101 53 122 84 1 115 112 66 0 90 122 3 88 0 128 3 93 0 0 38 102 92 58 17 0 104 76 2 1 139 56 4 118 108 9 45 20 90 104 79 22 119 69 1 86 92 1 1 34 8 1 1 0 44 0 64 127 27 16 7 48 0 43 
24 51 48 118 0 136 4 28 0 50 86 9 125 111 67 43 47 119 122 1 123 0 29 93 19 44 1 0 128 90 134 0 66 0 108 67 104 1 48 35 0 0 0 97 76 1 18 138 1 105 2 59 0 13 1 65 55 124 128 112 2 0 0 1 0 103 1 18 0 1 
74 1 11 138 78 94 125 5 2 77 0 33 19 112 25 34 1 15 82 28 106 41 0 105 109 116 10 38 1 121 13 120 12 1 0 28 17 27 118 1 0 73 36 37 0 96 19 29 9 13 71 115 62 4 0 136 18 23 68 0 9 0 0 0 46 98 10 134 73 130 
62 89 40 93 0 1 1 79 14 130 89 40 50 102 61 28 15 59 1 99 31 1 44 0 20 10 38 123 1 117 32 49 98 2 7 126 1 1 30 1 71 139 18 134 96 10 42 17 102 118 114 105 0 0 131 59 133 8 129 104 91 0 97 1 0 93 1 9 1 63 
6 0 0 1 106 85 24 114 1 73 2 0 1 1 124 105 1 112 28 92 0 1 1 1 77 55 0 55 1 135 81 96 28 139 0 29 46 9 92 1 95 116 20 1 61 97 0 26 15 124 88 0 59 16 19 1 44 95 62 117 16 48 0 83 81 0 47 79 0 122 
44 47 1 114 35 23 1 0 1 94 81 87 112 97 118 0 1 1 0 138 1 125 1 100 114 8 67 126 4 1 78 34 35 1 125 53 15 0 7 88 57 21 57 9 110 135 14 129 0 64 0 42 126 0 25 57 1 78 78 83 0 37 130 53 1 0 0 133 0 74 
82 1 88 1 77 83 76 121 1 91 1 68 82 95 0 63 44 113 68 0 97 60 39 1 105 1 1 43 38 93 133 23 84 6 86 29 118 17 109 89 1 105 1 124 109 1 1 131 88 1 126 61 106 52 69 131 122 1 25 0 26 62 85 116 38 15 1 0 101 120 
133 96 126 43 44 139 1 14 1 1 80 55 105 134 12 106 1 82 94 58 1 80 21 0 33 1 0 118 127 80 1 50 1 65 105 111 0 1 72 66 32 124 0 111 2 4 113 28 12 4 128 124 60 108 32 1 55 0 122 38 1 2 103 116 0 41 1 0 0 126 
81 0 13 1 109 34 101 45 0 1 89 91 79 15 1 69 58 65 1 138 127 79 120 70 1 92 1 1 1 0 0 0 47 104 94 0 136 106 13 133 29 49 1 0 70 132 1 113 42 96 21 35 92 37 81 3 127 86 48 45 80 85 4 1 51 0 101 92 0 0 
