1
20
0 2 20 13 23 1 24 27 11 26 33 34 37 25 0 0 0 1 14 17 
10 0 29 28 19 17 16 9 23 5 7 39 22 4 34 25 0 26 35 23 
0 17 0 30 1 39 1 8 1 15 32 34 1 0 39 1 2 26 21 8 
6 1 29 0 0 0 12 8 21 23 1 5 0 15 6 5 35 24 0 30 
27 31 0 1 0 14 2 14 1 24 16 16 37 39 35 14 0 5 0 17 
31 14 10 1 0 0 37 11 33 6 0 6 28 22 8 1 1 10 6 0 
1 9 1 39 35 1 0 0 0 1 32 16 28 36 31 1 13 9 9 30 
17 29 9 3 16 1 18 0 6 11 18 34 0 0 9 1 0 1 1 6 
1 0 12 5 25 18 13 25 0 5 37 35 0 26 0 7 0 31 13 10 
26 14 0 8 22 22 0 1 1 0 0 17 0 0 36 25 6 8 8 26 
20 1 1 31 7 38 28 29 1 24 0 0 15 1 0 26 14 15 33 19 
14 0 3 19 1 16 35 0 0 21 2 0 1 28 39 32 21 30 19 6 
1 2 10 1 17 1 4 34 21 21 0 26 0 1 22 37 38 2 14 17 
39 25 0 39 11 24 32 36 3 12 8 0 38 0 26 15 14 1 22 33 
24 27 6 1 1 9 1 28 14 39 0 11 10 23 0 17 28 30 33 28 
1 8 1 18 15 33 1 0 27 1 13 24 16 39 32 0 18 37 39 2 
1 7 1 0 1 0 16 23 16 36 23 1 17 3 27 3 0 13 38 30 
26 21 13 0 31 33 9 0 32 31 9 1 34 13 0 1 13 0 1 24 
24 4 1 38 26 26 1 0 4 0 25 24 7 4 1 38 19 28 0 4 
8 5 18 0 1 6 0 16 21 11 21 1 1 1 39 0 30 11 23 0 
