1
30
0 20 27 0 15 3 0 16 9 51 49 48 12 32 1 40 9 19 57 49 6 28 6 3 28 39 52 15 13 0 
0 0 19 28 51 0 2 57 0 0 15 19 4 8 21 1 56 31 16 0 27 38 0 35 41 58 1 35 56 10 
40 1 0 17 17 7 47 26 1 12 45 26 12 21 21 17 25 29 19 0 14 10 11 36 25 17 1 27 1 26 
35 31 1 0 26 1 20 46 48 40 1 1 0 0 13 1 35 58 52 31 6 58 1 10 0 29 48 38 36 42 
53 12 1 6 0 1 29 37 2 9 21 8 27 1 43 47 57 0 45 35 1 0 38 31 49 21 1 0 34 31 
54 52 1 48 36 0 56 14 57 59 32 37 28 26 0 58 0 1 31 7 32 1 48 50 20 1 33 1 6 50 
26 0 0 31 23 27 0 44 0 44 1 28 6 0 30 33 37 35 45 1 1 5 0 32 38 13 0 27 1 42 
0 35 1 6 10 1 38 0 0 50 1 0 1 45 49 0 5 25 58 30 43 1 52 32 57 13 33 0 2 4 
29 58 1 1 1 34 32 59 0 1 22 19 31 1 32 41 14 16 21 33 27 16 1 34 52 0 17 28 32 47 
43 1 44 40 29 51 1 50 21 0 10 1 1 28 1 34 29 7 0 57 15 44 30 1 50 1 13 3 47 1 
1 31 27 0 54 4 29 17 37 49 0 50 42 1 14 1 35 1 23 40 57 41 8 49 18 50 0 35 1 1 
18 1 0 1 1 55 1 47 0 41 45 0 19 0 20 55 7 50 1 36 37 46 1 26 0 16 26 0 1 0 
0 38 1 1 21 0 1 55 18 43 21 22 0 2 20 57 40 56 31 0 0 8 35 47 17 51 1 38 7 56 
28 19 12 34 29 55 27 3 2 58 31 0 36 0 1 34 7 18 54 1 15 29 10 18 5 35 48 27 1 50 
28 12 38 1 1 19 46 28 28 23 31 2 51 17 0 0 0 1 48 16 53 49 1 4 1 5 41 31 46 1 
10 43 50 0 28 1 0 12 37 1 1 5 0 52 11 0 40 50 43 9 7 56 23 33 19 0 51 13 55 40 
18 33 48 36 0 52 35 25 46 4 39 0 1 0 10 20 0 26 0 1 22 3 5 40 2 1 0 7 19 9 
20 56 34 23 2 45 11 29 0 30 0 58 39 0 40 27 19 0 1 32 1 57 23 1 0 8 6 58 4 51 
0 34 19 50 10 2 0 51 4 53 10 48 21 57 9 0 19 22 0 43 30 0 20 2 9 0 41 8 43 16 
39 39 25 33 17 2 58 32 55 1 33 33 23 48 1 5 7 1 38 0 0 4 50 51 0 0 50 50 1 49 
31 11 1 55 54 16 0 1 46 1 32 40 20 26 19 0 26 28 37 9 0 57 55 48 2 18 19 24 34 51 
58 23 26 55 0 2 53 37 1 37 44 1 36 33 21 33 41 1 9 3 55 0 4 37 3 5 50 5 15 27 
2 1 54 4 5 11 18 55 37 9 4 0 15 1 46 14 41 17 0 55 53 42 0 50 4 6 0 16 36 55 
9 46 44 16 0 28 23 0 19 26 12 39 0 1 27 0 21 22 36 57 51 28 1 0 50 0 57 46 58 18 
22 49 41 0 37 56 26 1 34 33 1 50 37 40 51 37 58 34 50 43 1 1 0 0 0 50 14 45 46 55 
51 13 46 52 15 0 19 0 33 11 57 55 48 43 0 56 1 13 46 5 34 1 1 0 0 0 1 0 3 57 
24 24 49 45 0 28 0 35 0 39 0 36 1 0 26 18 18 24 57 0 30 0 27 48 12 59 0 16 16 0 
17 1 0 1 1 58 1 29 19 15 5 1 36 54 55 0 13 11 59 3 26 7 28 22 44 38 0 0 0 0 
0 1 45 18 25 53 34 0 22 51 49 18 17 55 52 26 12 3 24 50 20 53 20 1 14 55 5 26 0 6 
5 18 0 28 56 35 37 18 1 1 16 38 59 36 52 7 49 36 29 30 13 1 49 0 3 22 1 55 51 0 
