1
90
0 19 3 84 0 1 21 49 170 15 0 81 0 129 161 0 0 41 6 48 151 125 133 1 0 81 12 1 1 176 1 67 114 130 42 12 47 63 29 7 168 4 54 132 0 97 116 79 1 8 176 1 97 152 38 32 79 120 102 7 112 86 1 37 98 1 1 57 104 82 131 95 113 96 85 132 1 65 90 0 1 158 76 59 170 141 86 12 99 1 
44 0 54 0 173 0 38 69 158 158 0 104 30 19 179 0 62 1 1 84 42 34 41 2 1 118 132 1 99 1 153 69 112 53 105 83 128 95 50 9 56 65 34 53 23 100 80 113 161 103 79 124 101 30 178 28 157 167 120 148 0 127 151 143 55 64 0 0 164 138 88 146 172 0 0 0 7 1 80 176 1 28 22 102 0 1 0 0 25 178 
150 80 0 170 150 13 24 51 0 138 163 30 83 1 47 78 152 97 71 76 133 154 0 98 29 1 175 144 152 125 146 172 94 32 90 32 4 176 167 1 93 47 57 171 0 46 1 162 20 21 95 161 77 108 66 55 8 158 30 65 129 150 167 1 43 123 47 1 131 1 60 5 146 134 0 48 36 173 160 97 0 101 167 0 44 92 0 0 158 165 
128 159 1 0 16 4 108 1 0 28 105 10 98 12 77 0 139 125 12 155 1 176 162 0 82 104 72 157 1 111 1 67 135 35 10 57 48 149 0 121 2 66 122 58 51 144 115 64 96 37 82 159 68 1 173 60 173 102 54 164 130 31 35 71 73 57 127 71 108 1 125 23 90 44 174 41 1 101 1 97 0 63 107 146 1 64 0 146 146 3 
117 169 173 142 0 56 114 73 10 0 0 146 80 84 75 148 122 41 0 163 55 121 163 32 0 137 97 0 67 118 133 0 0 89 26 115 0 19 33 26 172 121 84 1 139 134 73 106 169 83 137 110 0 1 40 164 1 34 78 152 13 1 0 99 1 18 65 67 8 92 163 0 70 71 88 36 0 0 75 151 18 178 109 97 160 120 109 6 22 100 
41 1 0 0 103 0 164 110 45 125 94 123 81 0 1 98 1 0 157 155 113 81 66 20 1 11 45 28 20 118 0 136 22 1 14 19 1 0 78 155 8 42 143 147 54 40 107 15 88 1 70 1 174 0 154 0 0 0 0 21 56 123 35 103 56 96 0 45 137 101 1 162 112 59 146 0 12 44 94 160 167 1 65 21 158 83 1 43 155 1 
47 1 1 97 134 0 0 85 0 1 1 1 159 142 23 1 23 2 0 158 0 75 29 172 0 1 119 1 89 96 0 153 41 0 154 98 30 164 76 125 32 12 149 110 86 142 0 101 50 153 59 163 70 62 159 1 26 0 104 179 59 144 55 151 116 58 49 1 34 72 176 91 79 162 176 143 69 1 1 112 23 0 51 78 30 126 0 130 106 58 
123 0 1 176 0 119 85 0 63 0 70 62 2 171 27 38 164 100 84 52 147 137 104 150 43 39 53 135 172 1 47 0 1 0 0 100 105 40 1 129 64 72 100 0 167 1 115 100 17 0 176 146 132 154 157 1 107 7 6 9 177 148 134 92 178 36 166 119 72 167 0 31 158 151 103 21 9 84 0 43 0 98 170 1 160 174 66 131 1 54 
132 0 0 99 35 59 12 120 0 177 104 34 51 34 88 163 33 146 1 60 152 46 99 177 142 0 91 1 23 1 126 34 15 0 38 136 63 105 101 0 160 146 120 121 30 1 0 128 0 1 25 99 9 1 52 0 41 51 0 127 100 99 22 1 54 34 35 0 41 28 0 42 1 1 1 13 3 1 87 48 128 121 36 10 0 149 95 1 0 170 
1 1 174 85 1 0 8 0 0 0 4 1 0 75 75 41 35 149 24 81 84 136 149 76 23 60 103 150 23 142 136 85 37 1 40 22 0 0 53 2 158 19 1 150 95 131 144 114 110 34 17 107 167 17 38 82 68 1 116 83 146 1 29 97 32 66 114 144 111 140 76 5 1 29 43 150 153 0 59 0 160 148 152 23 178 34 131 107 123 55 
0 173 110 94 1 13 152 0 161 53 0 1 48 69 0 35 92 149 7 123 37 60 158 155 136 76 0 133 177 0 157 1 157 2 124 104 72 36 64 1 96 99 173 155 49 117 20 39 74 53 17 1 1 90 64 154 0 145 6 102 60 1 18 172 97 116 37 162 0 147 95 43 1 41 1 54 108 61 152 26 79 1 32 79 79 32 179 158 17 157 
139 73 20 127 32 67 1 1 159 121 122 0 45 65 0 0 122 113 157 164 40 95 151 75 0 128 1 33 1 1 54 0 21 0 44 63 0 99 0 47 1 1 1 160 102 131 28 85 65 125 174 147 116 146 55 1 1 0 162 48 111 31 59 39 120 110 109 31 0 0 1 89 0 1 117 150 0 158 0 1 161 139 108 135 1 117 3 125 162 73 
73 92 82 177 1 124 1 123 92 97 177 0 0 21 34 112 0 0 36 42 66 85 31 1 142 69 1 0 162 37 10 47 115 59 144 97 0 0 56 108 40 57 130 21 127 119 1 125 27 177 97 162 160 1 174 158 112 104 1 0 88 94 25 34 90 116 14 87 0 13 79 141 0 51 0 151 96 109 143 30 86 16 1 110 4 136 97 0 18 1 
1 0 87 43 33 1 140 50 133 145 93 1 116 0 147 0 35 114 43 1 53 166 59 162 65 1 53 0 0 153 138 49 1 0 39 67 107 40 115 80 179 0 160 1 91 121 110 24 52 0 5 32 0 14 86 135 160 106 148 132 0 28 77 52 167 1 1 130 108 178 32 178 54 0 0 54 63 131 0 148 0 4 176 135 0 37 0 0 0 97 
1 161 174 146 15 116 73 33 93 0 99 14 46 100 0 109 129 100 99 98 23 162 90 25 48 0 128 1 1 12 26 0 54 1 78 43 38 89 18 79 1 38 156 101 91 166 149 75 160 0 86 0 95 0 133 0 151 56 0 13 20 1 0 83 17 60 135 63 102 53 88 62 129 1 50 171 38 175 0 99 47 1 71 86 13 92 6 107 92 1 
62 57 13 0 72 150 15 112 62 1 178 94 163 136 101 0 134 141 102 73 107 0 22 46 130 114 35 79 0 160 82 70 4 136 93 95 160 113 76 93 129 23 139 55 159 86 15 13 1 0 1 1 7 147 152 170 171 1 1 62 85 122 45 91 28 68 5 13 178 156 51 173 141 17 7 1 35 1 100 139 44 1 127 109 152 107 70 172 15 48 
21 122 80 1 1 132 23 141 13 124 48 28 81 1 5 0 0 60 84 0 47 1 172 66 17 1 66 0 86 51 1 85 90 8 101 0 159 13 179 57 0 54 48 104 56 140 36 21 0 94 52 85 98 108 79 0 34 1 162 144 99 0 0 156 43 98 122 101 172 92 1 134 163 0 0 140 177 107 167 91 0 30 107 0 40 51 10 58 120 172 
5 139 31 0 1 73 141 88 1 169 93 31 33 113 0 1 120 0 106 44 1 67 0 167 0 62 149 155 128 3 101 0 132 79 178 122 127 69 174 170 32 107 175 0 149 6 20 0 23 93 128 2 1 1 110 46 127 1 77 156 11 172 165 78 132 45 4 96 141 0 174 0 8 1 112 42 0 1 0 75 85 0 154 166 0 1 130 0 7 159 
0 1 0 56 1 137 8 110 147 74 20 29 90 0 0 82 141 1 0 64 41 1 179 147 72 57 41 153 0 58 0 136 154 132 43 0 132 12 25 1 44 0 1 117 86 34 40 31 108 55 89 90 147 17 104 105 154 161 0 1 64 0 1 1 81 1 45 147 1 107 0 145 0 0 14 63 68 49 1 16 64 62 151 1 120 43 109 2 48 109 
152 134 112 162 103 108 1 129 111 98 41 17 71 105 1 14 147 1 3 0 42 53 159 1 0 16 100 81 123 60 32 153 1 168 44 167 6 0 65 55 0 68 37 76 0 32 137 120 1 10 0 20 126 0 162 157 0 64 1 1 75 151 156 1 116 27 123 0 156 27 110 151 10 53 10 166 51 102 135 42 107 163 105 66 38 1 117 171 0 161 
1 0 1 0 110 26 1 58 0 40 1 1 113 0 54 1 1 50 35 113 0 38 1 28 113 92 54 129 74 78 45 131 58 60 30 52 73 0 156 72 88 124 1 154 5 117 1 23 0 85 7 71 16 45 71 38 0 150 165 82 12 55 159 9 93 166 91 121 165 0 32 70 50 121 91 169 20 150 0 1 65 77 90 84 21 44 50 87 108 127 
41 153 168 139 115 126 41 111 36 77 101 1 149 58 27 7 126 157 1 10 156 0 71 68 118 1 28 3 162 0 35 136 165 124 138 143 88 0 174 74 41 55 0 73 4 142 169 100 111 115 0 137 46 45 135 3 58 66 1 1 89 126 29 109 27 42 119 1 107 0 0 140 102 51 178 149 83 69 36 93 152 66 78 97 0 169 8 50 113 112 
34 43 93 67 14 36 160 158 1 129 66 35 73 91 5 110 8 1 32 104 1 1 0 172 148 141 1 49 33 79 1 164 1 41 93 178 142 0 0 53 89 52 48 168 1 130 0 37 134 93 44 0 116 174 100 148 122 0 0 1 13 105 0 37 79 160 104 20 1 62 53 0 113 88 164 101 114 150 88 157 124 86 126 102 0 164 71 79 13 97 
60 167 85 130 149 146 71 0 0 174 38 0 72 37 71 0 0 68 38 12 1 132 128 0 128 0 162 1 94 37 49 0 87 111 121 1 5 158 126 127 72 42 105 176 1 140 167 130 130 71 28 127 178 41 129 123 96 63 151 121 1 114 1 1 44 60 0 40 28 100 1 169 54 145 1 132 80 124 115 19 132 1 17 135 120 31 144 75 107 0 
104 1 0 0 92 94 130 84 65 66 84 153 150 4 126 22 0 54 73 1 0 0 136 10 0 119 172 3 11 139 144 112 8 0 83 15 46 1 0 155 37 0 55 0 24 60 171 162 0 1 141 26 0 132 36 9 105 70 3 0 1 19 61 82 1 12 100 78 169 22 0 91 15 122 100 0 60 123 42 156 173 13 0 1 17 21 128 0 0 99 
0 116 139 10 11 155 173 69 125 134 20 1 83 16 61 46 0 1 17 80 3 4 8 37 126 0 1 21 133 1 160 31 95 69 125 1 10 0 133 16 17 122 166 175 144 42 1 97 51 145 37 49 157 102 83 154 89 79 170 46 1 143 18 118 93 55 15 49 0 43 74 125 137 155 156 79 26 128 67 131 78 34 22 126 0 22 54 134 0 97 
57 138 61 33 40 22 23 28 1 113 173 22 155 97 179 128 6 95 91 0 54 63 88 55 99 12 0 6 0 126 1 168 94 43 112 134 77 156 144 59 153 106 34 68 4 158 89 163 0 57 174 3 1 150 157 170 166 111 72 19 0 92 53 103 122 159 132 0 3 67 67 16 122 0 1 0 142 1 0 158 172 48 68 78 0 0 6 53 34 56 
150 0 107 31 0 0 108 32 155 0 172 123 147 52 167 146 0 89 175 15 158 133 171 123 134 134 1 0 105 118 168 59 1 75 100 53 143 12 94 1 59 55 1 1 170 32 76 39 21 101 43 10 94 170 131 42 22 109 68 1 65 107 134 30 1 3 158 18 121 1 9 135 55 106 116 156 98 1 161 138 1 130 143 149 17 99 123 140 175 1 
1 131 47 0 137 0 119 53 1 129 87 175 19 165 6 13 4 0 1 75 59 11 165 106 1 0 51 122 0 1 0 35 157 0 161 21 138 128 1 8 24 106 146 174 84 1 1 86 1 132 0 157 130 72 106 20 0 117 175 72 21 159 121 1 110 127 130 67 0 158 69 80 88 13 102 75 176 19 115 92 80 126 93 0 1 4 146 141 101 1 
137 25 1 84 38 85 9 1 120 89 108 79 109 7 87 28 66 105 27 73 0 164 46 168 48 113 155 126 138 0 66 1 111 140 165 29 1 122 114 116 105 103 60 0 87 144 115 171 0 67 1 164 108 1 166 82 1 119 127 159 146 19 78 49 54 18 0 63 164 100 1 67 151 29 99 161 44 121 91 0 59 76 0 140 133 0 8 51 0 31 
160 0 1 140 1 0 113 13 0 130 47 1 45 0 73 50 94 1 50 79 64 84 124 141 48 35 29 135 1 1 0 129 90 33 178 121 76 55 42 119 74 4 16 135 132 145 162 1 135 151 30 116 1 0 143 1 70 56 28 6 167 151 52 0 140 72 38 0 137 95 171 172 0 62 77 23 1 130 49 75 120 108 126 63 1 45 68 146 123 113 
1 22 106 55 112 1 12 48 1 122 60 12 1 30 150 1 37 0 0 0 47 0 51 1 176 109 66 116 91 85 22 0 28 50 42 116 0 0 158 49 102 171 1 34 78 33 83 58 108 1 115 89 116 83 20 65 69 48 1 0 111 91 34 0 24 170 149 20 76 0 174 179 38 128 116 1 9 173 1 55 0 0 122 0 43 90 0 75 126 0 
42 31 111 117 3 69 61 89 0 2 0 56 0 53 63 54 88 28 16 5 141 61 50 60 20 66 105 49 168 52 131 156 0 0 177 160 80 129 88 0 130 163 0 42 1 1 0 41 43 80 3 163 0 128 37 54 87 1 46 174 4 0 157 126 120 93 1 0 15 76 1 108 0 1 83 129 71 95 62 117 61 161 66 90 54 16 163 69 165 97 
1 108 85 0 147 0 21 0 0 2 127 94 71 119 106 151 1 161 135 33 158 3 71 27 56 126 104 52 71 50 129 111 54 0 157 114 128 0 1 0 17 106 1 142 138 149 81 62 1 145 47 70 27 92 26 161 56 0 1 143 1 66 160 1 1 63 0 86 120 125 140 16 164 0 1 1 65 5 57 0 1 0 121 118 1 0 133 5 124 133 
64 129 145 39 109 0 64 5 46 62 39 122 107 0 0 156 46 164 72 0 0 1 128 21 167 12 28 177 0 72 1 54 169 0 0 1 0 54 176 1 0 131 169 1 84 27 0 145 0 1 146 1 1 1 71 141 135 125 48 113 3 116 91 0 22 145 1 10 169 1 107 0 93 0 43 1 86 8 0 36 8 20 54 109 0 1 31 35 86 64 
51 1 114 1 37 76 76 42 0 0 97 154 16 0 125 70 0 134 1 7 119 40 1 71 83 148 158 1 156 89 154 0 67 43 69 0 1 48 129 79 77 163 88 51 138 78 130 29 59 1 2 100 75 94 0 91 48 119 152 147 18 2 1 161 22 1 136 127 20 0 63 0 124 1 80 142 149 144 1 127 145 42 1 0 157 0 33 1 1 135 
140 126 138 59 175 24 1 0 77 1 36 92 0 138 159 17 110 109 75 78 5 16 78 9 73 80 121 146 1 75 120 7 82 131 0 95 0 1 88 152 157 88 1 146 80 100 1 133 135 100 55 22 170 103 166 3 81 20 56 140 93 54 0 0 155 65 0 0 154 36 0 0 1 125 15 0 155 0 46 14 1 25 58 23 23 118 89 146 167 79 
1 176 151 28 26 18 173 87 40 56 1 125 0 123 149 60 32 154 62 171 67 38 36 0 20 68 94 95 124 80 0 0 1 73 170 0 72 0 19 127 71 167 26 92 91 12 148 1 117 116 124 0 143 63 140 55 0 53 21 0 64 99 1 116 128 93 68 155 50 149 0 31 76 97 0 0 45 28 42 74 0 169 14 1 0 1 1 26 1 1 
105 59 0 0 130 126 121 175 32 84 132 14 117 0 28 29 156 0 124 113 86 49 32 127 1 112 101 128 11 1 1 1 138 171 55 87 101 135 0 75 140 0 31 156 1 0 30 1 1 8 28 100 1 106 56 40 1 145 1 178 151 1 6 0 139 87 98 179 12 162 165 159 161 50 1 136 132 134 164 172 3 111 152 131 87 110 119 113 0 34 
18 168 172 63 143 102 60 87 70 92 150 118 43 132 43 64 49 116 0 1 142 145 96 87 11 56 0 32 80 1 17 1 51 0 144 120 149 59 108 0 155 128 98 116 123 36 40 40 158 53 57 116 143 96 108 1 82 97 26 6 0 73 165 92 17 0 1 25 175 0 1 50 96 144 18 55 0 45 87 28 158 83 0 0 34 98 95 49 1 1 
105 1 89 116 67 0 80 25 12 61 1 155 9 0 108 0 114 61 98 47 172 179 169 44 37 29 139 30 80 148 95 25 139 106 106 135 1 94 73 19 0 1 116 37 172 0 91 119 22 9 1 148 0 1 7 116 13 148 173 110 53 0 120 8 100 110 17 78 0 84 72 1 137 167 169 92 50 94 0 1 30 80 126 143 69 77 11 107 143 1 
6 0 30 18 56 0 147 17 130 104 175 151 129 127 0 59 1 51 1 134 74 11 46 20 54 1 87 1 151 44 58 66 166 86 170 139 73 0 69 156 0 0 31 152 30 104 179 0 68 6 102 90 146 171 85 13 23 50 12 168 164 85 0 61 173 103 13 0 11 165 21 41 154 31 98 0 120 177 60 62 154 99 0 178 1 61 0 37 23 125 
126 68 149 1 168 1 152 100 83 39 171 160 130 78 0 87 18 1 26 101 0 0 99 34 174 16 170 30 19 67 0 1 0 176 24 153 151 32 77 95 21 95 0 8 123 126 0 0 0 1 121 0 52 1 121 19 1 48 176 18 97 78 0 0 135 1 23 101 0 119 50 0 1 23 141 135 158 32 145 72 157 155 22 155 29 26 3 156 70 152 
66 9 140 174 74 140 150 62 149 1 134 0 68 18 66 108 65 109 139 78 0 164 1 20 101 79 39 49 27 54 61 47 1 3 90 35 139 173 0 72 1 94 1 0 62 96 1 148 1 0 0 74 51 111 25 40 0 105 0 127 0 140 164 88 0 129 112 96 1 0 0 0 164 156 102 39 132 136 73 31 87 169 10 148 150 16 1 0 11 22 
89 179 1 74 173 1 17 66 85 92 129 30 41 11 167 32 128 0 0 0 45 57 110 99 43 115 0 1 87 0 80 87 0 145 140 1 59 21 158 10 8 70 162 62 0 14 74 87 64 173 95 0 87 106 113 28 93 21 78 155 15 18 118 53 79 162 60 134 128 43 134 93 33 175 18 48 126 0 0 159 20 100 99 137 33 8 28 0 39 128 
74 172 13 9 76 140 74 28 33 75 0 100 1 45 148 120 46 0 151 20 102 2 129 43 53 29 161 25 7 2 86 77 1 0 96 89 7 135 158 1 90 0 87 151 1 0 61 52 104 1 0 143 104 67 89 30 178 99 47 138 86 29 1 2 65 0 89 112 0 77 168 72 138 135 1 169 88 136 171 1 11 1 22 103 0 29 1 1 94 20 
113 77 138 103 32 133 110 0 99 5 135 1 37 1 0 145 25 70 69 2 0 1 0 87 0 125 138 2 47 1 0 134 142 167 161 101 174 19 61 51 148 78 151 71 45 25 0 172 114 55 154 105 112 151 103 56 174 123 39 88 1 49 81 64 37 65 75 127 159 20 6 58 156 172 1 168 105 95 0 78 67 74 1 60 25 82 36 23 124 107 
77 1 134 82 8 5 0 70 1 0 57 134 141 24 1 0 100 40 124 80 1 1 44 19 1 67 162 1 60 60 81 0 127 0 0 1 75 118 74 176 143 48 48 84 1 108 99 0 157 128 101 53 3 1 165 28 1 66 161 19 19 146 167 57 176 0 1 141 0 97 163 138 0 103 59 86 124 40 47 12 169 144 1 76 0 8 1 152 153 0 
0 52 35 0 90 132 10 43 1 19 15 1 77 0 1 0 1 0 172 55 1 143 43 37 1 167 148 32 0 117 173 89 133 81 8 54 153 0 41 156 0 16 147 70 32 81 0 1 0 62 109 42 135 68 12 103 52 137 41 80 147 156 62 156 0 1 167 18 134 0 1 166 1 101 77 96 15 133 91 43 1 133 1 148 129 166 125 106 152 63 
107 35 31 102 83 1 162 5 102 0 1 149 0 134 128 112 0 95 42 164 132 83 147 1 27 92 140 153 9 50 165 0 98 70 102 41 0 1 57 0 69 0 74 110 90 150 1 39 151 0 117 0 2 19 77 42 165 171 58 107 153 170 1 120 159 101 0 0 147 132 77 117 31 75 0 1 93 0 43 173 27 86 141 78 152 52 22 0 1 168 
80 1 0 1 55 22 43 7 88 53 103 9 0 55 1 162 123 118 1 10 155 1 89 136 0 46 1 40 146 152 0 0 171 169 1 1 56 93 79 78 26 0 0 83 44 20 178 0 163 7 0 1 1 14 53 176 124 1 164 1 176 152 48 139 23 37 11 0 65 1 48 99 1 90 167 125 100 0 114 0 20 44 14 20 165 124 108 0 0 159 
0 178 0 1 115 118 96 11 166 140 29 53 146 146 140 48 0 42 101 59 1 1 119 79 76 35 125 127 0 0 61 0 1 78 168 134 96 67 76 68 139 166 167 134 0 60 153 30 22 1 62 0 87 31 18 47 177 79 49 36 6 45 110 101 1 62 0 17 170 115 22 101 139 1 1 126 90 89 113 25 91 7 158 115 173 0 161 168 48 142 
26 40 75 164 10 70 43 1 171 114 116 174 27 63 0 21 178 0 112 22 0 88 1 21 95 130 1 170 155 73 165 24 150 0 49 157 164 73 9 0 160 127 170 104 54 65 148 176 44 61 0 0 0 70 108 98 0 98 166 35 0 171 179 101 35 159 148 0 96 5 94 1 170 1 176 1 49 4 1 120 41 20 24 82 155 32 167 167 1 70 
162 0 131 52 0 90 56 70 152 105 81 22 98 0 1 86 0 43 55 41 43 1 101 6 15 1 4 143 64 0 0 17 116 176 0 173 145 16 98 40 28 113 0 100 122 1 9 169 41 66 10 17 47 0 36 89 60 24 93 100 178 14 58 29 64 158 87 152 106 177 1 14 135 142 4 175 0 69 0 109 141 172 85 133 105 75 150 90 165 157 
119 81 97 160 142 95 159 113 2 160 1 31 115 23 6 77 96 88 167 78 1 1 116 0 56 135 50 178 4 46 121 0 65 55 122 113 38 55 0 3 0 33 10 56 9 132 30 92 11 52 24 1 110 1 0 101 27 43 171 0 73 81 102 108 0 0 11 115 46 108 74 109 154 127 56 1 77 66 93 0 17 1 67 5 0 0 37 36 19 0 
107 44 94 131 78 80 0 43 1 54 48 111 35 1 52 115 28 1 129 0 37 122 150 1 94 93 1 1 97 122 1 30 74 0 75 101 0 55 1 176 0 63 44 160 151 99 56 0 37 69 21 8 53 1 123 0 120 2 28 42 16 78 0 0 29 68 157 36 107 50 96 64 135 169 1 1 87 19 39 89 21 29 90 113 144 138 69 3 10 63 
161 0 104 80 32 1 39 55 0 66 0 63 21 5 111 87 108 122 54 1 0 50 1 0 158 75 131 110 159 1 54 24 179 1 1 0 139 58 1 1 79 39 0 1 103 127 1 12 2 80 110 42 47 0 38 1 0 0 77 56 108 28 132 162 1 1 63 70 147 119 0 101 21 138 47 176 99 7 158 0 37 32 111 0 0 41 1 127 88 154 
1 0 51 72 44 146 67 122 151 152 128 125 164 47 101 1 33 130 16 40 74 33 159 12 61 148 0 78 1 65 0 14 91 9 1 83 0 1 0 43 13 15 0 172 84 71 3 1 59 23 127 144 13 134 46 174 40 0 3 84 103 153 137 0 14 1 81 120 117 99 1 77 7 1 31 178 92 81 0 165 105 27 0 31 124 162 1 49 139 139 
0 25 44 7 1 117 1 9 99 96 131 100 173 148 108 123 95 0 1 2 113 139 154 13 62 64 99 12 171 29 1 178 122 1 45 172 125 127 119 0 34 1 153 153 165 60 170 1 1 130 24 53 0 32 35 81 5 5 0 63 146 108 21 38 121 121 144 90 36 146 9 88 140 136 15 10 49 156 26 73 47 45 144 178 135 1 11 109 55 54 
21 33 179 156 58 127 42 146 178 1 38 105 65 0 119 83 172 170 77 81 43 62 9 151 0 0 83 36 33 21 0 25 73 0 98 127 0 29 57 1 58 110 10 0 1 1 123 48 1 113 1 168 18 0 108 111 142 154 1 0 165 46 169 1 93 144 0 53 57 13 75 0 117 0 86 152 154 47 0 74 99 98 82 166 160 79 107 57 93 66 
1 136 106 30 89 54 1 101 25 166 92 88 35 15 1 163 0 4 1 57 68 0 0 96 0 0 62 1 1 149 43 88 1 37 52 20 173 0 44 0 60 95 123 1 84 0 158 0 0 73 79 107 174 29 31 44 12 173 115 97 0 1 76 53 42 47 14 84 65 156 45 0 12 0 1 143 118 112 123 155 0 102 118 117 86 96 47 100 117 73 
86 33 139 150 1 28 91 104 48 17 64 105 73 123 166 28 120 40 163 0 170 108 163 166 111 49 155 39 1 1 0 0 123 0 23 0 68 128 1 116 81 139 24 1 1 47 43 0 177 120 99 159 54 163 0 168 1 157 90 56 71 0 108 155 19 103 18 120 103 29 0 59 136 178 128 154 59 164 0 175 151 48 38 67 1 0 81 179 170 0 
163 163 138 105 121 136 16 94 107 35 0 127 167 121 179 44 66 102 1 1 157 59 179 1 1 10 63 1 62 2 0 0 0 89 91 150 56 80 1 118 2 86 24 145 1 1 90 4 171 55 1 30 92 26 141 1 7 0 1 51 0 140 0 86 65 70 40 97 78 46 71 63 0 144 108 42 0 99 158 53 0 145 107 89 170 40 107 170 79 1 
142 92 30 178 111 1 33 155 83 40 96 0 101 1 43 169 83 62 106 1 0 1 42 33 54 52 99 1 1 27 0 34 1 1 1 112 2 1 1 60 108 172 40 22 37 116 158 1 100 1 154 1 0 84 1 130 170 1 1 146 27 41 1 0 0 1 160 174 98 170 24 15 107 138 1 103 1 0 52 157 0 147 95 111 65 73 119 169 0 157 
58 98 96 70 94 67 19 0 74 72 115 47 125 13 127 104 176 37 1 172 157 81 144 0 1 80 0 146 31 0 148 173 15 93 112 92 49 0 42 171 1 71 68 0 22 15 168 1 168 1 160 130 171 26 1 164 41 0 139 86 167 116 76 176 0 76 97 63 46 0 0 55 70 1 51 167 156 1 42 4 82 117 28 168 160 159 5 69 1 50 
15 2 152 167 67 1 45 0 0 70 75 5 74 12 36 51 86 8 2 167 163 0 120 49 167 63 7 75 171 102 17 159 59 160 176 9 1 156 90 79 1 75 159 0 162 163 38 100 45 125 85 144 129 37 3 123 57 0 163 8 83 1 0 83 135 0 128 28 0 21 165 120 0 109 0 38 98 7 94 32 3 5 6 166 11 105 165 1 64 137 
19 128 106 1 143 148 0 50 106 1 26 156 123 57 6 0 167 113 132 1 47 59 63 1 1 66 61 71 46 152 28 27 0 174 0 1 1 100 137 0 128 98 28 76 149 73 175 27 147 87 21 0 0 56 75 116 76 153 151 0 144 163 37 1 140 135 0 67 121 12 56 162 159 46 41 8 176 158 178 43 13 73 160 0 142 28 147 170 159 100 
141 1 109 0 171 128 171 1 29 0 136 73 0 18 127 1 39 0 0 1 1 1 54 113 1 42 43 0 60 148 98 141 172 1 1 142 0 0 135 132 171 7 138 0 44 169 52 58 90 0 12 151 22 71 159 161 23 1 1 136 129 172 73 132 162 159 119 0 52 32 39 65 39 1 39 148 153 0 1 105 0 141 81 92 76 1 178 51 123 11 
176 174 2 178 142 1 160 92 155 46 63 0 163 179 56 0 129 1 120 28 11 70 101 67 1 15 124 122 104 170 107 102 28 78 1 1 0 0 7 67 82 79 0 0 1 19 1 97 0 0 133 1 76 5 130 0 116 0 81 62 24 115 43 149 174 54 0 96 0 57 144 1 1 36 1 1 66 32 136 1 42 1 101 1 1 0 0 7 103 173 
137 36 18 0 110 160 168 134 129 1 1 99 64 1 115 48 0 0 172 105 0 0 0 76 170 1 126 45 176 113 163 140 35 11 108 58 164 0 33 123 1 155 162 1 76 5 154 0 0 107 17 158 32 75 84 58 129 24 7 1 140 4 0 70 103 0 0 85 78 0 1 87 154 0 121 89 154 0 123 159 74 74 149 60 0 1 177 1 121 49 
4 49 12 146 115 78 47 20 113 159 0 0 72 103 163 0 0 54 112 146 0 106 91 94 63 54 163 78 76 96 26 83 0 57 21 66 80 166 2 118 1 88 70 1 163 0 87 105 141 16 88 170 113 142 141 1 25 1 160 46 94 132 0 51 22 68 17 63 20 0 0 16 173 14 146 149 57 0 0 58 47 90 126 162 1 5 38 62 30 44 
83 109 0 140 19 62 177 1 155 89 15 44 60 131 115 145 155 62 120 3 0 1 175 46 78 145 159 0 115 89 116 0 140 178 94 15 118 176 0 172 60 1 78 172 138 11 157 156 102 121 69 72 154 159 174 14 1 1 57 102 2 131 9 0 114 13 156 1 141 28 140 0 20 148 40 1 175 1 21 71 1 138 1 98 53 119 138 90 100 155 
0 86 30 47 69 21 79 179 28 1 84 139 153 125 127 160 70 23 12 1 171 66 40 61 120 147 128 110 169 0 130 1 113 6 42 69 1 160 104 169 46 0 147 85 121 34 121 0 1 1 113 122 1 71 1 99 102 145 99 0 131 150 1 0 0 150 179 79 142 10 62 64 0 51 1 179 99 31 42 43 6 0 27 1 139 64 76 1 1 24 
21 158 53 0 58 107 81 127 152 174 100 1 47 5 92 0 28 162 136 141 0 58 136 118 156 133 0 27 134 150 156 112 47 31 104 154 102 60 0 120 11 23 165 164 137 87 176 130 1 56 55 66 0 13 36 1 129 117 70 0 121 1 122 40 39 1 71 91 1 118 28 46 65 0 44 63 62 95 144 155 17 177 148 102 145 19 57 18 44 73 
1 154 55 47 104 0 103 7 168 6 0 93 137 10 5 134 128 141 62 89 0 0 53 59 69 27 59 100 40 154 0 118 136 1 172 131 0 21 21 170 46 44 102 153 159 177 57 1 20 126 0 106 122 0 1 0 0 159 94 2 0 1 1 163 134 138 65 1 150 0 80 113 72 40 0 26 4 22 121 113 0 57 130 17 56 127 117 47 85 16 
0 136 1 1 5 82 168 68 114 0 99 122 175 79 11 44 80 14 1 125 133 122 87 15 171 1 17 69 10 0 61 175 1 1 1 0 73 171 52 1 168 0 0 121 167 88 1 9 101 1 42 1 1 157 43 11 0 0 0 27 171 1 148 33 107 1 153 168 179 50 1 27 139 124 39 0 113 77 141 128 46 169 145 0 0 0 117 74 157 0 
31 1 165 1 154 43 95 16 167 38 0 31 56 132 56 1 73 165 78 41 70 49 40 30 146 74 179 153 118 59 55 0 45 121 36 0 155 0 104 154 20 151 1 96 35 98 1 156 124 119 0 71 154 123 30 121 158 90 149 134 93 69 1 130 176 120 165 0 145 179 100 1 87 82 153 4 0 69 177 105 81 1 111 145 61 1 129 1 81 97 
63 28 94 177 90 0 122 1 46 33 109 141 1 64 105 23 111 93 128 162 79 168 135 173 95 179 86 66 112 157 32 43 102 86 49 0 1 166 1 0 32 56 47 110 1 1 1 0 179 1 161 155 78 1 112 1 177 20 136 154 112 109 154 52 1 61 1 136 140 72 149 0 99 28 1 173 1 0 131 159 1 98 175 1 39 70 0 105 0 164 
0 0 65 133 148 60 12 176 10 35 1 74 104 132 1 121 120 0 22 1 158 1 120 99 62 1 56 131 167 0 80 40 8 1 56 168 74 27 142 0 168 172 67 109 53 1 0 62 101 126 127 8 141 113 112 0 176 95 41 24 0 35 1 152 7 65 59 54 1 37 0 48 109 63 0 1 146 8 0 126 8 126 154 160 1 75 69 147 63 28 
171 33 78 0 37 22 137 52 6 23 82 30 116 140 1 98 0 0 175 179 169 164 0 0 42 36 19 98 41 60 102 108 102 100 73 51 81 1 0 118 1 7 0 145 68 66 35 56 173 127 1 1 0 83 93 0 154 28 0 16 138 49 11 66 82 1 39 80 147 72 88 178 0 145 1 150 1 143 59 0 66 109 33 40 0 164 26 0 29 1 
68 47 95 40 1 148 0 38 63 76 9 27 111 141 1 93 137 0 131 0 134 0 91 154 1 159 75 73 23 93 158 1 25 147 1 26 1 0 146 38 99 1 167 0 1 1 104 126 72 22 1 1 131 20 15 29 88 29 177 84 96 97 82 1 31 130 18 0 89 47 174 122 98 15 0 134 124 0 131 1 0 115 107 0 52 126 1 1 14 1 
1 143 21 148 161 141 129 85 32 115 135 1 25 175 96 87 139 1 2 11 1 78 150 0 1 0 156 38 158 50 0 6 42 78 1 0 98 0 0 68 29 1 91 96 4 0 36 106 158 152 28 25 1 1 35 1 82 35 137 4 62 76 0 24 102 70 90 7 136 52 140 0 166 11 0 0 136 60 0 106 14 0 143 76 0 104 127 40 135 119 
0 110 115 62 140 0 133 58 97 157 0 130 1 98 1 32 16 162 2 122 95 20 119 139 49 14 161 178 116 80 98 76 129 1 121 162 1 109 35 40 60 1 174 1 0 67 28 103 69 166 133 0 34 174 29 24 69 45 20 46 33 114 1 139 171 49 158 46 71 173 77 0 42 45 154 0 158 44 1 101 139 1 0 168 58 103 59 116 97 139 
171 1 144 1 132 141 56 117 166 87 73 16 177 107 61 124 41 141 114 159 93 0 39 0 40 1 1 126 167 161 152 1 0 169 0 0 177 0 130 3 139 165 34 122 165 1 1 1 0 85 175 23 1 1 51 170 178 1 151 109 85 66 69 123 1 104 45 175 81 4 45 72 91 31 100 172 102 89 1 0 21 160 83 0 0 81 22 106 83 0 
130 0 89 120 34 1 177 179 0 132 173 62 109 0 105 111 61 1 92 160 0 60 80 85 1 1 0 109 177 106 113 86 147 1 0 0 148 9 157 160 111 8 25 0 83 1 112 167 113 178 51 0 160 64 41 172 1 175 84 165 92 1 0 158 81 61 103 0 72 32 95 72 143 166 105 0 75 99 131 116 128 72 0 0 0 1 0 138 29 0 
71 88 171 0 3 43 174 122 127 119 173 1 143 168 142 161 8 17 14 0 23 43 146 4 21 0 175 114 112 162 23 69 48 95 82 21 22 82 1 79 0 6 0 40 164 60 136 95 1 117 118 0 141 1 32 0 2 33 1 0 80 42 12 1 113 166 1 96 77 178 77 111 1 59 152 97 1 54 0 15 26 1 109 1 155 0 54 87 1 13 
171 3 28 12 7 141 64 52 163 0 56 39 0 163 78 123 1 29 22 72 84 0 13 0 87 18 46 1 6 175 22 36 126 120 110 79 1 35 91 98 23 107 1 72 36 170 88 32 78 32 161 0 44 114 171 0 1 91 62 56 50 2 50 80 113 167 1 135 162 0 111 118 73 73 0 99 52 41 160 24 77 1 32 1 93 0 0 27 100 63 
43 132 88 1 0 0 124 147 137 0 74 1 1 37 108 165 0 153 171 0 83 31 133 1 0 0 122 167 68 64 149 0 69 13 1 0 20 1 90 80 10 82 1 40 167 99 61 110 156 141 113 13 149 53 79 1 14 110 57 148 1 110 116 132 34 1 0 41 1 61 73 77 45 63 0 34 88 1 103 0 71 105 1 11 0 163 109 0 0 152 
1 46 140 162 150 1 70 62 25 148 30 117 0 96 160 155 0 94 135 1 1 1 101 94 55 58 67 163 0 86 124 81 1 130 145 71 166 170 144 1 113 35 49 161 0 125 0 118 132 38 37 172 151 46 171 3 139 0 23 78 123 107 70 139 5 77 1 93 154 134 94 73 21 1 35 106 155 1 0 174 129 100 157 49 114 126 117 64 0 104 
66 5 113 0 1 131 0 93 1 147 0 95 132 94 47 156 0 14 33 0 27 8 53 58 1 60 70 147 177 0 144 171 48 108 167 143 172 126 0 144 71 1 1 6 138 94 93 145 159 0 24 135 0 67 58 98 76 0 0 96 168 119 49 138 130 0 20 1 53 0 137 68 56 29 7 115 117 153 55 134 1 0 1 1 171 0 24 159 130 0 
