1
50
0 94 94 15 23 88 30 33 81 1 3 60 89 0 1 50 97 0 85 36 83 94 1 1 10 17 0 21 39 0 83 66 43 48 79 22 1 6 46 2 98 17 1 30 0 9 0 1 80 39 
0 0 44 92 0 1 2 12 0 0 1 1 50 77 1 85 19 53 34 4 98 69 1 91 0 64 82 14 34 91 78 58 36 0 42 12 53 66 0 59 22 55 12 87 59 0 81 91 49 1 
0 1 0 69 26 1 24 55 65 1 26 0 12 0 28 60 67 86 84 9 1 80 52 53 0 30 61 1 0 94 83 89 1 31 14 1 76 0 62 65 70 10 69 1 71 0 54 1 69 98 
82 1 15 0 83 16 0 43 50 42 1 14 26 27 25 35 94 86 59 88 32 40 65 71 73 83 96 71 39 12 3 45 64 1 31 46 19 0 52 20 1 26 1 53 81 1 0 98 0 1 
40 13 22 13 0 22 6 48 29 0 48 45 0 0 5 89 28 7 0 7 10 77 95 46 11 58 35 62 51 50 0 69 0 37 1 1 48 57 41 71 72 22 0 6 78 59 30 50 79 0 
95 1 67 75 82 0 97 0 45 24 26 63 0 44 9 1 27 11 30 72 28 0 23 65 0 20 42 30 47 1 1 85 0 0 1 23 24 48 1 30 1 83 18 51 27 5 0 0 93 1 
27 0 94 0 81 41 0 11 80 4 2 29 44 1 1 1 94 66 88 81 60 23 85 47 50 0 1 21 0 8 12 29 84 94 1 67 0 49 28 1 32 1 9 21 38 65 38 0 1 1 
33 72 14 95 0 0 46 0 2 8 36 97 1 87 50 90 15 25 9 1 0 71 64 20 46 99 14 18 20 85 45 14 20 71 79 1 0 1 33 32 56 0 1 55 85 65 19 29 70 43 
54 53 1 1 24 10 0 25 0 28 1 1 38 14 88 56 77 77 1 54 16 0 41 0 1 78 0 54 0 52 83 80 13 71 0 1 0 1 75 91 68 88 25 77 21 61 55 0 13 90 
54 57 18 18 3 47 31 0 33 0 16 0 12 40 62 0 38 42 35 30 1 99 80 91 76 0 0 11 62 23 91 14 49 96 13 20 44 36 87 78 6 64 7 81 21 49 17 1 77 81 
40 1 1 24 0 56 0 36 82 98 0 0 99 50 64 15 1 39 47 0 0 74 0 43 56 65 0 1 83 93 8 34 23 36 65 83 15 91 70 92 45 16 54 7 1 71 13 49 72 8 
97 53 0 17 45 7 0 1 57 1 69 0 0 1 67 22 93 1 80 37 44 19 69 95 73 1 19 17 1 33 75 31 11 6 78 69 71 79 67 30 97 37 1 10 32 22 91 0 63 44 
42 99 70 1 44 0 27 82 1 54 13 43 0 1 0 83 5 52 66 24 0 89 0 81 45 53 1 57 1 49 44 79 3 7 70 98 0 93 44 22 43 17 99 1 12 5 0 68 64 23 
40 56 37 0 25 13 1 92 39 15 0 1 50 0 92 9 99 23 29 55 0 1 25 4 7 81 16 37 24 32 37 77 91 45 32 25 74 1 90 87 62 29 13 49 48 75 0 78 58 0 
45 28 0 87 52 0 23 78 76 62 15 14 91 0 0 0 74 1 53 1 30 13 48 20 91 92 64 97 11 74 50 78 52 97 28 78 50 0 1 15 50 85 81 0 0 35 31 5 93 0 
69 70 32 62 67 51 63 22 21 75 43 0 0 0 85 0 68 89 1 1 66 62 1 10 1 0 26 32 76 39 27 96 20 96 1 47 0 63 30 33 1 41 56 63 79 2 25 92 88 30 
61 10 0 16 69 53 99 1 26 23 21 0 21 1 88 94 0 14 73 44 98 8 34 1 66 12 57 62 1 77 1 13 51 0 55 28 1 1 10 84 91 65 1 1 41 3 81 45 21 30 
5 65 94 84 98 14 39 76 61 13 0 97 20 0 25 1 41 0 57 1 41 4 88 1 39 1 1 28 93 0 75 14 74 44 7 84 26 90 1 66 8 1 69 98 42 20 1 0 1 44 
73 9 38 11 17 52 85 10 74 0 82 0 21 1 0 78 2 93 0 55 45 30 12 40 78 87 3 56 1 14 69 47 30 53 1 1 72 75 34 5 20 40 1 16 82 1 45 2 64 2 
86 5 7 83 26 74 26 98 0 5 47 85 66 44 23 60 12 25 1 0 29 1 60 94 16 43 68 1 38 34 60 96 13 1 76 13 28 8 86 0 49 45 50 0 95 19 32 29 1 61 
2 81 0 22 0 29 56 83 1 63 68 86 14 1 71 0 86 79 0 0 0 77 1 38 0 38 87 13 63 0 39 37 33 1 55 28 2 25 85 1 91 0 99 22 66 60 0 88 85 1 
37 0 1 88 85 0 24 40 16 80 86 29 31 82 15 10 97 93 19 34 76 0 22 49 32 25 61 93 1 42 89 88 73 99 86 53 0 1 0 0 55 39 0 80 1 70 26 15 64 48 
79 28 36 42 10 48 0 0 22 58 13 43 91 1 3 56 41 84 1 1 21 17 0 82 11 0 39 1 0 93 38 0 60 25 17 62 59 62 69 16 0 1 78 83 30 24 24 66 1 91 
66 84 1 95 1 30 15 60 68 59 68 51 1 44 63 45 94 1 65 3 38 87 46 0 1 67 0 14 67 68 9 80 61 0 1 56 26 70 70 89 83 43 1 15 1 16 24 89 96 2 
21 36 64 0 56 1 31 28 91 1 23 82 0 33 26 69 8 57 84 1 1 0 1 0 0 61 69 25 11 0 65 1 71 27 90 55 32 2 53 72 0 1 85 2 46 73 1 1 64 28 
0 1 56 64 91 30 11 17 63 17 26 5 15 0 39 54 57 3 78 89 96 0 67 42 68 0 2 32 95 10 1 64 11 1 92 65 92 43 57 0 29 43 15 0 0 27 44 51 45 71 
73 61 48 76 92 22 28 31 9 1 86 28 29 0 0 49 40 39 1 1 3 18 29 12 64 69 0 17 37 45 5 33 34 1 5 53 22 35 76 1 64 32 2 82 3 58 74 83 12 2 
53 3 50 0 0 92 33 36 91 27 99 34 95 0 0 7 34 23 31 59 6 22 56 78 24 0 19 0 0 86 13 28 0 1 57 17 96 9 78 99 41 0 94 96 85 27 0 17 0 64 
0 91 1 2 48 69 24 1 54 69 72 40 94 46 0 89 33 85 21 49 40 10 10 40 0 53 17 28 0 30 70 65 1 72 61 29 1 54 24 76 1 57 0 98 1 0 66 89 0 61 
82 52 72 41 75 80 66 92 60 1 76 29 41 72 49 12 9 1 54 0 75 22 68 0 0 36 0 34 33 0 51 21 16 58 24 32 37 57 16 57 1 1 3 60 1 1 36 41 74 82 
58 92 75 0 49 0 7 67 0 1 26 43 2 77 90 44 98 15 10 7 1 46 19 22 1 0 21 2 18 1 0 97 1 0 85 69 88 1 92 26 59 52 0 88 1 95 50 75 57 4 
35 12 8 1 77 1 49 1 44 25 21 73 64 94 1 18 0 72 87 50 82 35 57 55 0 78 59 89 25 74 75 0 0 48 93 38 0 36 1 79 55 66 48 34 0 0 6 7 63 19 
27 22 15 47 12 2 53 24 40 17 41 38 39 87 4 38 0 95 44 0 0 52 1 0 8 89 77 1 1 27 77 1 0 61 6 53 21 23 24 19 38 44 98 54 6 1 1 0 55 46 
36 23 95 0 26 85 82 83 38 32 32 40 64 20 39 67 0 35 3 33 27 31 42 11 48 1 59 0 9 52 52 34 56 0 1 0 39 11 0 14 82 0 0 10 70 60 57 1 0 26 
0 24 0 1 1 84 1 14 2 0 44 10 60 0 32 97 0 0 84 80 23 35 43 57 0 37 1 49 1 1 42 48 1 5 0 1 44 0 84 72 32 54 76 17 1 34 1 57 0 71 
1 99 98 92 43 2 0 44 0 28 85 83 1 81 41 70 1 55 21 44 1 32 0 59 57 0 77 3 16 41 1 56 0 21 42 0 18 75 4 0 97 21 1 80 7 65 10 54 55 79 
3 90 74 15 50 1 58 18 71 0 87 90 60 0 1 89 56 56 50 16 24 76 0 68 0 0 62 49 49 67 1 1 65 1 49 0 0 47 64 11 83 24 7 0 78 14 37 1 1 21 
18 29 80 11 45 99 40 0 0 48 12 61 26 36 95 1 6 40 64 14 74 0 64 0 75 9 1 23 1 1 35 59 74 95 0 30 1 0 3 63 0 66 42 83 0 35 0 1 89 1 
83 51 52 88 1 0 38 89 65 19 0 36 1 35 0 79 0 1 1 91 28 0 1 1 77 43 75 7 54 49 98 7 0 0 84 54 61 74 0 1 98 98 85 41 77 0 38 9 43 0 
88 0 1 13 46 72 5 38 79 10 58 42 35 40 13 0 83 46 27 0 47 34 1 65 12 78 60 45 0 27 45 6 39 1 23 33 99 1 76 0 65 0 1 84 1 32 83 1 1 14 
54 87 40 0 2 1 81 0 0 81 71 0 67 30 0 0 77 34 0 0 1 26 37 1 78 39 90 70 1 9 22 84 70 43 28 29 5 91 84 0 0 7 19 71 48 1 0 8 82 48 
45 30 0 1 58 51 1 40 84 99 68 0 33 1 46 45 62 91 78 0 4 39 27 47 77 90 0 10 0 6 25 35 7 35 0 69 54 0 9 32 45 0 0 50 28 87 35 40 90 0 
47 68 48 20 64 30 90 93 79 77 15 75 97 4 85 42 50 1 77 35 58 2 3 97 49 95 21 61 21 1 82 70 35 0 60 7 87 86 99 0 5 1 0 0 39 22 92 45 66 63 
14 33 79 0 87 6 56 0 1 45 19 70 64 90 17 50 64 87 0 83 88 82 1 93 69 50 40 0 0 1 58 79 13 90 86 51 16 45 0 1 79 64 58 0 78 60 33 0 13 3 
0 57 62 66 81 1 6 87 34 37 76 56 79 1 15 4 52 30 34 25 14 95 26 71 50 3 69 79 0 26 62 5 17 79 79 1 34 91 55 0 87 89 0 69 0 31 28 19 1 75 
64 15 57 75 0 98 92 59 66 1 19 1 12 73 1 6 40 51 75 0 42 74 27 1 16 22 60 22 60 77 0 32 54 84 57 49 51 13 20 25 0 40 64 69 87 0 9 33 0 68 
90 54 0 66 35 8 95 0 24 92 0 69 30 32 3 1 1 3 59 22 73 7 18 79 0 1 92 12 97 1 1 56 6 31 0 24 98 39 57 18 12 47 93 44 63 9 0 0 56 0 
64 1 40 22 75 0 84 1 69 95 61 49 0 15 94 51 46 94 77 63 0 1 0 48 0 24 81 1 43 19 0 91 43 0 0 1 2 1 48 51 1 44 0 96 15 42 0 0 1 0 
26 91 5 28 0 54 12 84 1 26 6 46 1 9 97 56 13 47 27 73 1 1 14 77 68 1 3 58 16 57 41 98 59 0 12 66 46 0 20 72 16 0 14 11 50 47 79 0 0 76 
0 25 14 69 1 53 25 39 36 1 11 93 1 17 1 16 66 44 23 0 17 67 0 36 3 9 1 83 10 1 21 74 51 22 78 3 66 42 0 25 0 0 53 86 92 73 47 46 42 0 
