1
30
0 1 0 0 55 2 17 57 0 47 15 21 18 54 29 42 45 48 1 1 28 26 1 15 0 1 28 27 37 34 
10 0 28 17 25 1 54 38 39 51 0 18 35 32 40 7 5 30 39 10 20 10 0 41 49 34 55 49 38 0 
14 1 0 46 41 39 19 7 0 17 54 0 1 42 1 36 56 21 4 1 2 1 0 16 33 44 45 21 48 1 
31 0 2 0 22 58 0 36 1 1 50 18 52 0 1 36 52 38 0 7 46 4 0 6 3 53 30 34 4 41 
44 22 39 10 0 1 42 29 13 1 0 24 14 0 31 49 13 49 10 0 57 42 22 28 40 56 6 1 0 15 
25 20 57 7 10 0 1 0 22 19 17 27 0 7 32 23 1 47 19 29 51 37 0 54 59 1 19 20 42 0 
34 30 0 49 1 3 0 0 40 31 37 0 49 18 56 50 14 58 0 15 53 35 25 49 51 5 21 0 52 1 
41 38 0 19 47 1 52 0 1 23 0 0 41 11 42 55 24 59 16 9 7 0 19 1 55 40 1 24 1 8 
0 38 46 40 1 0 1 19 0 56 48 40 15 24 1 38 33 55 27 6 44 42 6 55 19 26 0 59 0 52 
51 27 5 50 30 47 55 38 30 0 54 1 33 1 0 42 23 8 34 23 1 30 1 21 15 1 58 1 12 35 
42 37 0 17 18 0 47 0 1 0 0 56 6 43 45 28 56 46 36 18 0 0 8 2 30 37 10 39 12 3 
8 27 36 15 6 29 1 15 58 0 50 0 28 35 0 34 0 43 24 24 35 22 21 18 34 0 6 33 1 1 
1 0 1 1 12 51 28 0 0 15 20 1 0 56 1 17 6 51 6 0 51 24 8 5 21 0 13 1 55 31 
37 1 0 2 1 1 1 15 2 13 42 45 54 0 22 56 2 1 1 51 9 54 58 1 14 27 35 0 1 1 
1 43 33 49 1 31 23 46 58 35 55 39 5 1 0 13 28 7 1 4 42 0 22 51 44 52 1 30 0 22 
0 1 21 24 0 33 54 7 13 28 56 41 42 45 15 0 20 21 19 44 0 11 5 0 55 1 51 49 35 1 
33 23 25 1 39 41 32 21 15 31 53 47 50 31 0 39 0 36 15 53 14 32 2 41 28 16 56 0 1 1 
0 20 10 26 3 58 1 48 26 28 41 47 0 0 1 59 0 0 43 29 28 32 14 1 17 1 36 1 58 57 
22 5 30 38 1 39 0 13 1 21 13 1 58 51 21 0 32 33 0 29 20 0 21 45 1 47 1 0 37 18 
41 0 33 47 38 36 16 15 17 3 17 0 35 0 40 26 36 40 36 0 21 0 57 50 19 41 21 27 39 1 
35 1 47 9 1 5 47 59 11 0 30 0 14 0 12 57 49 0 58 44 0 17 22 1 53 56 34 45 57 56 
2 23 39 1 0 4 16 58 9 33 54 12 26 30 1 23 52 51 14 19 2 0 38 17 7 0 56 20 24 58 
1 0 58 32 19 0 57 2 31 53 0 46 1 26 32 29 7 0 1 16 34 48 0 48 53 15 52 11 27 0 
1 14 1 31 31 56 58 9 0 40 0 45 0 15 24 31 26 55 27 45 0 36 1 0 34 7 8 1 34 13 
51 38 0 1 4 42 26 31 16 0 23 54 0 0 51 19 25 17 0 0 4 0 22 3 0 45 56 56 1 1 
6 1 8 1 31 1 44 28 1 33 48 32 31 0 0 34 1 12 25 20 0 59 49 12 13 0 25 1 13 0 
34 1 30 1 39 35 0 37 1 16 16 32 4 53 0 36 30 41 54 5 37 0 31 0 45 0 0 1 30 19 
46 32 42 45 28 53 17 8 25 0 0 1 27 0 0 42 37 13 1 1 22 2 24 4 6 17 12 0 0 38 
41 50 45 15 59 53 48 17 0 36 6 1 57 27 0 45 0 49 22 0 35 7 59 13 1 0 36 35 0 50 
53 49 1 1 5 0 28 59 56 0 29 51 0 9 0 12 46 28 37 19 31 0 23 0 0 0 49 1 42 0 
