1
20
0 19 0 10 1 32 19 23 10 6 2 32 11 31 14 32 4 11 3 3 
0 0 12 0 22 0 20 33 5 1 0 30 30 0 25 8 29 0 28 3 
37 3 0 39 0 1 12 10 11 28 36 0 5 24 1 0 5 20 0 4 
38 16 10 0 24 0 25 13 23 36 0 5 15 30 0 1 22 37 1 4 
1 0 0 6 0 18 19 4 5 0 1 36 0 16 12 12 13 35 14 31 
0 11 7 9 37 0 27 29 24 18 33 38 14 7 39 15 15 12 0 1 
22 15 0 35 0 7 0 27 0 28 3 21 27 26 11 26 29 2 2 29 
23 22 37 1 36 21 6 0 1 1 31 8 2 14 0 14 39 26 8 28 
14 30 27 39 11 37 35 0 0 15 7 9 27 1 36 2 0 16 36 1 
2 1 39 0 36 7 2 28 22 0 12 21 1 30 8 16 4 1 35 11 
2 18 21 17 0 0 28 1 6 21 0 36 8 4 3 29 4 0 30 0 
1 13 1 33 1 10 17 14 37 12 28 0 23 0 1 33 10 19 1 1 
28 1 2 17 13 1 3 4 39 0 0 1 0 17 26 25 28 29 25 1 
1 39 31 12 32 2 16 0 30 4 20 31 5 0 37 0 20 0 39 21 
1 34 8 21 33 0 6 13 1 0 1 1 1 8 0 13 33 4 15 31 
0 0 38 24 0 7 10 19 6 21 33 21 22 12 33 0 9 10 5 9 
1 1 1 2 26 23 35 30 23 14 14 34 20 18 1 0 0 4 0 1 
36 31 23 32 0 0 2 0 17 22 25 0 23 1 23 13 25 0 0 15 
32 0 37 1 12 1 18 6 22 21 4 8 1 9 3 1 16 10 0 4 
18 0 15 10 5 32 26 27 39 8 13 11 0 1 36 26 25 39 20 0 
