1
40
0 0 38 16 1 8 45 53 0 29 45 58 18 0 1 32 21 60 19 1 72 55 4 58 1 76 51 64 0 69 0 8 21 1 44 37 49 0 7 1 
32 0 42 66 78 54 1 20 62 10 12 54 0 19 79 1 0 0 18 70 18 76 0 79 30 0 64 21 79 23 63 38 43 0 1 16 1 21 1 1 
2 30 0 0 72 52 34 0 0 62 49 57 7 67 73 77 1 0 55 55 0 73 70 73 1 0 1 27 0 0 74 47 60 56 66 38 34 63 22 26 
41 40 0 0 0 0 24 23 76 61 36 1 0 1 78 72 70 1 24 41 33 40 78 7 43 1 0 20 53 63 44 48 66 6 1 51 45 57 8 0 
0 31 6 10 0 35 23 14 48 35 66 32 36 57 4 24 24 31 16 4 0 72 52 78 5 1 55 5 38 74 55 60 62 22 68 32 78 51 0 18 
44 0 1 0 8 0 32 29 63 1 42 42 24 1 68 1 3 54 1 8 1 9 17 50 48 54 43 16 10 67 27 67 39 60 19 4 58 1 7 76 
31 19 1 1 21 63 0 43 54 1 7 0 1 1 40 1 1 57 0 66 4 15 69 67 0 26 0 57 50 40 58 4 22 45 65 35 44 7 44 43 
6 1 78 52 1 37 51 0 33 76 0 38 1 1 14 0 25 4 0 1 39 73 54 48 6 0 40 39 1 3 0 70 65 70 13 28 0 0 41 36 
2 0 0 70 0 62 0 7 0 28 33 0 52 58 0 0 47 55 0 54 6 18 13 24 34 1 16 8 0 1 2 17 48 40 0 8 28 22 6 45 
49 19 13 0 76 42 1 1 1 0 51 57 69 19 52 0 5 2 8 0 59 35 1 68 25 0 27 77 0 13 52 71 8 34 22 22 1 63 44 0 
2 56 68 36 34 0 52 1 71 0 0 6 52 48 48 52 16 58 28 75 1 53 0 1 76 25 1 0 14 43 5 65 8 78 73 0 73 69 28 8 
28 61 1 28 79 25 8 77 15 2 72 0 35 49 15 74 14 0 50 30 55 63 28 73 26 18 46 0 15 46 66 20 19 62 0 46 54 35 65 63 
24 39 32 25 16 21 79 16 79 65 62 57 0 72 1 49 43 16 63 60 26 51 9 54 63 26 0 0 18 15 14 78 13 24 57 36 42 9 69 30 
14 14 32 0 56 22 1 66 0 63 33 76 1 0 0 1 22 64 6 5 1 1 0 0 32 40 61 61 25 0 52 7 22 36 45 77 7 1 10 18 
68 36 54 60 38 1 0 0 21 10 14 59 46 71 0 53 35 1 71 39 64 13 40 0 5 18 46 60 0 59 0 71 1 53 2 1 78 0 28 58 
28 0 10 17 11 52 33 26 8 3 61 51 69 19 26 0 14 52 50 66 75 52 58 51 10 40 6 37 23 0 60 1 77 57 1 1 51 0 22 1 
10 1 72 45 13 42 35 34 6 51 1 61 5 0 1 14 0 28 42 24 0 0 0 48 43 25 15 56 1 1 0 23 21 1 49 38 49 31 53 8 
61 0 79 1 45 73 16 52 46 19 21 12 1 46 0 50 0 0 63 38 59 0 57 60 31 2 1 51 24 74 28 0 15 39 13 61 63 45 79 64 
27 0 41 49 65 27 44 76 48 41 16 49 3 1 77 45 9 0 0 19 61 0 0 71 49 72 2 0 42 13 26 42 9 17 0 11 3 52 0 2 
60 51 0 22 14 21 50 0 46 0 55 62 1 35 27 78 78 18 40 0 64 29 48 60 32 36 56 32 1 0 0 0 1 21 51 60 65 27 36 76 
14 26 48 78 40 0 1 0 1 25 9 69 1 1 20 16 74 9 39 1 0 70 3 30 57 73 44 12 1 1 1 1 19 6 43 0 40 1 22 12 
0 18 14 44 25 1 20 0 72 69 79 78 0 73 43 56 9 39 72 0 36 0 65 4 76 48 6 39 16 42 1 5 49 1 14 47 16 5 1 12 
56 21 29 18 1 0 17 63 27 66 27 0 49 12 0 11 5 9 29 35 43 65 0 44 0 74 39 47 0 0 8 11 4 39 56 0 19 72 67 16 
34 65 21 25 62 67 68 1 1 70 44 1 37 0 0 0 1 20 55 33 0 64 46 0 17 10 12 66 26 2 20 55 28 9 14 4 11 13 53 67 
69 52 25 32 0 0 40 37 0 50 0 22 38 14 72 57 51 48 42 11 12 32 2 22 0 69 42 31 27 50 0 2 1 0 1 50 23 74 58 53 
1 65 13 65 37 0 35 0 47 77 29 12 40 25 24 0 74 36 74 43 73 65 47 1 71 0 14 1 49 36 41 0 59 0 68 49 22 9 0 0 
1 0 76 77 8 4 3 52 56 78 34 47 1 10 9 58 77 2 51 1 51 0 55 65 32 0 0 0 1 7 47 53 35 27 51 26 0 12 70 42 
72 11 25 0 1 20 69 78 26 78 1 2 23 4 72 1 0 35 56 31 1 0 67 51 27 11 72 0 68 37 73 1 71 32 10 17 4 20 39 72 
21 0 50 22 0 58 29 0 64 38 8 40 33 1 23 16 40 59 58 5 0 39 32 74 20 75 51 28 0 70 48 53 1 20 46 26 14 24 66 10 
78 36 47 0 16 29 48 51 21 59 60 1 63 0 77 4 1 2 52 1 62 28 5 1 73 1 0 0 60 0 0 27 1 58 1 27 17 39 51 20 
0 70 35 7 1 57 63 45 63 0 20 0 27 29 52 2 76 32 39 1 71 72 58 57 1 0 70 0 1 25 0 1 50 59 0 6 56 1 36 22 
23 49 21 18 18 26 32 56 41 26 16 65 2 0 1 38 21 1 0 51 15 39 72 59 36 9 1 1 68 1 71 0 77 37 0 55 1 0 34 0 
27 58 0 44 49 14 23 0 15 26 0 1 1 77 43 69 64 76 39 31 6 14 1 50 0 43 59 73 13 19 63 3 0 8 68 45 75 32 1 63 
21 46 1 10 21 10 59 1 62 56 1 31 2 78 39 1 14 0 12 45 72 1 1 71 18 5 77 47 11 1 1 1 45 0 74 16 0 44 22 73 
60 1 67 2 57 1 1 54 1 8 0 58 1 37 28 54 12 1 0 73 72 0 36 49 72 23 49 51 71 70 54 59 13 51 0 12 52 63 45 17 
12 66 28 0 67 53 12 38 33 54 0 73 5 66 62 7 53 46 1 17 53 48 7 49 48 45 17 55 3 50 46 65 9 46 1 0 5 72 77 13 
65 0 0 52 33 0 21 1 72 32 29 61 9 4 40 48 15 60 46 65 32 0 1 0 29 61 36 63 38 48 41 0 18 30 42 38 0 68 32 63 
13 18 41 34 75 19 14 1 75 65 40 79 57 0 3 57 36 0 29 1 10 2 63 38 78 21 1 1 0 6 1 0 52 26 70 18 1 0 9 21 
67 0 0 14 1 68 62 28 18 3 35 24 47 50 17 0 45 63 72 55 44 29 0 66 27 51 1 35 48 23 55 52 1 18 24 43 54 54 0 78 
66 3 71 33 11 1 28 76 54 40 25 55 0 1 42 29 32 79 35 20 49 11 34 0 1 1 16 1 18 31 17 61 10 19 79 10 4 69 14 0 
