1
70
0 122 74 127 75 75 62 5 70 63 60 24 58 115 136 114 78 1 0 63 102 78 56 81 78 0 1 136 110 3 8 79 73 90 1 127 39 41 46 66 34 15 110 30 0 96 96 43 26 61 124 96 35 130 40 0 1 5 82 24 0 44 102 54 40 6 126 1 16 130 
135 0 48 110 8 18 92 41 96 0 1 45 46 68 138 125 127 0 69 12 92 60 81 102 83 0 95 9 0 1 111 0 47 1 77 4 1 90 129 1 41 87 86 118 1 138 34 1 79 130 111 90 96 0 22 7 97 0 138 71 1 77 1 7 75 8 43 138 67 0 
134 18 0 129 36 94 109 0 18 0 112 73 127 133 12 96 114 116 59 115 21 101 64 43 42 52 69 96 8 66 43 71 84 92 85 1 80 81 106 55 48 81 86 5 109 26 0 92 0 125 67 52 101 1 122 53 45 1 1 12 33 2 1 1 51 57 0 87 1 68 
49 133 80 0 93 105 45 1 1 27 79 1 126 16 0 100 89 48 87 1 84 27 104 75 10 45 0 34 0 134 86 23 110 25 60 96 135 11 89 51 72 30 0 61 39 133 0 25 30 103 124 100 1 1 116 98 80 82 64 43 133 82 84 22 0 118 0 1 27 59 
130 71 0 0 0 139 1 121 41 113 0 1 118 47 124 116 19 0 56 58 87 120 17 0 0 100 101 51 21 16 60 139 35 117 7 21 35 136 107 1 35 0 90 95 74 1 124 1 51 1 44 39 101 0 111 1 48 46 115 95 1 100 1 65 91 129 1 28 0 95 
83 86 121 42 131 0 31 54 139 52 1 40 15 40 1 0 1 96 108 53 0 0 14 60 64 67 0 1 73 47 137 86 69 0 39 72 65 46 0 87 79 88 98 24 139 90 1 1 20 92 66 69 1 121 1 105 101 44 126 43 53 114 99 108 26 0 0 1 71 123 
1 98 55 1 0 50 0 124 98 44 93 94 84 19 126 0 121 67 62 0 105 57 13 21 117 11 137 45 0 1 57 127 57 58 69 116 85 47 8 68 15 119 0 24 132 0 102 138 95 47 67 108 1 0 1 82 1 90 1 118 111 90 4 18 32 31 17 4 1 97 
64 79 0 93 32 37 58 0 98 75 35 0 36 60 1 70 90 0 1 91 111 9 1 29 0 63 50 48 24 51 1 132 1 83 57 82 1 0 1 60 120 82 55 70 19 0 90 59 0 139 133 0 132 3 126 48 65 42 125 57 9 75 58 0 0 15 6 0 49 1 
59 103 86 45 37 26 71 92 0 84 1 88 9 124 1 73 0 84 70 122 27 87 133 76 0 3 76 0 90 23 1 103 31 27 34 113 50 91 82 1 41 74 66 106 0 1 88 1 20 30 0 36 0 1 125 115 0 134 66 135 1 77 43 53 47 77 0 51 117 128 
88 117 1 131 63 37 42 1 121 0 18 54 1 124 40 14 9 93 1 121 129 42 22 0 0 117 107 80 1 13 21 129 80 133 88 57 1 0 1 0 122 84 0 63 62 20 85 127 52 123 0 80 0 127 113 2 102 0 39 41 33 68 1 0 92 20 131 112 0 75 
129 19 37 0 38 70 90 45 1 14 0 84 138 0 0 13 73 62 46 68 41 125 21 1 1 40 0 19 0 0 99 80 107 80 114 1 37 28 85 0 50 0 29 30 110 57 126 94 43 99 80 1 24 75 89 71 70 83 1 17 0 0 1 1 1 0 1 135 48 0 
23 0 45 0 0 109 23 127 113 27 0 0 1 94 121 47 1 99 42 1 59 76 115 89 84 1 120 11 123 68 94 54 0 86 106 77 0 6 1 69 11 44 0 29 134 28 78 0 124 131 130 100 83 81 59 107 27 124 34 60 132 1 0 111 90 0 101 71 135 1 
1 92 86 1 11 133 20 38 120 66 4 104 0 87 64 16 129 68 50 29 93 0 1 16 68 0 8 100 37 26 16 43 90 0 124 1 50 1 108 124 15 17 2 72 86 9 30 69 26 1 0 99 63 1 132 79 13 121 94 44 0 127 122 46 61 127 23 0 1 45 
125 4 0 87 53 123 125 15 120 18 123 109 51 0 136 129 124 16 1 29 52 108 0 80 59 0 126 2 98 26 24 0 3 0 70 80 64 121 75 60 125 16 28 1 0 127 1 122 0 8 4 86 0 0 43 56 129 1 103 0 115 0 2 59 67 109 52 72 121 66 
0 67 25 125 91 0 1 62 76 121 16 0 15 0 0 22 87 56 1 0 1 1 101 25 121 1 119 49 19 33 25 125 84 94 49 66 16 92 25 48 0 132 7 114 0 89 71 100 46 8 1 55 120 126 45 31 31 42 92 4 2 0 1 84 94 1 73 47 130 136 
90 103 87 95 55 99 23 30 22 137 117 0 3 6 21 0 0 59 17 8 86 115 1 58 25 87 40 8 7 10 1 56 39 48 35 1 69 0 66 131 59 1 81 86 105 82 56 0 0 12 92 11 135 32 1 0 63 0 111 51 38 50 108 25 77 125 0 80 1 65 
53 72 71 26 129 121 1 16 17 1 137 26 28 73 103 0 0 54 31 84 57 66 23 84 57 17 17 43 54 5 97 0 107 131 68 83 8 1 1 58 113 56 98 110 56 88 131 18 39 25 39 116 130 110 68 41 49 97 92 76 15 129 134 89 1 30 17 63 51 1 
62 46 37 129 101 36 0 5 27 114 129 110 81 44 77 55 90 0 87 65 22 57 70 60 5 61 49 113 79 1 74 70 0 33 106 27 37 0 0 0 59 87 48 82 27 1 113 1 58 91 0 2 125 116 96 95 65 0 116 53 74 137 82 20 0 51 94 92 31 55 
1 91 0 38 83 0 1 66 85 1 98 124 104 1 77 111 128 25 0 131 115 49 87 1 98 136 1 0 17 0 130 82 15 57 112 132 18 24 1 3 90 28 20 133 111 39 138 69 89 28 117 111 36 0 61 110 124 123 125 34 52 95 72 36 111 79 1 59 95 1 
50 101 133 79 44 43 75 1 8 34 55 1 127 1 26 1 51 17 0 0 83 33 19 1 98 89 124 86 101 122 139 7 56 139 72 97 113 12 9 9 31 112 101 130 63 119 33 9 105 1 32 0 91 137 0 107 44 47 75 0 1 136 47 118 80 0 69 77 5 85 
28 40 0 10 26 126 30 12 52 1 123 61 45 79 0 22 96 1 61 1 0 4 81 0 27 9 69 133 135 0 0 54 65 35 0 105 97 1 129 8 55 121 32 101 49 0 0 31 113 5 33 1 60 29 58 1 87 17 81 1 0 128 101 75 111 8 59 84 103 86 
88 2 115 36 109 16 81 1 129 49 91 51 0 105 0 1 6 37 116 97 57 0 49 39 52 47 7 21 0 105 137 105 27 63 0 0 111 97 96 127 25 76 63 1 0 0 18 120 82 132 32 103 109 113 81 66 0 0 17 45 71 103 99 1 31 111 68 126 24 35 
96 1 83 90 128 116 65 97 97 43 0 1 0 1 117 0 0 30 117 0 122 4 0 120 5 1 104 123 112 124 84 107 86 128 0 131 96 81 90 5 11 106 75 1 26 93 81 81 117 1 78 122 54 52 128 139 90 68 69 51 1 50 36 55 0 35 61 49 119 17 
113 0 132 19 39 80 123 1 27 60 137 98 0 4 77 46 36 0 46 99 91 1 76 0 57 0 0 0 1 1 29 37 87 112 1 17 14 1 8 1 97 1 1 0 77 0 46 1 119 0 119 83 100 106 7 1 52 25 37 11 56 34 65 1 0 0 33 84 16 118 
124 91 55 43 90 115 83 48 31 132 90 32 58 82 1 67 14 87 0 7 41 43 92 48 0 136 1 68 12 111 11 60 1 0 55 17 93 119 10 0 60 1 6 92 1 122 99 0 96 121 0 29 4 105 97 1 90 103 86 111 1 24 93 41 44 69 138 87 87 96 
44 89 28 47 25 87 35 74 1 51 128 4 60 101 12 9 0 1 118 100 29 63 74 62 51 0 136 36 13 13 0 40 92 34 85 0 130 116 1 90 79 0 37 128 107 0 47 115 92 19 1 57 119 82 60 6 111 0 119 90 59 59 47 19 117 131 60 113 43 95 
52 22 1 1 135 19 8 62 1 1 48 106 82 126 0 0 11 9 82 5 3 96 95 75 35 1 0 91 100 18 21 42 129 120 48 134 1 1 0 60 19 0 27 133 89 1 60 109 134 70 134 4 13 95 1 46 0 10 44 0 50 0 54 33 54 1 131 36 107 1 
63 52 21 94 103 70 11 1 44 103 81 7 40 38 1 5 34 0 37 74 32 0 25 2 0 111 9 0 29 0 84 0 77 1 0 1 96 0 78 118 97 19 90 25 117 64 81 30 74 1 70 0 114 96 0 42 100 74 53 126 7 6 73 136 56 1 24 49 1 127 
1 2 58 58 123 80 11 70 0 5 11 3 53 118 92 109 0 4 31 117 0 60 51 64 70 14 120 3 0 0 0 73 36 0 108 20 88 0 31 1 16 66 1 33 60 1 65 78 120 86 60 1 1 84 88 14 1 10 0 96 128 11 47 95 80 90 67 69 85 133 
101 116 76 71 51 57 69 19 23 88 0 63 32 100 0 61 124 124 74 0 98 1 45 125 113 0 96 113 93 0 105 91 49 1 100 113 129 111 21 59 136 1 16 59 101 73 1 87 57 73 93 90 118 60 21 34 73 69 79 96 137 126 22 60 1 1 82 18 14 14 
115 136 48 3 25 0 9 124 69 66 103 74 136 132 136 79 29 135 1 19 116 130 88 99 0 73 0 0 108 0 0 1 1 1 86 139 68 43 95 39 139 40 2 38 1 25 135 1 0 63 22 8 19 128 81 1 79 128 1 26 0 116 0 138 68 106 54 96 1 52 
36 40 5 99 125 138 16 39 60 32 1 0 33 6 63 24 138 104 112 45 98 18 60 1 0 135 1 76 62 1 1 0 1 0 0 101 90 40 101 44 121 19 70 68 5 11 0 65 115 26 0 37 0 37 48 128 1 59 23 1 0 1 24 0 1 61 9 1 0 11 
58 69 71 5 3 75 24 13 0 67 0 1 1 102 104 0 0 100 131 1 100 55 33 70 127 21 124 122 0 62 84 86 0 127 110 127 38 17 46 3 49 60 1 77 102 1 80 42 137 29 111 29 86 90 47 116 122 80 104 9 0 12 9 131 32 79 0 1 109 24 
17 55 40 0 107 89 0 38 0 88 71 3 104 34 100 76 120 0 100 1 139 1 130 1 10 119 30 119 106 133 107 29 1 0 34 66 77 134 14 84 66 70 0 55 0 19 9 62 64 33 1 55 67 61 35 1 3 7 52 22 80 60 0 85 103 70 24 92 130 137 
101 125 65 67 87 34 10 20 1 34 84 113 56 124 1 104 47 111 70 0 0 94 90 106 1 0 123 66 61 90 74 75 6 62 0 0 98 60 11 33 53 44 100 83 0 115 7 60 108 36 59 21 14 16 53 0 1 84 1 38 31 24 1 1 25 41 91 22 112 0 
112 118 92 100 74 44 57 113 0 52 1 1 1 74 16 90 1 66 21 102 87 25 84 0 18 0 49 4 13 103 12 35 119 47 41 0 1 122 123 1 58 0 70 26 125 38 47 53 60 1 139 9 41 91 0 74 95 0 11 111 108 34 10 125 58 76 29 137 117 0 
0 8 46 1 65 32 86 10 133 0 138 0 67 52 0 0 93 22 98 47 1 0 129 18 97 100 0 1 109 121 11 70 15 113 37 122 0 30 129 37 92 0 79 122 0 131 99 109 110 0 110 42 52 123 0 11 37 92 112 122 75 99 125 130 0 82 21 17 97 34 
1 60 0 0 119 80 90 0 116 2 117 128 90 63 70 76 1 1 119 98 72 102 71 7 0 39 124 0 0 24 19 121 54 102 28 76 77 0 23 83 43 138 114 71 0 37 104 133 99 98 56 9 82 17 24 1 39 113 17 129 0 91 9 1 49 94 136 0 84 1 
103 72 0 28 112 32 76 115 0 132 6 11 39 68 10 10 7 67 80 85 37 43 118 64 115 114 1 17 98 48 96 125 10 1 7 53 104 31 0 1 92 91 108 129 123 53 12 1 68 94 0 39 3 128 42 10 11 117 129 86 128 0 23 112 0 1 115 65 63 22 
19 16 124 121 16 69 28 58 30 65 54 0 115 1 72 136 0 0 1 1 14 64 35 116 67 71 132 0 76 65 1 21 16 0 46 23 19 66 37 0 11 0 96 54 58 111 45 1 130 49 42 116 49 14 49 85 113 58 53 25 19 0 120 30 42 29 121 73 132 96 
92 83 114 75 63 12 46 62 99 92 0 116 1 0 13 0 14 0 73 90 31 131 24 1 114 2 40 0 103 1 83 92 130 106 135 81 121 98 100 0 0 71 0 43 1 39 71 81 26 43 82 13 107 45 111 1 6 90 32 53 108 76 83 51 40 0 0 135 1 108 
103 65 76 15 19 132 58 19 114 0 108 1 19 7 0 35 0 63 107 92 1 113 62 40 114 126 0 39 0 129 61 73 1 66 43 1 70 55 120 50 116 0 114 9 59 101 13 0 137 48 77 83 107 21 106 0 35 0 1 116 1 0 134 5 107 84 63 0 64 53 
1 30 8 44 89 138 34 76 82 9 64 132 0 0 14 119 0 60 0 42 133 35 82 138 0 0 105 1 84 125 0 30 113 90 62 35 54 87 132 1 36 35 0 0 134 65 75 74 112 1 9 103 26 121 104 1 130 88 0 50 97 75 17 80 0 34 35 129 103 5 
42 109 13 68 101 68 79 62 113 66 51 115 92 14 72 0 82 78 103 32 1 82 0 0 121 95 44 77 7 134 90 75 1 80 68 83 124 127 79 49 121 85 55 0 50 128 1 44 86 66 66 37 128 76 83 134 56 38 1 100 105 1 76 92 0 89 36 44 0 72 
84 62 1 113 79 136 66 35 1 61 86 0 131 126 57 83 31 73 101 138 0 80 41 3 60 12 111 127 1 64 77 79 51 51 102 18 109 0 14 0 47 105 4 92 0 6 101 98 0 47 79 71 0 93 52 0 26 27 92 11 75 138 0 1 0 0 22 124 128 0 
128 105 103 124 0 73 34 56 1 75 58 61 87 16 1 29 118 33 15 34 0 89 38 13 95 22 59 131 41 1 134 0 1 1 0 1 116 88 12 0 1 38 69 0 67 0 75 137 0 65 139 106 127 93 67 8 106 93 102 7 110 22 50 122 123 70 126 127 38 68 
84 1 96 61 74 38 95 49 4 50 69 129 89 83 32 57 76 0 1 68 113 18 5 0 103 1 7 58 139 25 42 72 118 22 9 61 132 94 1 135 1 58 16 66 32 90 0 103 1 1 137 131 0 62 99 0 1 26 1 54 98 124 1 1 128 94 0 119 128 0 
64 122 127 60 102 111 47 110 62 113 41 56 126 65 1 49 1 132 110 1 0 1 19 74 110 66 0 117 0 7 95 53 31 0 75 44 1 41 0 30 9 1 1 33 1 0 30 0 28 1 54 0 0 91 1 135 92 0 122 135 56 1 1 50 15 6 1 29 47 88 
135 79 58 0 74 6 0 1 67 58 63 38 64 101 60 122 0 107 87 103 93 49 0 138 70 85 44 50 3 44 1 90 3 134 45 130 138 106 33 118 48 49 0 1 84 1 21 54 0 101 72 139 1 1 81 66 133 0 33 26 47 110 110 77 0 0 88 40 23 1 
67 22 86 116 0 98 0 1 128 98 1 23 16 107 27 104 66 122 0 59 1 1 41 73 9 118 107 44 127 112 110 1 24 53 1 110 93 100 100 129 1 79 68 36 1 27 0 96 0 0 1 78 122 77 118 42 54 56 0 131 20 0 118 59 114 81 70 63 53 125 
136 74 1 85 112 9 114 68 81 50 1 1 130 59 52 0 99 67 16 40 88 32 58 0 0 0 68 61 50 46 1 64 1 0 58 63 9 99 68 59 137 126 1 0 71 71 0 0 56 137 0 39 16 1 48 28 47 33 28 45 67 46 92 26 53 108 124 66 0 52 
24 44 23 0 77 41 8 35 21 107 1 54 91 0 109 1 22 136 0 0 83 114 86 137 0 1 1 61 83 95 91 12 1 36 35 21 76 137 75 91 41 9 20 26 50 1 128 111 14 109 109 0 73 1 85 4 27 0 9 125 17 66 0 47 1 33 74 85 89 0 
64 76 0 136 0 1 64 136 130 131 17 1 0 106 38 63 83 46 78 1 122 134 99 1 21 77 0 125 22 119 94 5 0 81 94 98 103 1 0 73 16 126 19 42 82 1 85 116 79 10 1 9 0 0 28 1 98 98 1 0 1 98 52 71 27 125 48 128 18 1 
36 138 16 130 0 100 86 1 58 1 50 56 65 113 110 128 48 40 0 63 49 0 94 0 137 1 73 89 55 12 74 134 1 1 52 87 39 55 138 110 113 2 130 1 0 106 58 25 6 56 105 1 0 0 0 84 133 128 139 1 96 11 120 69 124 66 111 90 8 102 
0 66 79 96 83 30 1 65 51 1 0 1 101 111 56 66 0 137 97 86 73 2 58 115 82 4 70 70 33 95 1 108 119 90 97 41 88 112 0 19 21 31 26 117 8 43 122 116 26 14 49 29 105 76 0 0 26 93 102 122 47 0 8 50 15 0 7 92 2 1 
7 26 126 58 35 21 58 12 56 124 123 60 8 71 42 1 92 25 73 13 98 70 34 41 64 30 18 65 12 74 85 2 105 23 81 72 0 1 76 118 1 0 89 16 132 48 131 27 0 1 44 0 72 1 0 0 83 118 1 56 43 9 1 30 1 0 34 114 93 121 
115 13 21 27 0 1 39 0 112 126 120 139 116 93 41 0 108 67 137 76 17 33 15 30 0 1 0 14 60 113 13 30 90 35 126 35 28 1 0 26 0 0 88 129 110 103 56 28 132 118 52 80 130 15 107 105 0 105 107 7 64 104 19 30 18 43 35 69 18 136 
32 138 112 86 116 14 83 85 10 5 69 0 31 0 75 121 131 1 62 0 14 3 67 109 51 94 106 33 33 1 81 1 74 127 64 53 0 101 116 61 104 47 72 1 65 69 123 20 14 81 67 16 137 110 73 40 0 0 131 1 101 1 1 93 21 26 84 84 120 31 
55 116 109 81 37 101 13 69 92 122 61 90 88 27 41 101 1 106 14 53 1 118 130 0 139 53 42 74 0 0 1 136 0 1 69 108 1 24 49 97 77 28 1 71 1 99 0 1 134 84 43 1 105 13 107 50 94 91 0 56 11 88 0 22 26 0 134 20 39 127 
31 0 132 130 123 1 32 1 75 1 83 45 125 18 34 1 119 11 73 128 105 42 0 107 111 100 1 37 58 58 81 94 122 98 3 0 46 99 31 62 0 41 56 104 73 136 1 106 79 20 127 125 133 32 115 100 116 1 97 0 64 23 77 95 116 48 135 6 11 0 
39 1 1 114 41 34 0 0 128 57 17 14 30 132 60 63 4 111 0 23 127 121 99 125 92 7 29 0 21 4 72 129 1 0 139 139 37 65 1 25 61 1 25 1 96 14 70 1 126 1 1 103 43 43 112 0 48 88 87 33 0 1 6 11 78 47 5 135 48 85 
100 1 51 1 127 12 117 87 90 106 1 95 131 1 133 18 4 66 129 128 50 114 134 113 0 138 87 17 11 105 0 96 80 107 106 1 27 0 63 55 100 41 1 118 128 125 105 15 3 128 104 117 83 105 1 126 1 1 1 22 72 0 93 44 17 42 9 16 127 0 
90 101 1 1 0 47 20 20 7 2 111 115 117 115 43 40 1 0 1 1 0 53 136 119 28 66 137 0 96 107 38 127 11 69 136 43 3 0 19 35 25 47 126 26 133 119 0 0 120 0 1 15 34 35 14 13 74 29 39 26 6 0 0 96 87 14 68 1 115 0 
70 1 1 0 3 123 60 44 8 41 63 1 0 103 97 135 77 78 29 122 70 114 135 17 83 1 103 132 0 111 0 19 0 1 0 71 100 107 119 55 124 137 1 42 76 97 25 1 0 100 61 133 71 0 16 0 33 0 1 130 95 0 89 0 59 0 0 1 8 30 
103 66 91 31 108 57 134 1 52 77 36 27 15 0 62 0 0 0 21 18 109 70 29 23 24 74 42 101 62 139 29 80 0 1 9 98 70 88 126 38 29 108 95 67 1 1 1 11 56 0 0 3 116 105 126 11 87 63 123 96 121 112 29 29 0 0 48 28 0 1 
61 105 28 16 1 129 94 120 118 58 102 7 0 93 48 79 0 0 0 44 127 1 26 130 51 53 70 1 90 72 124 11 1 1 100 25 76 95 57 104 0 37 61 1 0 56 1 47 42 62 95 113 67 47 0 57 1 97 79 119 28 67 18 72 82 0 68 76 38 79 
62 117 98 26 1 18 9 106 0 64 60 10 98 1 62 115 128 95 124 132 104 1 107 111 0 124 48 132 28 124 75 20 55 30 102 25 1 1 130 1 1 21 121 41 61 1 0 116 1 0 1 73 12 0 71 78 111 16 94 0 127 33 72 90 0 47 0 38 122 20 
87 131 111 15 0 28 87 41 43 26 0 125 0 20 102 104 0 94 40 42 71 0 38 1 130 1 61 0 81 66 123 107 103 2 54 7 63 42 57 41 103 49 1 64 53 1 114 43 1 0 17 131 19 0 122 54 0 6 131 1 103 1 1 119 139 1 27 0 0 94 
125 46 39 2 1 0 0 15 129 0 1 1 0 128 114 53 12 71 132 1 120 73 128 72 0 133 116 1 45 1 1 129 65 17 71 94 79 4 38 38 1 66 58 41 87 0 90 118 59 74 48 134 42 109 49 0 89 87 63 42 9 107 0 0 23 82 107 0 0 122 
131 115 19 85 25 96 9 0 65 0 108 72 0 57 0 109 0 63 120 51 1 37 38 99 113 88 119 0 90 10 37 77 116 121 79 42 92 0 22 107 89 104 89 127 91 113 1 35 38 49 35 106 55 88 1 0 0 56 67 23 56 0 1 1 8 0 134 106 58 0 
