1
80
0 18 1 1 38 142 141 136 146 9 73 3 129 0 79 99 136 0 69 93 132 48 29 136 3 72 125 41 140 46 0 114 120 50 100 12 1 95 30 100 57 63 153 146 44 90 19 96 28 1 0 9 14 115 13 1 55 150 2 66 153 107 6 56 47 99 0 114 95 0 30 6 24 93 0 29 99 88 0 4 
54 0 49 156 22 94 0 0 0 36 138 115 72 45 66 44 39 57 1 126 95 111 0 1 0 0 0 38 0 1 138 79 0 0 16 0 1 0 1 78 59 1 16 125 58 151 141 28 120 0 65 88 1 1 136 125 85 90 32 98 157 82 1 17 92 156 105 104 60 94 46 134 43 1 1 0 149 0 147 159 
79 3 0 1 39 1 148 1 30 0 61 119 90 12 5 13 106 148 12 19 53 154 100 13 27 1 153 117 17 126 33 154 104 0 1 152 67 74 60 110 3 0 64 87 0 92 49 133 147 99 107 144 97 0 94 22 41 95 71 67 9 53 10 145 142 33 1 36 158 1 1 41 0 1 14 25 139 122 150 127 
0 55 0 0 21 0 1 149 111 57 84 1 40 64 2 156 150 1 38 1 92 67 1 0 116 144 148 93 9 0 120 132 142 133 147 150 55 95 159 151 129 117 61 139 54 77 0 75 0 0 129 0 140 143 1 68 54 54 21 53 159 135 146 63 1 126 65 134 75 8 62 59 122 0 139 22 85 63 87 54 
6 102 108 142 0 108 8 59 46 137 133 0 114 44 63 85 104 1 109 20 1 48 68 140 1 50 89 85 0 159 0 68 1 114 62 1 91 0 0 117 125 81 1 119 87 12 77 1 65 112 55 93 78 0 37 1 64 26 133 11 10 4 27 97 0 75 1 1 50 80 82 54 89 31 88 0 109 62 0 1 
93 128 45 147 40 0 4 1 0 30 121 68 113 1 38 1 152 87 32 103 124 97 88 43 144 97 151 1 9 121 23 157 1 1 119 32 1 119 0 97 52 1 0 109 1 1 45 86 105 39 144 0 106 1 148 52 153 46 1 124 1 79 155 155 1 45 156 21 1 52 1 122 1 27 0 11 1 66 100 32 
150 1 112 25 0 29 0 145 1 1 147 78 97 152 147 0 16 104 80 86 1 33 0 57 1 75 98 84 1 150 0 128 0 52 11 152 0 142 3 143 1 80 81 65 1 77 1 0 54 130 120 97 142 0 68 113 59 118 122 133 0 112 0 127 61 23 0 1 0 88 4 80 1 31 127 1 1 39 1 0 
154 89 132 82 95 34 44 0 1 0 0 138 18 49 79 86 74 150 72 148 74 115 0 0 53 89 63 149 136 1 0 0 4 70 48 22 40 55 28 55 12 0 6 10 2 14 133 112 14 109 17 149 21 58 0 83 141 103 106 50 0 20 0 2 24 1 140 106 58 123 52 124 18 153 1 0 126 53 94 42 
1 118 10 130 65 1 0 0 0 57 82 96 136 1 1 155 28 24 118 98 144 63 78 78 32 152 92 124 94 18 76 118 139 0 43 0 18 31 55 159 108 126 93 75 67 8 76 0 0 0 122 14 55 113 148 121 149 34 1 0 23 49 16 1 152 65 134 54 0 81 125 0 0 0 0 0 85 70 152 65 
90 0 65 70 145 142 16 3 144 0 0 101 133 117 59 72 23 88 43 152 1 127 43 36 1 89 24 75 1 107 104 39 9 49 6 89 30 1 73 158 82 73 40 73 47 0 0 90 142 59 79 52 131 0 108 37 99 13 78 29 14 119 76 34 104 0 37 159 49 0 0 19 80 147 0 0 1 1 12 132 
6 149 37 116 45 10 64 109 141 0 0 119 0 98 107 1 145 0 0 132 1 65 93 86 1 158 49 10 2 95 1 98 125 1 158 80 136 23 104 122 71 119 1 84 108 71 75 71 39 153 1 116 108 136 1 1 61 5 65 131 44 88 68 59 95 47 141 93 157 153 117 1 101 1 21 1 0 71 111 134 
29 0 29 144 159 42 141 1 25 1 82 0 1 73 15 34 68 87 27 104 93 151 1 40 0 91 139 52 87 76 131 10 52 10 86 58 138 56 147 27 49 57 1 117 11 0 17 1 41 156 9 87 0 19 86 3 27 101 1 68 147 103 0 0 27 0 0 107 1 0 0 3 18 38 54 138 0 1 47 68 
23 78 10 5 106 115 123 73 91 30 1 92 0 132 1 0 104 79 133 0 125 85 0 116 76 148 85 37 140 25 102 51 32 118 105 156 78 105 1 48 1 69 80 0 119 119 131 0 15 0 1 27 49 11 154 104 4 1 157 7 0 86 14 98 128 129 105 12 69 34 0 21 56 40 129 71 1 130 153 81 
1 1 150 0 23 61 1 91 149 103 62 48 65 0 81 34 94 69 51 0 7 103 69 93 1 152 0 0 1 52 5 112 0 77 13 81 20 25 49 0 39 12 137 138 54 0 127 20 154 46 0 27 109 84 38 151 126 91 0 80 91 117 122 1 24 19 21 144 28 54 57 63 0 57 33 35 0 0 65 132 
114 64 82 155 159 55 53 57 1 146 1 0 0 1 0 34 125 99 17 13 0 100 156 14 27 0 0 152 157 147 0 44 20 22 0 63 0 33 1 99 99 76 112 148 6 151 47 7 0 0 28 30 41 34 9 54 51 64 135 82 10 51 38 86 1 94 1 32 28 54 1 66 89 74 64 92 125 122 18 40 
28 100 158 0 155 13 132 30 0 0 60 0 1 67 0 0 62 70 0 41 77 84 142 158 80 151 1 118 66 144 1 24 121 1 150 1 108 81 151 122 1 107 72 144 1 28 53 126 15 46 1 108 124 18 77 50 0 1 154 1 1 1 145 1 42 157 98 92 155 3 22 38 46 0 7 159 104 1 37 59 
0 142 57 148 37 156 61 159 30 50 77 48 98 0 1 133 0 93 69 91 75 67 50 26 88 1 1 152 91 112 1 0 1 81 67 139 47 51 152 33 153 1 100 21 102 104 58 51 130 130 111 102 140 94 0 90 144 139 15 131 43 0 110 144 107 71 68 144 8 67 5 26 0 10 13 34 0 0 137 24 
50 1 86 35 0 1 49 103 1 2 0 24 105 50 94 5 1 0 1 97 145 29 120 0 44 76 19 76 139 5 74 7 34 52 1 34 62 111 52 135 43 37 14 60 125 0 1 153 35 122 0 23 119 0 26 1 39 124 65 1 21 54 59 140 157 55 12 90 93 49 21 1 93 94 60 126 153 103 82 104 
26 76 94 93 121 65 149 13 20 0 23 97 59 152 49 89 21 93 0 0 129 45 86 159 111 78 130 131 61 109 104 100 119 37 31 125 13 0 0 78 55 0 125 18 1 4 19 114 44 109 138 1 78 88 0 62 58 142 126 100 105 67 1 114 53 38 121 12 119 150 76 1 139 5 27 65 120 154 59 113 
23 1 1 23 137 148 151 1 1 132 145 0 121 29 9 18 95 128 86 0 148 9 139 1 101 60 19 56 60 139 115 0 47 112 153 66 4 119 157 103 30 1 18 71 47 52 28 144 1 94 31 1 36 130 22 43 107 1 33 1 52 5 30 1 19 153 95 138 1 117 0 157 4 115 15 148 26 69 31 47 
31 7 20 132 61 123 116 0 1 9 0 66 100 139 12 138 115 153 131 119 0 149 148 46 69 152 94 90 95 124 117 106 16 121 156 13 148 22 59 0 38 144 1 5 44 46 53 100 69 49 105 86 80 95 0 1 0 118 137 1 66 16 66 0 70 2 143 1 0 13 89 89 1 102 15 14 105 139 0 0 
59 153 1 115 139 0 96 66 3 86 1 0 73 58 69 10 0 18 76 39 98 0 42 40 10 113 5 29 71 1 20 1 38 106 1 50 102 1 80 1 99 0 52 104 136 1 69 95 157 21 9 0 1 99 95 139 46 65 6 0 1 82 148 66 1 0 24 84 51 140 1 154 58 152 36 138 34 107 21 124 
83 1 145 1 65 70 96 67 15 90 127 57 1 115 105 53 1 100 20 30 129 30 0 39 62 3 0 127 0 101 103 47 103 152 97 1 9 63 70 21 148 9 65 85 27 10 43 40 0 0 0 104 90 45 0 73 64 74 10 1 17 0 1 0 1 0 1 141 67 1 1 110 11 105 65 0 116 10 14 152 
0 1 65 11 9 139 79 108 1 105 0 94 56 0 82 140 75 65 40 75 0 74 125 0 1 84 33 39 140 1 0 127 0 16 22 151 1 87 155 1 110 155 33 131 9 28 0 141 62 50 118 132 112 103 1 148 0 113 159 111 0 149 33 131 0 73 109 1 45 86 20 34 61 64 26 2 126 37 0 105 
26 51 13 18 78 95 50 0 147 142 113 129 87 8 1 122 87 61 111 9 1 0 49 0 0 0 86 101 1 61 1 119 45 145 45 1 158 127 54 1 13 11 25 0 155 153 0 19 72 72 8 109 47 29 92 139 1 19 1 130 0 42 50 12 0 1 16 60 121 55 17 27 34 95 77 64 152 37 105 66 
1 44 156 137 10 110 82 130 73 23 10 152 146 51 1 0 116 25 105 0 133 1 70 1 113 0 103 0 91 5 156 149 153 28 40 43 116 5 0 1 1 131 155 106 11 74 142 1 33 92 84 16 107 126 5 132 0 15 1 54 1 17 152 66 63 0 31 80 1 45 130 153 15 27 99 149 140 1 19 0 
1 0 110 155 67 147 108 22 1 128 18 0 132 35 14 0 75 11 1 81 69 140 0 85 141 0 0 0 58 17 1 144 116 33 110 119 0 87 0 60 0 61 124 0 62 15 100 101 57 36 54 33 61 50 93 1 102 72 25 104 26 150 67 0 70 61 1 30 110 1 71 62 1 135 114 32 74 88 98 146 
82 0 124 1 147 98 115 128 10 30 115 80 13 153 1 20 1 56 24 101 155 133 35 120 80 1 0 0 52 22 65 111 79 148 104 26 0 130 112 87 65 0 32 16 1 57 87 138 120 152 129 0 89 0 0 40 1 101 83 122 18 1 105 27 142 79 119 153 44 147 142 47 35 5 41 1 0 118 1 37 
43 0 100 82 13 26 132 1 151 102 110 7 0 1 67 26 150 104 47 32 66 86 0 137 145 1 93 59 0 21 96 1 130 58 0 157 1 1 0 1 84 59 107 125 57 49 14 40 122 108 75 6 23 4 32 87 122 38 14 128 37 1 0 59 0 108 110 1 118 41 11 121 0 76 98 135 154 1 58 155 
140 94 29 15 137 32 65 1 20 154 138 6 87 0 117 112 72 115 23 0 0 90 1 148 5 1 73 61 93 0 6 55 6 0 103 102 29 41 23 8 125 115 141 1 0 1 15 135 124 126 17 65 10 1 67 1 60 108 94 105 123 85 0 143 9 87 95 15 1 4 125 29 64 87 48 44 30 148 22 35 
5 71 40 27 47 75 93 0 49 90 105 65 0 104 109 25 125 0 78 50 54 6 153 1 95 128 96 2 0 60 0 44 1 66 98 0 106 50 109 1 108 109 8 89 65 67 0 1 0 0 25 15 113 46 1 136 154 11 0 1 0 126 35 134 83 1 105 41 21 9 67 11 121 2 20 134 1 133 144 23 
159 150 1 154 80 12 52 124 122 0 131 126 0 44 1 80 113 0 55 70 113 125 69 74 120 1 0 128 71 82 101 0 10 1 1 41 1 80 94 51 0 81 159 0 75 15 112 143 96 117 14 118 60 74 105 1 0 53 1 34 2 31 84 44 59 114 5 51 109 131 11 9 57 1 34 21 100 8 119 145 
8 52 43 61 50 28 63 0 33 15 105 32 1 93 24 15 0 29 103 128 72 94 0 15 103 0 1 0 0 9 150 0 0 10 0 102 146 67 64 140 84 49 97 42 0 135 130 6 123 58 0 105 102 49 99 147 42 73 1 1 118 134 69 132 70 1 16 1 45 0 88 103 29 18 63 120 19 1 131 1 
1 0 12 76 0 101 70 101 27 91 75 106 1 138 144 159 10 110 132 61 117 108 100 80 5 0 153 74 111 48 156 41 1 0 49 1 0 104 102 0 96 102 8 91 94 90 159 29 7 30 1 87 146 133 137 1 52 1 24 1 14 17 32 157 29 157 146 17 80 0 116 138 73 16 0 0 54 71 95 82 
61 0 107 120 51 157 43 0 89 59 140 45 143 80 18 48 0 1 100 1 21 1 46 47 36 69 61 119 148 96 139 0 1 129 0 30 24 33 40 83 90 152 2 0 98 1 1 1 19 0 97 1 27 85 65 134 110 24 0 1 9 0 150 58 102 92 1 17 22 99 49 1 62 20 76 158 91 29 152 13 
1 138 119 94 0 1 57 0 83 32 61 54 1 69 30 0 156 1 108 1 55 147 63 61 11 26 151 86 130 97 103 145 85 9 21 0 29 1 38 128 19 0 0 106 49 147 147 147 13 1 148 55 0 52 77 127 36 1 102 115 0 1 87 0 6 0 16 10 31 1 95 127 54 150 108 37 105 105 152 16 
85 17 0 61 112 1 87 75 36 1 1 106 38 145 153 0 14 52 132 125 0 5 85 65 0 146 0 139 128 150 140 1 113 39 36 120 0 96 141 152 51 109 33 21 92 0 89 116 1 65 98 53 45 1 98 131 67 153 37 95 1 1 147 137 63 80 142 146 55 129 132 81 149 1 57 1 43 99 0 150 
142 121 125 127 9 48 62 140 84 1 0 38 127 31 45 69 138 101 1 18 0 89 156 154 83 0 27 32 126 92 116 109 1 137 77 95 127 0 19 131 87 130 0 0 53 45 0 156 0 1 8 109 1 8 141 0 1 100 1 1 129 27 129 34 1 8 63 138 2 44 5 31 7 61 82 51 1 0 58 0 
119 95 119 91 69 0 122 10 30 121 1 89 8 22 1 95 39 78 1 80 35 93 96 146 74 115 53 0 0 82 0 75 1 55 0 43 1 84 0 109 0 114 129 0 0 57 56 63 0 1 41 0 126 1 75 1 80 118 1 102 109 8 128 158 27 1 113 118 135 77 40 8 56 73 0 115 0 94 1 82 
0 116 55 84 48 0 65 68 137 112 103 131 0 66 1 63 5 144 108 35 127 59 49 114 97 32 35 0 113 158 1 49 44 92 51 115 1 0 37 0 114 14 146 154 14 1 131 0 0 1 96 7 60 103 102 115 0 136 36 41 147 1 23 1 148 70 95 54 107 0 82 25 54 129 132 72 61 1 0 32 
95 152 40 41 129 150 36 113 0 116 125 0 44 101 65 89 76 1 48 151 26 24 14 77 143 53 50 131 102 0 79 84 108 124 0 0 39 74 0 77 0 18 84 8 0 0 1 131 75 1 1 10 22 12 65 52 155 38 115 1 131 44 1 40 122 0 0 0 128 19 147 73 38 108 132 1 0 10 39 123 
41 57 0 1 45 62 1 11 116 20 1 0 38 34 59 45 22 103 79 1 30 43 75 26 59 147 127 1 130 83 53 76 131 0 16 1 93 68 38 123 64 0 99 1 94 19 89 16 0 149 0 38 51 21 85 36 0 13 0 63 29 87 18 130 118 13 62 36 0 83 0 105 25 39 53 79 48 0 0 106 
25 74 0 145 40 1 71 1 84 105 21 140 152 89 72 144 157 27 1 65 73 151 109 74 0 120 23 13 0 136 11 116 130 117 0 32 65 0 79 59 0 15 0 0 77 72 90 69 1 52 28 138 93 139 149 73 46 7 90 17 0 10 1 97 0 0 71 0 119 115 23 0 0 102 72 5 72 1 49 100 
116 48 63 93 1 40 28 84 19 97 95 41 141 0 31 142 88 130 43 14 61 71 157 87 1 39 118 35 35 53 2 0 0 23 41 135 26 36 5 0 1 98 7 0 0 96 80 57 55 141 40 116 126 0 91 0 157 117 26 83 0 27 58 18 0 98 107 124 105 1 0 1 102 146 154 145 11 46 80 145 
79 123 1 0 108 1 58 106 75 5 64 23 76 33 111 50 1 156 3 130 33 1 85 102 17 4 11 152 22 0 157 90 124 0 21 51 54 86 26 88 1 0 88 6 0 143 113 0 38 147 61 114 45 106 23 63 44 0 81 29 1 0 133 52 48 65 159 91 127 90 109 33 0 36 159 76 51 94 140 126 
18 58 4 97 119 106 0 0 40 3 0 71 100 146 159 113 39 21 2 108 93 44 114 87 133 139 63 132 18 1 109 53 72 36 41 0 119 121 73 122 62 112 37 1 15 0 11 106 56 28 66 63 124 138 1 1 79 0 65 45 87 155 95 114 33 35 0 150 33 43 77 20 72 64 136 111 108 54 49 17 
106 42 135 48 16 143 17 0 24 114 127 155 158 28 62 40 109 80 127 5 28 1 151 139 75 102 32 158 15 111 69 25 155 103 1 1 0 36 155 0 134 1 107 65 39 87 0 113 152 57 1 37 51 1 2 108 130 0 140 123 113 81 107 95 133 132 141 145 32 65 158 0 140 92 32 126 139 128 49 4 
54 8 98 155 73 53 156 27 0 92 40 1 30 1 122 1 21 40 34 15 62 108 68 1 144 98 148 49 32 36 5 100 0 137 94 16 15 151 42 0 0 46 53 11 0 75 1 0 80 42 70 35 94 1 150 0 0 116 1 0 88 116 86 146 90 77 159 0 142 56 83 0 67 83 147 1 109 30 43 139 
156 37 88 1 157 69 103 91 119 27 138 78 89 133 0 87 143 137 142 48 9 22 22 1 5 0 43 1 62 67 84 1 0 11 1 110 62 41 81 104 105 1 1 150 84 101 152 98 0 147 21 25 128 69 88 32 35 75 152 90 84 65 111 0 113 1 27 0 1 3 120 84 20 11 134 35 49 92 0 1 
124 96 112 33 108 121 1 14 1 34 117 92 82 1 69 41 147 8 71 90 85 16 96 33 53 35 68 15 124 82 91 81 125 1 113 29 62 1 145 1 87 95 119 1 0 147 0 1 1 0 89 5 2 57 53 143 1 64 159 1 0 91 1 95 128 127 88 0 38 34 30 107 125 96 31 24 0 156 0 10 
97 89 159 61 27 49 54 0 1 154 126 0 36 143 57 87 54 1 107 0 1 0 67 29 68 34 39 75 45 129 108 63 0 91 1 1 0 111 118 11 141 22 36 44 63 92 1 3 1 113 0 155 40 49 1 11 96 40 23 136 85 31 152 102 1 1 153 1 109 155 76 0 45 146 1 45 142 0 28 142 
1 84 35 140 0 0 1 27 43 90 1 139 159 1 62 143 1 0 59 148 108 56 83 22 50 1 58 10 151 81 1 49 62 149 59 1 135 142 0 125 27 6 112 62 1 117 110 142 92 139 94 0 0 100 72 146 0 101 1 0 130 1 5 121 37 25 0 0 89 89 56 1 18 1 37 9 69 74 99 153 
72 1 123 72 78 0 0 159 33 125 0 80 93 72 1 125 114 47 0 0 45 61 122 1 137 0 72 54 136 0 74 151 117 39 1 0 146 152 43 7 1 38 1 92 50 49 1 50 102 65 68 81 0 89 22 0 69 47 1 68 77 0 8 0 14 1 131 121 151 46 106 60 36 1 45 0 110 24 145 113 
61 88 33 145 42 1 3 1 19 1 96 0 142 57 128 79 33 128 0 0 15 1 1 21 153 60 112 13 116 129 18 144 154 39 47 99 75 120 0 0 1 83 74 105 47 82 0 5 135 1 121 4 47 0 42 122 1 120 0 71 85 1 87 1 2 71 7 0 36 15 140 0 59 121 159 5 0 1 105 1 
72 132 40 49 55 153 155 76 0 84 141 76 0 3 129 2 1 1 132 122 0 19 62 78 86 158 1 61 39 58 66 50 11 1 20 114 43 1 1 2 135 0 124 0 19 123 1 130 67 103 46 48 145 35 0 96 52 103 113 16 6 124 20 0 0 89 76 1 132 0 0 125 1 54 24 1 90 34 1 106 
112 103 50 37 135 37 55 77 48 159 1 103 7 56 31 57 41 134 54 59 77 88 12 21 69 124 134 5 1 58 0 111 9 66 31 0 67 62 0 47 0 1 68 0 0 108 67 110 88 126 80 90 115 159 116 0 138 140 1 1 151 115 141 67 28 95 0 120 92 155 55 53 111 72 109 142 21 97 23 26 
1 140 89 153 146 147 133 37 115 119 119 130 45 54 101 97 1 132 14 0 0 144 108 42 51 84 1 90 17 26 0 122 20 1 40 0 113 55 157 56 9 62 84 63 1 32 77 88 21 1 107 126 112 82 121 1 0 53 8 55 18 124 70 80 1 0 76 22 1 31 1 88 95 79 1 0 145 20 0 153 
0 55 71 17 111 119 0 1 35 128 127 105 1 45 107 0 8 131 10 135 35 0 80 26 36 28 1 99 54 0 27 114 118 133 0 0 1 156 49 1 1 0 1 1 91 8 50 1 141 0 0 1 99 67 17 74 117 0 130 145 27 131 13 127 107 92 62 1 143 21 9 0 117 31 43 107 1 107 139 39 
0 64 8 38 25 40 98 125 63 102 108 1 157 151 133 124 1 104 109 24 130 104 116 1 82 42 116 62 108 94 8 1 1 56 1 121 80 101 90 148 80 144 1 9 52 1 80 58 150 30 125 95 0 128 0 0 79 145 0 8 0 21 19 52 48 55 1 16 1 83 61 143 42 0 77 89 0 83 137 1 
138 7 131 0 0 0 89 83 1 105 0 0 106 1 21 146 98 56 104 0 49 0 84 6 61 16 159 100 88 0 152 47 38 101 31 68 105 10 0 27 1 0 1 119 1 47 0 104 10 15 87 97 0 100 60 0 1 1 37 0 158 0 6 95 155 35 29 99 102 0 0 1 153 142 16 58 75 1 74 24 
0 49 156 41 121 71 157 52 87 106 41 98 36 1 123 89 71 48 37 22 121 1 124 153 118 1 103 122 79 75 90 4 112 137 100 91 16 0 121 94 80 126 14 34 61 0 140 151 86 0 0 0 138 1 42 40 0 133 102 153 0 51 1 138 0 110 1 14 1 95 113 134 158 0 1 74 0 43 129 127 
32 121 118 0 78 72 45 136 88 51 48 38 21 45 59 116 122 106 122 123 72 19 54 89 0 100 103 80 143 1 66 1 49 151 109 111 130 46 1 98 135 47 54 87 15 146 138 1 3 26 28 159 20 1 0 6 28 80 1 1 67 0 0 95 138 145 101 143 0 12 23 115 48 12 26 1 76 93 1 97 
153 98 124 47 139 1 135 0 48 35 1 0 69 18 153 38 99 1 55 63 36 60 1 155 139 0 5 121 151 0 54 1 36 1 0 41 14 92 125 54 148 159 66 64 1 19 0 0 17 145 28 147 15 100 110 61 83 17 2 32 53 0 0 0 109 0 20 111 0 0 140 51 1 12 131 59 9 51 47 92 
31 136 5 1 79 124 42 133 154 1 84 0 1 90 1 5 22 7 135 128 0 0 5 1 129 1 27 1 133 115 126 136 100 13 1 85 156 0 70 136 115 91 59 85 93 64 157 74 0 87 1 41 1 1 135 58 14 1 0 1 1 100 1 0 59 88 36 65 1 141 54 13 21 73 54 156 29 147 39 145 
46 60 1 119 111 131 70 51 131 131 142 115 90 154 25 0 1 127 38 0 1 1 1 125 126 15 0 121 73 0 1 97 89 1 84 115 0 130 84 159 158 74 1 77 1 102 159 155 147 26 40 85 123 11 63 0 23 3 86 107 115 57 114 9 0 1 11 1 24 0 149 69 109 92 102 103 131 105 41 51 
20 158 117 124 1 149 20 130 1 110 103 29 59 92 32 19 96 43 0 41 8 126 31 70 58 49 0 121 0 19 0 26 88 0 0 95 15 122 92 17 151 35 0 137 0 1 139 65 157 112 88 1 0 65 47 73 104 1 84 0 98 0 17 129 57 0 88 52 1 1 119 7 0 0 73 0 125 1 58 71 
139 37 0 29 136 1 0 0 94 38 72 93 1 130 32 0 139 0 26 32 1 90 145 8 142 107 111 130 73 12 1 28 103 20 16 0 6 51 1 90 18 114 148 93 0 49 1 58 1 96 25 125 123 88 1 74 152 81 3 0 1 31 1 99 142 22 0 147 85 24 92 6 152 141 88 0 112 33 0 100 
4 1 7 0 94 9 0 0 83 98 14 78 1 0 113 131 64 85 32 91 138 1 31 8 104 145 131 1 40 61 152 114 37 72 96 34 75 15 38 118 52 1 128 119 100 0 43 1 111 0 36 1 58 84 92 124 158 70 0 38 0 116 75 84 26 32 32 0 1 0 1 126 105 155 0 1 71 23 0 0 
118 105 96 1 22 0 0 53 65 39 109 0 0 0 0 99 117 110 144 29 1 140 111 57 71 35 135 113 130 0 6 0 53 0 85 71 102 1 54 1 156 38 0 0 69 1 66 45 1 154 97 98 137 86 0 104 148 101 115 4 0 83 23 126 33 1 30 1 0 0 40 101 14 156 34 31 64 2 48 146 
85 30 109 4 108 130 128 69 1 155 0 21 92 104 0 110 5 0 61 0 0 150 0 67 114 143 90 118 1 0 0 8 1 51 23 74 35 131 55 0 20 103 80 19 8 149 1 30 8 16 94 0 141 122 1 96 38 121 19 90 83 1 67 95 32 159 1 3 134 0 140 1 102 131 150 132 38 1 72 1 
153 21 17 45 46 0 37 0 78 139 0 155 61 0 22 133 0 151 1 74 158 91 128 133 0 0 16 1 0 4 140 50 94 23 99 89 16 134 19 18 0 99 141 152 75 63 131 21 0 79 1 0 112 38 117 1 135 1 34 72 0 1 0 24 1 33 56 117 1 33 0 96 0 62 148 136 1 135 65 80 
52 117 14 21 125 142 0 49 35 111 14 0 48 1 136 41 157 1 108 159 74 51 88 120 0 132 128 127 88 1 18 73 103 68 146 30 120 153 47 85 104 120 0 76 75 122 142 61 101 58 106 59 126 50 36 21 91 91 122 114 32 81 151 123 1 9 138 1 43 153 87 0 157 107 136 65 95 90 47 147 
1 102 0 157 81 0 38 82 142 69 157 1 143 148 1 1 11 15 0 1 37 156 105 1 13 90 93 22 77 146 25 1 0 61 1 9 129 0 35 124 80 1 113 0 121 85 130 106 71 0 104 157 159 22 114 108 154 88 76 0 130 0 141 67 104 90 70 81 142 141 1 0 0 150 80 87 92 44 66 1 
77 97 0 50 1 54 120 77 66 118 135 152 38 138 145 0 11 109 1 0 117 0 158 94 33 130 0 0 128 30 63 0 51 0 124 0 1 135 36 52 128 1 156 28 109 1 111 114 1 0 1 52 114 115 121 20 1 30 0 59 139 133 119 1 144 122 40 79 5 73 103 149 116 0 143 0 84 158 1 6 
66 104 30 31 50 38 0 0 123 133 32 157 1 119 81 149 58 127 71 97 0 1 142 40 55 1 1 1 0 128 97 1 28 0 28 124 61 140 78 0 21 1 1 27 79 13 42 68 3 6 9 52 158 145 82 134 109 94 25 0 121 1 136 74 0 99 113 114 116 131 159 1 0 1 0 2 26 134 0 49 
30 0 70 147 47 153 33 58 113 0 95 68 149 134 1 3 0 99 129 0 77 83 24 147 78 78 85 154 3 56 6 142 44 1 1 119 81 129 127 157 102 88 159 1 144 0 124 89 107 85 73 83 1 0 137 46 134 95 125 40 0 148 64 74 0 135 17 1 25 64 12 4 116 100 46 0 86 58 44 66 
1 84 0 42 1 3 140 76 40 131 22 145 1 81 9 81 1 131 58 150 71 71 159 124 44 101 0 125 94 10 87 56 81 0 82 0 1 0 1 7 49 19 11 88 54 32 65 36 1 75 1 115 63 153 34 153 153 2 1 79 1 113 124 0 141 103 89 65 0 25 148 105 68 103 137 49 0 0 45 116 
101 107 0 12 140 93 1 3 131 1 24 1 140 4 4 154 1 43 70 2 131 137 71 0 87 156 72 0 137 44 33 0 0 20 0 18 36 29 150 131 120 42 70 61 63 42 0 153 0 12 0 24 1 104 14 43 11 73 28 0 1 0 3 1 99 78 132 66 101 113 120 29 15 89 16 24 0 0 147 73 
86 143 1 57 70 43 129 111 1 93 90 1 0 82 72 140 1 0 150 1 42 24 93 126 0 0 79 1 1 49 50 115 149 100 53 157 41 133 119 80 148 0 111 88 69 62 1 92 74 122 32 81 17 0 124 1 0 50 114 41 1 0 1 1 39 79 50 11 157 1 0 77 14 124 31 7 121 115 0 29 
14 117 18 148 100 143 1 0 0 15 132 85 44 0 33 1 87 38 54 36 0 109 47 1 16 101 1 149 88 122 100 143 119 0 91 140 73 143 89 61 24 1 16 40 49 46 122 29 0 144 125 118 120 7 135 21 17 3 46 1 121 115 1 1 0 123 74 141 60 1 1 29 4 105 73 150 0 120 53 0 
