1
80
0 106 56 1 95 103 1 0 80 37 139 112 134 0 152 87 146 38 82 7 36 109 89 26 133 113 40 0 78 1 3 156 29 56 0 0 36 57 150 1 34 0 95 1 45 47 0 0 116 73 1 153 89 141 116 56 65 73 158 37 133 0 156 36 99 1 99 3 34 0 60 21 0 0 123 157 144 87 76 1 
31 0 60 88 141 47 0 17 117 77 110 0 64 54 1 103 76 69 138 9 123 1 34 102 43 91 48 151 1 69 108 49 57 1 146 34 72 139 46 0 98 76 57 1 1 0 38 1 152 148 0 1 32 107 159 1 1 117 1 28 72 14 1 0 18 109 141 83 64 8 66 0 0 0 4 31 133 0 89 29 
34 93 0 7 41 111 137 130 96 1 91 0 52 54 23 0 56 1 1 98 0 55 0 16 43 158 130 12 127 15 107 1 43 88 3 1 1 58 37 1 0 15 86 15 60 150 0 88 135 89 45 130 1 129 12 71 1 1 1 21 0 1 101 29 141 1 126 1 108 91 106 1 145 57 0 54 117 55 0 153 
93 1 111 0 153 1 46 1 1 1 67 73 1 23 83 0 33 54 2 18 32 75 0 131 16 0 115 115 121 0 15 1 114 1 0 39 1 77 131 149 0 92 75 104 1 99 42 27 1 79 23 66 2 114 0 135 117 78 1 98 89 39 81 37 64 144 124 68 156 1 1 61 52 143 105 83 15 19 103 48 
119 92 24 11 0 29 0 52 51 11 83 86 47 153 9 151 145 46 93 132 120 17 156 1 20 1 0 149 0 81 98 59 32 81 1 121 0 136 145 50 92 63 20 143 17 52 95 62 12 67 1 43 1 145 1 1 58 0 5 66 70 0 0 143 74 140 93 7 99 111 123 0 97 140 1 17 49 1 1 154 
16 124 29 87 1 0 118 61 68 1 87 13 43 1 17 153 109 95 14 1 46 12 65 55 73 1 124 139 0 118 125 2 0 17 43 0 11 137 28 108 113 141 6 0 99 0 1 24 65 49 27 54 66 69 104 149 133 42 1 66 0 0 139 141 115 3 127 73 1 159 61 29 41 32 143 134 20 5 26 1 
19 39 45 106 33 30 0 49 57 0 1 107 31 1 95 21 147 0 21 0 16 95 147 69 71 1 139 139 26 39 84 145 13 78 152 65 87 136 60 159 81 88 1 137 12 48 1 62 1 29 84 0 148 87 0 78 20 52 23 136 34 38 25 1 49 141 1 79 146 98 49 132 155 3 1 70 116 11 75 0 
123 25 1 50 146 25 31 0 0 91 113 49 81 33 141 82 45 107 125 71 139 145 51 0 71 1 56 0 114 36 61 88 0 50 14 59 87 44 112 0 121 137 108 1 52 145 106 1 57 77 8 30 132 159 126 0 73 9 140 149 0 29 1 0 9 52 1 0 150 69 0 106 62 1 0 28 89 116 27 20 
145 1 132 73 0 150 1 29 0 0 0 105 0 60 121 1 20 0 23 158 152 59 30 79 0 137 0 0 111 28 130 46 138 42 87 43 1 104 30 1 1 57 31 5 27 0 47 40 77 80 85 0 2 65 51 147 101 147 0 97 125 11 0 122 38 0 136 106 1 120 79 122 120 1 69 49 87 75 46 0 
24 1 25 106 98 7 125 60 23 0 46 152 19 56 148 0 46 18 130 25 63 110 146 65 36 157 138 137 0 6 144 74 12 146 93 1 0 1 94 117 1 59 65 135 66 1 64 16 128 0 35 117 1 45 146 0 35 39 94 54 89 155 0 1 0 0 158 53 131 1 155 38 1 1 148 30 61 159 5 34 
145 34 36 47 0 120 113 61 134 0 0 91 0 24 37 120 1 7 94 35 1 1 60 139 1 115 24 46 159 23 20 65 134 1 0 52 88 94 81 62 29 73 64 3 131 0 1 159 1 60 1 1 38 107 10 0 42 118 62 149 0 120 49 59 63 119 126 156 0 129 152 158 138 110 41 67 58 12 68 0 
105 92 88 129 49 0 41 152 0 30 40 0 90 13 1 129 55 13 121 53 41 81 94 20 49 1 110 121 0 18 19 141 63 96 152 0 65 2 155 24 1 0 0 27 92 114 19 157 38 1 17 46 20 34 40 39 110 62 129 85 1 149 149 142 0 0 84 79 35 63 109 137 72 3 17 71 77 1 1 0 
0 86 49 33 1 80 47 142 105 0 118 52 0 20 70 0 102 19 93 83 125 18 132 97 1 76 79 97 1 0 1 7 84 89 110 104 34 72 17 147 86 108 35 1 95 0 29 90 159 111 124 56 0 26 6 1 131 104 139 76 90 1 139 1 120 0 154 149 59 88 68 154 62 112 131 48 0 78 0 18 
61 1 110 0 159 150 24 135 157 52 57 30 60 0 117 12 1 20 5 26 118 143 111 1 46 1 156 0 21 77 1 74 1 104 3 76 74 97 46 46 87 48 95 27 144 1 45 1 0 0 6 99 75 120 159 1 157 0 159 14 150 0 0 53 0 1 141 42 42 144 111 43 54 9 91 151 54 0 17 0 
25 47 36 74 50 135 97 132 146 0 45 68 0 95 0 0 8 79 138 16 48 1 83 1 51 152 119 51 80 9 126 44 119 0 1 90 0 0 0 21 105 14 0 0 118 138 6 148 36 1 42 17 57 31 83 72 63 45 0 85 104 76 154 131 139 1 26 0 24 142 0 89 121 61 151 87 81 140 64 55 
85 53 84 0 21 139 51 5 15 135 130 65 28 134 64 0 0 32 89 9 33 83 69 109 1 156 0 24 47 10 2 1 117 44 12 96 84 1 1 0 79 0 46 0 7 2 155 150 0 0 101 0 133 53 103 70 0 28 0 88 151 0 0 91 125 1 0 159 42 93 47 49 81 83 0 44 136 33 113 3 
123 140 75 87 39 153 91 36 1 5 63 137 1 155 118 1 0 1 134 1 13 0 48 1 124 91 86 107 26 87 60 94 69 0 23 71 0 33 27 140 146 14 1 157 141 0 159 51 60 4 59 141 124 90 56 112 114 82 23 1 0 12 90 82 86 150 69 128 1 0 1 118 70 134 1 13 127 35 0 158 
0 105 105 114 130 106 127 0 0 0 30 102 58 19 21 61 1 0 92 93 106 0 49 1 1 0 0 18 100 1 1 86 141 100 159 107 72 142 95 1 10 1 119 107 107 133 27 1 87 27 135 8 76 46 13 0 0 0 19 0 0 44 104 0 106 159 0 140 148 1 76 0 105 112 35 1 83 91 143 134 
88 99 67 1 8 0 41 61 0 93 80 34 0 7 138 0 92 0 0 53 153 6 0 0 35 56 145 0 155 47 82 99 1 43 98 1 102 24 24 88 1 21 1 38 0 140 65 152 121 9 69 149 68 0 58 138 59 123 150 37 148 153 118 17 56 1 150 99 148 48 155 154 124 51 106 0 0 21 117 1 
73 140 105 141 0 30 77 101 81 0 68 51 28 26 106 148 0 93 74 0 50 116 73 63 14 158 117 29 1 31 118 0 52 97 14 118 57 45 105 53 1 30 114 27 83 6 0 145 87 39 15 57 41 38 1 134 58 113 87 70 0 118 110 148 112 89 84 50 0 11 91 0 140 0 1 64 28 138 4 41 
43 156 116 54 19 29 3 41 6 36 139 134 0 24 113 64 54 133 119 38 0 88 1 64 25 44 77 1 102 38 16 35 114 27 66 10 85 94 93 61 6 71 26 129 59 0 10 33 53 1 1 22 87 38 123 1 0 19 152 1 107 51 1 1 98 1 137 146 0 105 90 5 1 105 57 148 1 144 110 86 
96 65 1 133 113 95 154 0 47 49 71 123 101 40 103 0 0 84 115 10 64 0 134 0 38 61 0 159 11 80 103 60 11 106 96 0 0 86 130 25 116 159 0 32 1 60 87 0 0 1 154 54 155 11 151 0 73 56 1 149 130 49 43 147 1 103 131 17 120 0 5 23 1 140 0 148 156 1 97 79 
84 105 85 52 3 138 159 65 141 0 1 1 105 1 0 53 0 1 1 1 1 0 0 0 58 148 36 153 105 60 31 118 79 58 88 118 1 111 31 133 110 63 145 1 146 0 124 83 33 158 107 109 82 10 1 30 127 122 0 1 144 27 109 135 75 126 92 1 44 140 80 99 132 41 44 37 39 24 7 126 
134 1 88 72 8 26 94 77 1 120 1 142 49 90 51 136 62 110 90 1 63 1 159 0 81 38 1 159 6 111 90 107 1 45 95 54 91 75 109 58 135 78 116 98 0 95 75 1 70 20 20 144 105 1 0 0 118 67 17 0 1 90 1 118 0 91 132 66 1 148 100 0 1 128 68 116 0 55 1 98 
11 91 123 1 154 22 100 86 20 115 89 106 38 97 1 62 68 1 133 0 39 34 72 91 0 48 1 138 99 135 140 152 3 0 157 1 123 84 39 16 52 153 141 138 110 145 139 73 86 23 24 79 89 74 3 126 144 31 70 127 10 140 128 57 0 94 45 1 42 0 82 1 86 69 95 87 56 0 37 103 
104 3 72 27 7 0 138 0 141 39 109 25 0 106 92 88 87 0 73 117 1 12 1 147 0 0 28 44 0 128 109 68 98 0 71 0 135 8 1 1 121 0 118 52 86 139 115 57 0 104 56 11 69 63 83 156 1 111 1 136 108 105 11 1 4 1 56 47 92 97 61 1 152 26 86 150 98 123 115 0 
107 2 1 13 16 129 116 145 35 0 1 1 102 92 1 127 95 83 14 71 57 107 0 82 76 80 0 1 150 41 1 44 110 1 128 141 100 137 61 63 1 112 14 116 70 66 35 14 52 62 115 76 34 1 12 52 18 80 96 20 34 84 13 19 1 123 83 80 158 1 108 63 0 94 1 93 95 0 59 88 
71 135 86 138 83 1 131 117 56 93 99 122 151 111 86 67 137 101 98 88 116 96 1 1 98 119 81 0 1 115 148 101 0 82 69 104 0 0 40 37 132 1 88 130 34 1 58 91 1 0 69 127 1 140 74 42 54 69 74 105 27 26 48 1 36 1 128 66 42 27 135 138 0 49 17 94 111 0 1 89 
84 116 87 139 136 31 1 116 0 95 1 155 145 1 97 57 43 114 126 34 103 25 1 129 126 42 78 96 0 72 0 142 1 1 0 29 24 68 1 1 1 91 0 16 36 148 113 63 3 93 145 23 114 1 155 92 0 1 150 102 1 45 66 53 114 146 55 0 0 137 146 1 56 64 47 136 1 95 145 52 
31 37 63 1 79 1 158 149 51 131 71 9 1 47 58 99 14 138 26 105 49 148 1 157 0 38 3 1 1 0 124 74 45 67 142 1 9 97 158 75 0 16 88 1 45 123 90 3 2 128 28 124 92 24 61 9 75 51 1 141 121 137 136 0 145 7 79 6 11 1 137 158 37 75 77 5 0 128 64 97 
132 0 1 0 51 136 0 79 50 0 143 0 89 130 79 38 139 0 1 20 71 25 1 21 60 1 98 137 54 67 0 0 91 152 1 124 10 105 115 21 83 0 3 14 135 135 140 122 10 111 153 36 111 1 9 0 0 0 1 1 110 0 124 25 0 137 102 98 139 34 102 28 151 1 14 31 122 113 75 125 
56 0 23 0 83 26 25 119 4 159 24 1 152 138 63 39 85 1 70 0 1 120 110 29 109 1 98 43 93 113 0 0 55 66 131 1 64 35 158 155 50 102 119 103 0 86 64 29 55 1 106 87 15 95 1 76 106 0 0 100 148 83 149 67 92 101 69 46 53 131 47 1 1 137 44 84 0 23 1 153 
104 108 57 42 98 31 96 138 1 150 64 18 131 32 1 151 125 159 0 81 87 50 27 89 116 51 1 30 109 154 43 107 0 159 159 52 1 75 1 23 1 1 0 128 13 69 0 0 100 145 0 82 44 97 0 130 13 16 42 1 16 0 31 19 1 159 75 120 125 24 32 115 147 50 87 122 105 111 16 82 
1 0 136 5 21 123 70 152 105 102 1 74 0 81 12 11 100 92 10 1 151 1 134 0 106 114 1 0 22 50 69 47 103 0 1 143 80 1 33 49 1 24 0 0 81 113 1 126 142 25 148 0 21 44 37 120 84 126 0 129 154 7 1 127 54 114 114 70 0 0 152 61 131 48 0 45 158 1 45 150 
93 98 23 31 87 1 0 151 88 32 31 126 113 149 92 123 0 0 67 108 91 58 123 116 133 46 137 145 144 137 33 21 82 100 0 38 52 96 17 0 7 0 0 60 159 20 92 126 26 80 79 0 57 67 94 149 116 0 29 122 0 156 112 158 0 35 44 7 19 100 92 0 111 90 89 16 0 112 93 135 
1 155 40 116 51 111 6 0 158 35 1 0 1 1 130 14 27 131 0 0 3 25 5 67 87 70 40 4 126 159 1 21 108 8 77 0 26 10 10 1 32 145 48 36 63 44 1 1 0 46 13 135 42 0 147 74 111 1 0 0 33 48 35 23 54 140 56 95 1 115 50 82 80 110 150 27 120 0 145 80 
51 100 72 20 144 126 140 87 153 0 116 18 0 0 22 108 0 90 1 1 34 92 0 1 118 146 30 1 15 31 22 0 21 1 55 111 0 80 82 76 0 83 49 8 101 90 61 128 96 30 90 57 39 1 102 74 52 0 10 1 87 1 59 1 11 0 0 0 131 0 41 35 84 130 1 5 67 15 1 1 
114 66 0 25 5 37 123 117 106 43 52 54 0 0 77 33 91 103 113 3 99 1 1 60 139 134 7 123 148 8 137 150 17 69 98 112 14 0 144 149 1 1 1 1 1 126 111 1 155 89 97 78 7 28 111 135 0 0 16 1 0 33 125 0 22 2 121 87 89 1 1 77 125 55 1 61 82 86 159 65 
32 33 138 141 1 58 45 0 90 127 34 13 126 46 30 22 66 34 45 148 1 11 41 1 1 98 1 138 71 103 23 67 90 74 79 87 89 1 0 81 65 34 131 132 75 1 65 152 28 23 53 65 50 129 116 42 0 122 111 136 20 68 40 149 117 75 13 144 1 1 33 153 38 125 62 53 130 100 0 96 
1 42 1 6 20 1 79 121 67 0 127 156 47 30 99 120 1 53 3 120 30 28 22 1 61 27 0 1 61 37 1 0 147 157 96 0 0 123 96 0 1 46 0 1 42 102 7 130 78 64 157 1 90 105 56 118 0 89 46 0 85 141 22 91 1 0 62 45 16 42 4 0 0 0 0 41 60 23 97 63 
9 46 57 128 1 110 98 65 156 0 158 72 159 44 61 99 28 0 33 1 11 136 1 153 0 83 40 60 27 0 57 48 85 0 126 0 25 1 68 18 0 48 0 147 0 11 1 97 1 0 104 135 54 45 64 1 1 71 47 70 83 1 149 74 1 51 20 0 1 27 121 31 0 0 0 48 29 21 131 120 
1 103 132 53 21 92 0 112 0 103 152 0 126 111 94 1 17 50 90 21 141 0 0 151 1 105 61 84 95 19 1 0 84 138 33 124 7 68 103 63 71 0 147 51 3 55 143 31 37 74 1 121 73 141 1 40 110 24 10 21 153 1 40 86 62 138 70 137 41 121 30 80 132 22 53 0 0 88 102 94 
102 44 0 68 4 0 1 77 101 103 146 34 56 146 134 130 85 95 15 133 79 0 57 134 73 130 96 40 126 1 107 10 12 67 9 90 92 143 110 1 93 65 0 5 91 0 1 158 8 87 0 123 5 159 1 49 87 1 80 1 1 0 133 84 6 124 83 1 82 1 1 115 0 61 99 55 83 153 0 84 
1 71 118 135 40 1 27 118 117 1 70 138 0 71 107 0 64 48 106 99 130 77 48 29 96 135 1 1 155 45 51 99 106 1 78 84 11 0 109 1 0 0 94 0 159 31 9 10 111 143 0 0 57 0 1 1 99 52 1 1 38 0 0 67 82 115 1 1 151 128 94 96 29 1 113 147 1 94 15 25 
34 110 122 1 86 122 65 87 122 112 156 26 49 34 1 114 1 6 21 38 0 108 135 58 0 64 75 68 83 135 0 81 107 128 130 90 124 31 110 139 25 1 41 89 0 152 118 86 28 92 0 8 0 8 115 103 131 1 89 138 1 118 130 115 86 109 0 84 5 58 99 66 70 141 1 41 98 55 7 159 
120 0 142 115 114 150 73 0 70 77 1 1 135 145 131 120 6 99 81 80 159 81 1 140 17 46 46 110 116 1 92 0 152 87 122 21 118 60 1 136 142 1 42 1 88 0 145 83 1 116 140 84 0 127 52 64 0 57 96 88 0 0 80 19 62 66 25 101 37 0 21 0 101 56 19 85 1 0 27 26 
123 26 61 25 143 47 0 108 20 1 43 0 57 28 55 1 138 45 83 131 30 122 19 12 43 1 13 1 0 121 111 45 0 1 64 8 1 17 23 0 120 49 51 11 27 148 0 18 114 78 158 3 96 60 0 158 156 1 62 102 115 65 145 30 139 54 1 141 120 97 157 154 140 14 124 0 0 75 98 135 
1 106 114 77 0 111 108 115 47 19 61 113 0 77 25 104 90 98 156 1 26 0 1 107 154 93 110 1 101 140 0 81 66 27 1 7 28 5 45 18 46 79 91 133 47 0 0 0 74 1 0 6 5 73 52 50 108 68 4 150 24 131 20 29 9 97 81 41 0 0 86 8 2 86 26 58 76 141 147 68 
24 78 1 37 105 54 92 70 12 62 142 95 1 47 8 45 1 96 19 87 137 122 1 23 0 21 81 97 98 0 10 12 1 2 26 149 10 69 132 125 103 144 52 24 35 1 102 11 0 0 31 1 70 157 146 65 134 142 96 122 39 0 156 0 104 4 17 0 25 75 40 1 129 28 1 62 141 16 4 76 
159 58 49 92 145 44 43 15 131 60 97 114 29 8 140 16 83 62 30 158 18 74 63 65 1 12 0 24 156 71 78 48 149 80 1 119 23 39 17 119 156 107 57 91 130 117 110 135 10 0 31 114 69 2 0 48 37 23 145 66 48 79 43 70 57 1 1 25 140 17 151 151 14 1 1 75 0 69 112 71 
1 69 138 36 103 86 149 0 92 15 0 86 144 84 1 108 128 29 120 157 128 0 16 19 1 101 1 1 0 126 114 44 30 0 1 97 77 152 1 0 36 145 11 120 1 1 40 20 1 3 0 0 0 142 51 126 104 109 140 106 26 1 118 26 15 70 143 136 1 150 94 59 84 60 0 81 1 145 0 72 
4 159 149 22 59 1 8 120 12 114 76 41 0 129 46 104 119 35 105 11 139 1 15 134 15 132 0 68 151 78 0 144 1 45 0 43 27 68 136 61 0 1 41 25 99 56 93 12 1 85 149 0 1 22 0 42 139 22 29 103 24 0 1 15 73 91 0 71 24 58 0 1 63 0 111 155 1 1 1 0 
0 85 1 0 125 37 48 48 90 12 1 122 0 22 126 0 81 1 101 87 86 105 1 82 0 0 0 73 78 1 103 1 12 66 1 1 129 104 156 35 126 125 140 102 32 0 61 64 36 151 3 111 0 9 1 121 0 106 147 35 109 1 0 0 130 83 136 0 14 1 7 32 1 156 23 156 1 0 127 6 
1 97 124 0 0 155 132 0 116 45 36 49 0 1 122 152 12 155 0 108 43 62 143 0 50 1 64 152 1 62 11 106 87 123 38 96 22 146 128 1 124 74 42 158 20 94 6 0 50 26 29 33 147 0 54 87 69 1 15 0 45 1 82 151 31 100 64 25 39 3 1 5 96 18 79 3 1 141 94 155 
28 9 64 141 17 39 87 1 42 110 0 1 45 83 65 97 149 1 1 127 142 1 4 1 1 31 5 144 26 0 1 113 99 8 50 16 156 115 142 4 100 30 1 61 62 20 51 133 108 106 1 0 127 151 0 0 75 74 66 0 18 3 93 149 145 0 130 106 89 145 133 0 67 0 26 135 64 116 29 109 
1 84 15 70 1 33 89 1 110 91 1 1 29 127 121 37 59 104 57 0 29 107 0 159 70 114 133 0 23 155 142 27 145 121 17 73 0 48 5 152 89 19 1 0 74 114 57 63 1 1 153 0 123 0 144 0 43 1 123 29 114 46 31 95 93 5 93 1 142 0 98 159 1 106 0 153 72 1 139 4 
69 67 66 131 0 1 27 27 12 95 5 1 28 131 41 121 158 1 10 63 71 68 47 121 1 12 131 4 24 155 0 121 2 136 11 0 37 154 28 18 0 131 45 0 78 1 12 106 18 113 97 36 1 8 0 137 0 71 1 28 119 139 151 73 36 62 90 32 63 72 76 106 46 0 148 46 8 44 0 36 
50 36 47 20 32 12 1 0 0 0 21 0 52 0 100 0 97 1 119 39 70 90 143 1 0 28 21 0 0 0 105 49 67 0 64 0 62 151 27 27 11 80 18 1 142 149 78 127 0 1 0 4 0 8 94 126 115 0 54 1 157 1 70 14 0 0 79 101 61 103 149 140 0 117 1 109 98 129 144 1 
66 0 88 117 4 78 112 50 79 82 145 142 153 0 37 57 1 109 1 128 29 159 83 150 151 74 1 21 53 138 1 73 106 55 0 60 0 95 1 94 0 1 58 96 155 118 78 153 121 154 111 103 0 70 22 1 111 16 0 24 0 0 44 54 0 144 134 14 53 0 81 43 107 77 1 158 73 18 20 1 
42 1 91 0 90 69 30 0 63 17 78 0 154 44 1 16 83 158 125 47 0 32 0 23 129 1 1 2 51 9 64 126 69 59 133 1 74 110 0 153 94 1 18 24 1 140 7 79 1 158 1 1 155 124 0 0 0 87 57 0 137 1 70 0 13 63 112 91 153 130 50 91 0 85 1 61 1 88 0 0 
33 147 10 26 107 86 56 15 4 118 74 136 129 0 150 94 9 159 1 5 1 8 148 69 127 139 35 1 147 1 45 0 157 147 0 36 0 147 34 119 48 0 142 1 1 135 9 15 48 40 36 142 70 97 71 9 11 4 145 142 0 39 14 58 21 46 94 61 118 106 112 144 67 48 1 75 21 67 0 0 
63 110 25 0 156 64 0 145 122 79 23 89 84 89 0 153 98 16 0 1 66 36 41 63 1 0 108 27 143 109 61 6 8 33 28 0 87 33 11 116 43 31 0 59 35 52 43 143 70 0 151 93 0 110 1 5 60 143 31 32 46 0 1 35 70 137 77 55 17 1 62 10 143 93 1 58 140 1 51 73 
0 5 155 53 0 8 0 69 76 1 126 42 104 54 1 155 127 24 156 0 9 31 1 106 26 80 2 65 107 65 82 1 126 117 108 103 145 93 1 40 4 150 0 1 0 140 7 99 31 1 136 134 0 31 75 0 48 92 38 151 0 1 0 108 0 0 0 80 128 1 122 0 114 30 141 101 84 1 6 80 
1 2 0 125 31 62 68 27 76 21 21 148 19 151 144 1 14 92 104 1 79 44 153 96 71 45 80 117 23 10 62 41 94 0 28 59 9 39 34 159 93 112 0 8 151 97 0 3 71 0 1 74 39 111 95 98 90 44 80 100 0 155 103 0 115 92 4 16 3 84 155 140 92 1 81 1 45 0 52 137 
55 134 94 0 0 119 118 0 0 45 11 125 26 25 130 52 38 21 128 72 60 1 159 159 116 103 1 15 0 30 100 18 136 90 57 145 111 139 22 22 60 134 130 40 47 12 0 102 153 54 131 2 99 147 1 110 18 37 11 1 4 61 0 126 0 1 60 122 100 74 48 107 0 35 0 124 0 53 41 147 
122 143 1 68 156 111 145 1 106 0 21 103 74 100 77 0 111 34 63 1 115 1 113 134 1 58 1 1 107 0 49 117 143 85 10 108 41 12 0 31 130 82 40 145 0 24 18 105 74 1 19 0 137 99 128 52 116 0 0 99 93 45 1 144 1 0 129 78 0 85 152 6 1 93 52 1 148 0 15 38 
68 1 0 63 23 125 127 113 151 11 77 100 24 52 144 47 124 54 106 9 12 1 0 58 146 136 148 15 147 143 93 0 158 1 149 138 0 135 4 156 13 135 0 137 61 142 75 91 34 92 17 98 107 0 1 51 11 132 99 1 112 65 0 0 91 76 0 102 49 70 0 38 97 71 90 44 1 144 26 115 
35 126 46 56 107 39 117 111 34 152 151 98 42 30 52 66 32 88 66 133 0 133 1 0 31 1 96 0 22 88 45 150 85 116 136 0 83 33 13 112 121 134 82 96 105 0 1 0 28 1 13 135 0 1 50 1 137 34 3 0 51 1 0 59 144 55 59 0 63 0 41 130 58 52 102 49 27 8 67 1 
32 0 94 0 22 151 67 18 0 142 85 29 76 1 126 0 80 7 0 93 32 93 88 144 67 0 0 0 0 2 156 153 31 29 130 1 90 1 13 1 125 101 27 40 90 40 7 158 9 67 132 68 103 67 0 0 35 16 53 104 15 73 116 108 96 0 102 0 0 54 0 0 0 70 74 86 36 101 158 107 
69 1 1 0 0 1 139 98 157 3 0 156 140 1 1 95 1 57 128 112 18 14 27 1 49 1 0 72 0 24 58 2 0 45 119 63 59 1 93 25 1 127 21 127 69 1 0 71 82 1 110 1 108 1 0 0 0 110 0 110 141 1 135 0 78 126 159 6 0 0 1 76 1 135 0 70 0 79 0 1 
80 45 137 95 113 11 134 63 77 0 147 67 1 151 0 75 0 124 111 137 77 78 77 0 62 119 23 66 152 29 1 119 132 1 144 122 131 90 0 0 12 39 155 67 0 104 0 62 57 141 30 13 107 125 24 0 105 0 0 80 139 0 61 11 134 114 0 69 40 36 0 119 0 16 144 94 117 59 103 0 
95 0 53 115 72 0 43 112 106 73 0 4 95 139 91 0 11 107 3 7 107 1 1 116 0 3 80 1 1 1 119 107 4 34 80 64 135 116 0 2 78 103 113 120 132 113 56 101 128 9 68 3 58 82 127 143 0 126 14 89 7 98 130 74 136 126 0 107 1 114 1 0 27 0 135 49 145 154 31 156 
85 0 156 102 39 148 113 76 54 30 0 0 21 0 80 96 1 0 28 115 63 130 1 116 89 47 148 107 78 71 46 78 53 148 0 116 9 130 28 84 140 46 148 0 60 0 36 97 7 83 156 0 0 21 0 139 51 141 22 1 96 53 112 134 48 90 89 0 1 19 69 0 0 100 132 141 122 90 122 0 
139 124 1 99 110 147 0 73 0 27 86 16 1 76 137 81 108 138 1 1 98 107 61 152 1 1 146 79 1 58 48 151 18 21 40 0 40 29 84 1 101 113 66 1 0 97 5 1 1 146 153 149 118 0 127 16 77 26 37 1 107 83 1 148 68 0 0 79 1 49 141 97 135 0 26 0 0 149 101 1 
126 39 1 5 0 46 51 0 102 62 121 127 6 22 145 128 33 123 0 64 88 106 29 0 39 114 128 86 67 36 124 0 55 133 0 60 136 26 126 12 140 1 1 149 0 93 13 68 0 104 93 102 83 97 81 131 72 98 156 0 30 2 150 23 0 1 143 116 99 0 11 0 1 40 0 44 76 42 75 138 
1 0 0 95 10 14 34 50 0 1 64 98 13 90 20 17 40 144 106 74 41 80 92 28 0 144 96 159 30 51 105 1 52 0 2 0 1 0 47 144 23 65 1 0 67 1 137 1 33 33 1 59 30 3 32 0 1 157 136 1 52 36 143 155 80 1 36 76 46 5 145 53 0 113 75 0 131 32 106 159 
1 1 147 1 50 103 22 78 148 93 56 27 149 140 131 156 1 23 15 81 104 128 1 52 30 89 115 1 139 12 159 158 1 49 72 42 1 1 0 50 15 85 69 87 43 116 141 36 144 1 1 139 0 95 0 119 73 51 63 5 1 0 54 113 153 9 0 76 137 132 70 27 111 91 24 98 0 71 0 76 
75 82 34 80 1 140 111 1 134 0 153 0 87 26 0 137 1 154 63 36 3 111 131 129 70 1 133 83 103 87 38 37 61 92 117 37 11 1 79 1 111 52 32 156 28 7 127 71 153 13 27 4 71 146 31 141 34 114 0 13 100 14 48 71 146 81 0 19 90 65 19 131 23 66 36 84 123 0 93 148 
158 45 7 111 11 159 100 142 99 142 127 5 17 46 0 135 158 142 114 31 105 147 45 79 142 36 14 17 0 146 99 1 121 0 0 74 1 159 44 0 29 1 87 115 40 0 1 16 31 139 1 159 1 55 131 1 1 13 0 1 158 64 135 0 124 100 6 1 129 23 138 1 1 1 24 150 101 124 0 96 
99 49 80 158 107 69 58 89 56 28 129 36 48 152 73 1 77 49 108 47 0 103 87 1 38 141 42 50 121 0 151 155 87 49 34 122 34 0 52 41 1 94 60 140 118 1 41 28 84 115 154 133 1 39 1 0 22 1 152 89 9 9 93 0 0 159 89 157 1 0 63 110 99 28 145 1 138 60 101 0 
