1
100
0 111 82 0 195 127 137 173 85 36 157 116 1 1 80 72 100 122 88 1 108 142 1 147 179 146 96 1 1 1 45 133 74 117 103 128 1 41 127 162 58 179 118 137 5 64 94 94 83 0 55 133 148 0 67 5 48 5 57 1 37 154 130 87 90 88 123 1 1 74 119 121 88 94 84 179 39 140 87 22 46 146 162 1 1 165 197 170 5 60 95 0 17 25 190 143 140 0 117 91 
0 0 0 99 1 1 186 22 29 73 1 0 69 135 164 61 87 1 84 182 136 150 16 0 188 25 45 165 13 0 39 54 178 146 132 135 24 123 95 146 188 62 36 0 154 83 1 89 1 3 180 18 136 6 130 119 153 42 57 22 18 31 0 1 132 0 89 24 0 65 16 48 37 185 143 89 0 0 1 1 59 0 66 76 102 153 26 27 68 95 47 99 0 68 126 0 120 22 184 41 
92 190 0 109 29 66 0 65 78 124 146 103 176 117 0 0 44 51 1 0 1 0 1 21 197 62 58 113 73 0 149 144 0 178 174 187 59 195 109 56 88 1 179 13 58 166 130 197 1 12 101 1 141 148 27 0 165 25 1 187 24 183 111 57 109 1 189 73 76 164 122 171 111 110 1 119 0 47 140 52 30 106 25 193 125 191 135 162 62 110 0 104 178 138 14 47 0 1 64 79 
88 190 1 0 154 122 30 72 1 116 0 180 133 24 0 144 33 139 32 87 182 60 159 75 154 108 136 22 1 126 108 121 49 94 51 145 0 62 0 140 130 128 102 13 68 149 0 148 179 144 191 82 157 155 158 71 0 93 148 164 1 17 109 108 1 0 104 92 149 1 76 23 49 122 39 36 130 153 35 117 1 192 152 167 54 0 142 1 163 154 123 91 100 0 178 0 35 104 148 29 
166 1 173 1 0 86 184 18 26 85 193 26 0 178 1 83 1 1 72 50 0 109 191 0 120 147 0 187 0 111 1 1 116 56 192 1 197 126 183 169 151 32 74 1 29 162 77 178 0 197 0 138 43 25 100 164 1 184 8 81 40 0 1 186 63 107 104 1 3 18 1 3 101 37 0 31 93 132 10 0 84 7 174 16 63 111 1 1 28 168 82 0 118 123 0 128 199 1 21 150 
0 58 121 16 131 0 155 0 71 159 1 133 1 97 1 126 155 16 81 0 13 0 0 132 170 166 0 67 86 45 13 31 42 131 126 87 174 71 99 100 1 139 170 1 29 187 54 48 134 143 101 178 1 121 70 88 57 92 2 0 115 145 1 188 21 155 47 137 94 182 40 156 0 197 1 9 1 81 187 1 194 0 136 91 197 46 144 29 176 133 0 0 46 34 183 44 125 15 165 58 
194 89 101 3 1 37 0 89 0 157 45 56 109 59 167 113 1 1 123 109 103 0 0 176 89 0 114 160 86 1 52 182 134 1 160 115 1 182 61 119 156 165 164 195 132 152 79 53 153 145 79 75 2 164 32 100 28 68 168 0 34 1 84 62 169 2 130 125 14 115 71 0 153 198 0 149 44 142 153 65 127 195 120 74 1 61 133 152 66 64 1 72 1 79 103 80 98 7 125 91 
119 92 1 2 161 139 40 0 122 0 3 84 132 1 94 1 90 0 21 1 72 113 1 199 26 154 4 174 0 145 63 107 83 0 1 50 120 0 94 92 1 148 0 154 61 99 149 99 0 103 162 44 107 1 84 73 55 43 191 63 0 1 0 99 68 173 44 170 82 0 27 155 90 170 8 1 138 31 0 31 54 0 136 90 0 115 1 186 0 119 1 122 105 100 138 21 1 11 1 0 
29 114 93 83 97 146 115 1 0 0 170 15 1 140 175 0 60 129 195 0 37 182 56 136 1 172 157 191 104 114 52 125 1 63 133 155 22 15 49 130 53 0 1 159 154 167 1 0 1 188 0 58 1 75 84 10 50 0 95 137 33 42 20 72 29 93 0 181 138 35 84 78 169 43 135 5 60 76 108 0 1 190 0 0 121 158 58 92 170 13 1 76 160 0 16 104 121 136 29 178 
169 93 1 1 11 138 1 133 101 0 105 6 1 111 0 1 3 89 0 62 117 143 59 182 143 1 1 25 125 21 44 22 0 151 0 199 1 69 131 48 63 111 106 3 195 0 142 1 79 113 1 75 46 36 154 79 84 41 29 60 127 0 30 140 131 126 0 106 160 95 164 1 187 0 9 184 154 0 115 1 153 197 168 63 40 165 170 19 0 171 99 65 141 130 59 188 89 154 153 20 
163 0 126 46 0 0 1 120 1 145 0 1 1 0 83 123 76 157 45 36 34 143 1 48 25 49 36 1 1 137 32 73 149 70 59 127 199 147 1 29 105 52 0 1 178 176 61 62 106 136 154 89 65 55 179 132 193 19 112 13 116 156 0 1 172 11 67 182 117 20 178 149 1 76 153 142 7 75 128 135 74 1 1 0 180 14 112 18 1 129 64 0 1 1 84 27 16 107 69 194 
81 75 77 131 0 92 123 4 18 33 93 0 21 46 16 64 185 107 28 105 1 0 36 23 12 0 46 99 175 0 0 63 0 1 179 0 12 43 146 30 1 152 162 186 0 172 122 184 36 153 72 29 83 76 1 65 186 66 144 75 152 77 79 53 178 2 56 150 130 129 122 196 0 158 117 53 144 197 154 1 177 46 0 67 1 1 42 155 51 143 104 178 153 137 0 57 67 1 69 5 
166 65 46 7 99 1 35 183 92 194 60 17 0 55 99 78 125 26 82 9 129 0 63 6 20 0 1 1 0 116 1 0 1 1 162 51 86 8 196 3 1 50 79 1 183 57 60 1 131 90 0 62 86 31 0 143 175 158 121 49 138 0 9 1 130 108 0 67 0 14 58 0 1 114 40 1 77 90 48 175 55 44 0 0 115 1 40 185 162 90 178 0 1 139 102 39 139 1 171 80 
0 1 0 28 92 75 153 8 0 121 1 1 1 0 124 22 197 110 164 94 61 10 0 108 1 55 194 1 192 131 121 1 101 119 28 190 130 83 164 25 125 29 1 16 39 43 88 179 13 86 1 174 187 196 14 94 173 0 95 179 91 71 39 1 90 151 76 192 1 35 138 1 149 25 56 1 96 189 100 139 1 52 127 179 65 69 199 99 73 167 118 65 0 125 132 0 148 1 64 155 
49 136 130 1 121 49 1 58 0 91 0 130 1 186 0 1 1 85 112 39 149 117 11 1 121 44 128 157 171 85 123 74 0 146 57 165 59 49 10 83 0 145 91 0 1 154 24 51 114 153 109 184 0 109 79 142 70 1 7 42 162 134 19 172 130 1 1 71 1 1 1 121 173 0 76 145 0 40 197 7 27 1 42 90 18 69 34 0 59 4 39 34 169 172 92 100 190 1 199 34 
82 59 144 74 0 126 42 13 4 153 96 138 10 0 176 0 71 1 124 47 73 99 0 0 87 150 29 40 1 99 0 38 23 1 32 185 1 65 120 154 54 1 112 149 23 123 7 183 0 69 0 90 4 191 1 115 55 0 6 27 160 1 92 83 24 20 1 163 65 176 3 1 91 4 1 157 45 1 0 154 100 164 157 53 73 131 47 195 42 1 175 1 29 9 1 5 145 0 68 159 
151 130 108 179 61 38 128 1 0 139 0 78 139 137 1 104 0 89 74 172 32 120 190 124 45 1 91 188 23 21 96 14 80 0 0 47 41 116 116 1 61 192 0 105 193 189 59 94 82 78 1 20 131 164 0 151 145 1 47 194 177 8 0 1 156 52 104 89 128 172 1 60 124 74 78 137 80 31 92 0 1 47 79 173 17 58 37 199 100 158 22 1 36 34 11 1 0 97 188 158 
1 165 122 1 12 0 0 107 1 151 185 160 0 50 0 64 79 0 179 68 0 94 161 82 146 50 122 127 1 189 177 1 110 47 94 53 9 62 139 180 107 20 15 38 0 0 191 1 1 0 174 1 25 155 0 100 185 142 180 52 120 0 38 64 142 98 1 189 1 178 132 129 25 37 26 7 106 145 90 58 1 156 30 20 95 1 100 198 164 113 185 0 1 192 147 171 123 54 27 105 
9 38 75 62 1 50 157 57 1 18 59 152 34 1 117 197 151 50 0 181 185 163 133 1 131 71 119 43 77 1 0 0 35 28 75 10 150 159 173 98 25 7 77 142 0 0 120 136 63 1 1 1 1 86 4 1 12 140 195 128 172 198 119 182 10 132 0 192 0 19 40 121 178 72 1 7 120 5 47 55 0 1 124 31 1 51 1 19 0 193 186 0 0 5 120 27 52 1 156 41 
49 0 177 128 1 0 187 0 76 118 153 169 149 129 54 0 84 99 180 0 10 28 59 99 13 198 124 1 105 137 1 67 191 135 54 149 22 156 89 22 109 165 107 185 0 98 114 10 0 182 66 151 138 61 1 62 53 58 0 114 113 139 0 116 0 158 50 67 0 53 1 196 116 134 82 1 0 1 12 166 1 193 1 81 179 1 117 122 0 32 123 110 186 30 0 1 186 86 0 173 
0 139 149 114 182 0 1 1 124 1 13 119 52 18 1 115 68 93 192 50 0 116 130 130 187 129 0 0 0 123 0 1 59 64 60 42 0 1 97 44 70 1 81 128 106 57 181 61 121 129 0 0 0 34 23 1 154 1 73 89 47 66 144 0 106 0 0 66 76 188 122 0 1 76 41 83 0 182 0 140 187 92 155 20 1 0 67 34 34 42 108 90 143 176 129 1 74 144 163 186 
0 78 9 4 0 0 125 183 21 101 153 145 112 99 1 95 183 185 116 13 87 0 1 26 122 4 1 83 179 48 94 105 0 1 196 0 1 177 178 100 154 0 85 180 111 26 1 123 50 55 76 1 66 14 189 118 50 79 0 194 100 11 111 1 144 78 1 26 1 139 2 181 0 82 96 73 0 109 1 196 160 160 131 123 102 48 62 0 41 176 20 109 21 127 14 0 1 95 76 1 
1 98 67 1 1 50 69 6 0 85 183 0 92 0 35 31 134 0 167 95 142 140 0 196 1 97 79 1 78 0 17 71 45 1 0 0 162 0 103 46 136 10 123 99 145 42 11 0 18 44 69 1 51 177 106 113 34 14 17 57 196 1 171 1 12 47 190 186 179 189 142 55 125 109 0 118 120 1 1 133 115 0 61 30 180 67 1 115 79 49 112 1 121 1 1 1 161 152 37 1 
55 39 0 86 21 24 0 0 13 1 0 26 156 0 57 125 82 114 154 111 38 98 144 0 158 103 1 0 140 108 140 60 150 0 112 153 13 59 0 114 105 0 82 61 126 93 82 78 0 168 0 15 154 114 0 6 144 1 126 135 173 1 110 1 0 58 58 79 30 46 0 120 0 175 186 27 190 199 28 86 140 15 1 131 49 135 146 1 129 14 84 38 178 175 170 136 117 0 129 95 
130 190 98 0 27 1 1 149 24 93 138 37 0 1 83 80 1 65 1 1 197 110 30 29 0 186 0 0 37 128 35 130 168 92 3 1 131 1 176 36 1 82 48 1 88 1 187 138 1 23 99 1 58 57 104 38 151 0 90 178 91 60 130 0 163 147 37 1 146 144 113 0 1 161 46 136 0 37 128 159 57 47 44 188 147 16 75 182 122 0 106 7 88 119 0 5 1 0 103 43 
1 169 61 32 131 95 144 90 0 185 46 1 137 134 49 58 0 0 0 0 91 1 100 156 97 0 104 76 133 64 127 1 159 59 47 1 1 89 40 158 152 0 1 76 108 72 166 154 140 161 0 147 6 56 68 63 152 195 197 43 0 47 91 1 124 110 6 1 145 0 108 164 121 79 49 144 83 29 23 67 23 175 46 1 78 44 14 32 179 186 113 148 99 95 60 19 72 1 102 185 
1 34 183 1 107 138 1 1 141 72 31 25 46 1 123 131 85 40 1 0 1 193 1 0 0 128 0 138 1 0 195 74 191 157 94 70 1 68 185 127 165 152 1 95 141 0 85 0 89 1 103 35 1 0 126 31 20 55 0 21 8 152 158 163 21 0 56 155 178 79 0 108 104 57 53 120 101 0 182 18 128 0 50 149 1 0 0 83 17 135 80 196 95 41 0 60 0 1 1 77 
0 13 157 1 31 3 119 197 114 179 8 85 195 6 37 114 28 1 0 53 59 181 1 107 55 136 161 0 22 0 184 46 4 193 0 172 101 107 197 1 94 79 1 58 196 118 48 39 83 1 1 70 115 189 1 52 14 31 161 118 0 193 0 129 78 14 107 136 0 192 53 152 48 80 25 146 96 1 121 18 29 151 77 85 111 88 1 191 189 180 3 97 154 25 188 20 1 89 12 86 
141 114 93 23 117 127 174 0 108 1 0 89 117 197 109 73 44 12 94 0 1 135 19 148 1 0 37 182 0 19 149 1 118 43 60 189 40 0 180 53 128 53 192 160 165 150 17 115 0 97 192 179 1 97 58 101 81 61 100 38 1 73 105 0 8 1 1 1 1 1 0 53 90 183 36 0 136 138 161 196 1 138 0 46 164 85 152 1 6 86 163 26 177 175 96 1 1 0 43 0 
1 59 0 181 187 22 172 1 1 1 51 151 102 14 0 103 75 130 1 0 143 70 128 103 155 0 115 99 103 0 1 37 1 147 138 108 0 0 188 0 186 0 160 100 112 61 160 1 125 71 193 133 113 176 1 0 188 23 0 1 0 196 1 0 170 21 28 190 0 7 64 120 198 81 56 1 153 133 51 113 100 1 77 124 1 118 40 197 0 64 1 0 151 1 106 8 1 0 0 1 
87 1 100 166 72 73 127 0 46 1 1 70 179 176 0 126 147 119 1 1 190 120 103 1 1 36 173 182 9 81 0 75 193 93 3 84 0 61 45 137 151 93 0 0 46 2 111 125 154 97 184 102 58 91 38 1 1 70 109 87 106 0 14 2 0 1 46 108 0 195 197 78 78 20 178 120 58 0 143 172 127 137 0 99 91 1 0 73 0 1 16 0 50 0 141 1 0 191 95 13 
170 48 32 1 24 1 13 21 0 34 39 97 107 166 59 1 23 1 12 45 0 174 0 1 193 151 101 172 191 1 90 0 0 131 173 143 56 182 145 165 85 21 1 184 0 72 89 0 1 102 71 102 0 156 99 132 38 9 146 140 195 114 131 163 0 58 124 161 90 167 148 62 0 128 85 175 0 165 109 31 172 10 52 146 159 1 11 89 47 29 67 69 0 1 39 1 60 80 74 85 
112 115 110 89 123 48 1 52 29 149 179 59 60 193 0 87 164 168 0 120 137 92 0 1 1 119 150 196 0 1 26 96 0 191 143 1 169 0 148 1 76 81 133 173 125 89 1 110 156 117 0 23 127 115 151 0 127 149 158 88 116 146 31 45 27 18 128 151 43 0 60 127 1 1 51 182 167 105 0 98 53 1 1 133 100 1 0 90 115 196 89 191 187 181 33 177 1 79 1 79 
118 1 152 161 1 1 109 127 60 85 89 144 0 102 178 76 117 0 75 189 42 0 0 184 0 170 52 141 22 1 73 61 1 0 1 188 158 184 103 118 0 0 0 155 68 1 0 163 184 75 19 96 1 12 65 176 1 74 35 67 193 0 95 127 135 0 199 197 10 126 0 10 84 107 0 155 101 175 1 174 197 32 180 124 77 0 0 90 16 0 65 47 0 28 157 135 75 1 182 187 
148 193 60 169 138 184 13 0 138 70 1 176 5 0 196 0 1 95 26 161 84 142 69 149 90 59 0 63 160 12 145 143 55 55 0 108 147 0 0 134 85 1 1 185 20 56 56 37 1 152 169 64 60 155 77 100 169 0 76 173 154 26 169 110 20 109 1 19 74 51 45 62 182 0 126 1 24 1 60 0 69 198 125 155 1 143 19 0 93 0 1 197 123 38 47 180 162 63 12 1 
13 93 105 162 0 160 24 0 134 14 57 97 19 172 105 197 134 185 1 71 0 109 35 108 102 88 166 89 154 15 1 189 38 43 102 0 7 145 53 0 129 24 33 32 198 62 163 107 16 51 121 63 164 1 28 82 102 133 102 133 53 190 192 48 4 175 39 1 85 1 77 1 90 24 41 43 25 131 1 119 43 148 72 137 23 20 42 38 0 41 10 10 2 1 71 192 59 97 187 114 
122 48 55 1 1 151 151 84 0 192 114 149 174 0 82 13 58 122 147 77 41 172 0 138 121 0 33 0 25 91 52 0 176 156 143 12 0 49 5 30 0 32 89 160 1 58 0 84 152 49 162 1 187 14 65 37 13 156 163 8 153 40 0 0 77 181 120 0 87 80 93 160 179 1 139 34 70 198 141 197 26 68 91 46 0 0 0 35 1 138 44 154 17 7 0 40 24 196 162 47 
1 1 53 109 101 1 195 1 71 9 104 156 22 113 100 114 1 112 159 168 67 83 100 153 199 50 18 0 121 81 72 105 0 97 83 114 1 0 13 0 40 1 0 64 60 0 157 78 87 193 111 41 79 190 1 1 0 0 55 118 22 52 113 108 16 160 1 178 133 114 44 111 108 0 106 96 10 65 145 1 0 163 0 198 1 93 1 61 172 118 113 143 113 0 37 28 127 192 118 102 
96 178 170 159 1 108 98 9 93 17 115 172 83 0 37 113 1 109 184 97 34 150 90 64 170 0 178 64 139 83 90 166 1 188 18 33 47 76 0 80 0 63 0 140 130 13 53 194 142 85 49 167 101 1 42 2 22 126 139 124 99 0 1 28 8 194 50 186 111 106 24 1 8 0 0 1 131 90 91 66 0 0 162 183 118 1 162 102 186 1 45 38 139 92 19 169 194 84 134 135 
147 109 186 45 171 23 93 10 153 166 184 43 126 174 198 0 184 133 1 33 1 166 1 40 148 176 79 181 1 195 156 183 164 116 192 0 1 139 193 0 104 30 0 180 61 6 0 1 162 166 104 194 121 0 141 180 74 94 198 5 179 33 154 15 176 1 1 140 154 49 111 168 114 129 45 1 54 0 168 0 91 196 0 0 1 0 120 136 116 21 17 0 11 107 98 0 1 178 70 90 
13 107 142 1 20 33 186 0 122 0 187 1 1 0 121 1 109 49 55 147 27 18 0 31 0 0 0 139 1 1 1 23 10 1 119 126 0 173 0 152 0 32 1 115 128 22 1 31 147 88 181 1 42 172 0 77 110 152 157 1 196 198 117 0 166 58 11 12 1 1 1 0 1 123 56 111 92 5 24 11 1 163 193 0 3 91 66 66 1 164 25 0 60 0 61 59 15 123 1 0 
10 189 0 135 117 1 0 198 1 168 22 36 28 128 8 104 155 109 1 173 1 104 177 1 97 92 65 104 49 125 91 0 43 63 1 95 91 0 0 178 0 0 0 157 1 0 103 12 1 0 1 94 27 0 0 24 0 80 0 175 1 1 32 1 94 192 25 19 147 24 33 24 140 169 134 0 183 56 1 188 4 194 179 28 1 133 106 88 1 73 138 31 23 97 27 30 49 50 116 98 
0 8 0 180 0 58 158 0 147 24 96 145 156 7 118 176 0 100 92 1 1 69 95 66 28 0 19 175 195 1 115 173 1 99 1 188 16 141 28 173 0 1 0 103 33 1 150 181 1 121 151 40 1 179 143 123 44 0 164 175 0 135 46 92 74 0 171 1 35 9 82 187 26 1 16 137 44 143 108 183 141 145 70 1 0 13 77 16 115 104 70 131 114 0 104 199 103 94 199 149 
89 145 126 8 77 0 68 198 1 45 0 17 53 0 188 195 0 4 74 52 7 158 76 0 183 1 161 197 0 198 138 42 0 13 3 191 142 56 109 131 159 184 31 0 1 176 6 23 32 1 93 140 97 124 91 15 82 54 37 115 188 21 1 149 2 1 42 185 22 83 2 97 0 161 155 139 0 22 62 1 41 66 106 190 41 82 173 174 106 111 122 125 0 98 185 125 96 134 61 87 
26 134 157 1 84 140 17 1 73 147 94 63 1 112 154 1 1 1 134 178 1 52 192 143 107 192 115 9 71 166 0 84 1 1 16 27 139 82 188 156 1 1 1 143 0 1 138 0 1 1 109 0 0 34 102 1 158 165 58 0 185 191 5 174 120 32 17 97 124 7 10 77 1 198 196 0 96 0 67 69 0 164 86 77 101 160 100 1 80 163 146 23 142 176 181 181 64 186 139 0 
54 101 11 145 148 147 121 73 12 107 89 43 61 0 67 0 187 33 166 101 0 122 1 147 0 187 0 1 172 110 89 21 66 25 63 24 101 80 128 63 70 162 40 0 52 0 0 193 57 0 0 30 152 55 1 61 11 29 1 69 141 1 1 1 1 138 73 44 17 0 0 0 189 0 5 71 0 0 0 140 155 176 65 79 1 132 165 185 25 142 118 10 160 86 0 1 3 74 104 99 
0 7 135 1 1 176 13 108 163 0 112 171 198 169 156 142 1 56 64 0 1 61 1 55 39 167 85 0 32 1 194 129 144 94 188 68 1 75 18 120 183 181 0 188 18 170 0 52 0 128 93 110 0 184 0 102 113 89 36 0 7 99 159 63 191 1 80 43 192 62 0 176 117 14 1 14 1 52 98 54 86 117 180 1 111 126 112 107 110 1 147 140 188 118 18 117 7 138 0 0 
68 108 0 132 127 41 126 80 0 78 145 170 156 39 1 51 161 65 0 78 106 174 150 167 132 1 78 0 19 0 177 152 189 0 26 60 98 81 101 0 98 178 125 70 1 15 0 0 144 13 140 149 56 112 5 0 0 122 42 49 189 125 82 83 86 77 107 195 189 0 1 143 4 0 7 142 0 87 3 136 1 99 0 163 91 47 193 146 108 4 9 49 1 60 99 141 1 171 187 34 
0 82 72 6 198 88 1 107 53 0 13 39 177 61 22 151 0 81 87 192 91 159 154 48 73 23 21 9 160 177 74 134 193 199 111 64 116 45 111 136 1 118 90 153 75 126 182 132 0 1 1 0 163 10 51 137 1 66 83 29 120 1 1 157 105 1 167 50 136 117 160 174 81 0 1 1 1 122 0 114 1 1 86 197 110 124 156 136 163 135 120 1 124 126 33 23 47 53 167 135 
79 75 107 157 60 174 1 43 169 180 92 33 180 1 55 0 1 107 82 40 121 0 38 29 0 37 72 195 1 0 49 106 135 101 118 30 68 52 3 192 1 136 118 120 95 56 80 1 199 0 61 168 1 72 1 196 118 153 120 63 57 0 126 153 1 138 134 23 0 142 70 1 128 176 0 1 24 1 177 126 62 111 196 44 119 1 117 188 52 134 180 188 0 92 160 1 43 79 75 7 
0 127 1 76 122 20 159 0 33 145 107 63 146 18 107 33 24 1 3 40 0 54 86 1 65 1 183 45 1 60 1 0 6 127 128 137 19 50 1 43 0 24 195 66 37 117 91 1 0 99 0 1 1 0 45 6 36 0 63 164 38 186 24 113 134 86 132 97 1 43 188 29 153 1 170 0 8 134 79 166 4 62 172 18 141 1 1 28 115 195 82 1 89 9 144 50 103 132 10 135 
111 134 134 101 0 125 27 1 0 1 40 87 1 1 30 197 87 1 164 1 94 164 58 9 52 137 171 0 27 133 0 33 133 52 57 0 0 105 185 0 120 166 54 167 147 61 134 71 94 80 156 0 44 142 102 99 85 62 184 0 16 95 190 127 100 81 158 44 0 1 151 38 9 138 75 57 1 100 36 67 146 192 59 32 49 143 0 43 59 40 105 0 197 52 1 75 66 5 121 25 
66 37 128 106 176 127 33 1 184 7 94 113 23 81 143 131 124 167 0 174 184 54 185 31 1 1 150 0 161 103 77 183 81 8 1 47 145 1 112 54 194 191 92 0 0 0 171 128 179 1 196 136 0 139 1 182 129 21 0 45 22 1 12 53 58 84 105 101 95 100 1 81 49 14 97 0 1 193 187 62 39 164 86 0 74 1 0 44 67 0 190 0 168 0 144 1 22 84 155 0 
125 0 133 28 1 43 0 1 0 27 197 177 33 126 1 5 146 197 0 119 138 1 103 169 70 1 27 0 197 0 177 1 1 129 111 188 0 90 1 115 106 57 0 0 0 96 66 91 3 171 0 57 139 0 146 181 1 148 50 57 129 189 54 94 175 46 39 152 37 106 57 1 109 127 44 175 157 28 69 99 49 48 161 187 34 145 23 100 136 116 16 58 1 44 62 38 80 30 197 23 
116 75 130 67 31 125 26 171 64 1 0 190 1 0 132 102 0 166 137 1 147 144 147 16 28 1 174 1 147 1 0 77 0 0 72 113 16 1 197 58 40 0 74 186 1 50 179 168 102 191 144 113 12 189 0 37 81 0 73 47 194 83 1 3 105 119 132 0 46 1 90 104 0 164 62 172 46 163 24 149 11 149 0 85 3 0 98 0 89 70 0 18 1 199 0 180 65 70 65 90 
139 124 20 87 0 18 62 124 4 180 90 104 87 12 125 169 123 63 0 0 180 1 194 151 89 116 157 0 192 120 91 197 150 133 49 132 115 27 199 87 94 0 1 69 92 45 42 21 188 58 71 1 196 58 121 0 43 0 137 3 0 13 93 0 63 1 1 137 100 34 0 3 1 77 0 4 0 108 189 67 87 161 1 87 1 42 78 1 91 171 48 79 58 132 96 1 0 0 186 90 
1 171 39 172 125 89 1 152 72 164 63 0 192 164 142 98 110 100 122 0 1 78 166 177 29 187 136 159 139 100 0 6 22 1 101 34 59 0 101 16 2 69 51 35 163 41 1 148 54 157 0 65 63 180 114 58 0 1 1 15 79 145 84 128 161 1 1 87 103 179 73 141 1 76 133 184 74 94 91 84 147 10 33 1 85 139 163 102 180 29 35 52 10 58 0 134 157 182 4 130 
87 1 0 165 0 12 117 168 1 164 146 142 1 49 102 117 159 41 68 188 164 62 134 151 1 1 5 79 1 0 74 0 16 69 125 1 59 42 50 66 0 109 0 68 107 1 141 0 0 107 61 1 48 72 88 132 51 0 98 160 56 50 143 1 96 47 199 32 7 117 32 64 1 129 118 133 1 105 0 169 141 90 72 37 3 187 121 53 0 188 47 36 0 191 178 53 0 172 0 122 
6 143 198 1 195 31 0 0 143 147 65 21 67 1 69 15 0 55 158 124 78 32 96 81 9 109 145 1 189 1 51 88 150 110 0 157 0 1 115 103 1 195 116 148 0 167 137 37 50 0 15 62 1 2 12 71 139 35 0 142 105 1 102 51 144 83 16 108 47 0 14 159 189 49 1 153 107 36 0 0 4 1 173 133 135 0 198 156 1 178 73 58 0 1 178 2 7 152 0 11 
177 1 91 52 63 15 19 1 28 121 37 127 66 0 50 44 50 122 141 86 33 182 94 7 99 128 11 163 20 45 24 100 156 0 20 90 178 0 180 116 189 161 1 74 140 95 18 154 1 165 115 61 99 123 88 19 173 1 0 0 23 149 152 187 4 38 1 138 69 134 156 156 192 0 168 1 170 174 126 0 95 1 128 2 145 136 157 154 171 31 20 1 1 171 0 1 151 0 34 174 
0 182 115 59 24 188 175 104 117 0 72 149 98 155 1 45 9 0 1 30 21 78 80 14 25 192 119 0 6 57 144 1 116 88 1 62 1 161 0 116 31 0 37 176 92 134 190 117 1 0 195 1 169 170 146 22 74 120 130 83 0 169 15 118 185 0 99 0 136 148 93 122 163 118 0 1 101 35 0 197 184 49 153 26 154 51 21 0 1 100 0 190 0 0 153 65 191 80 15 25 
189 96 95 52 105 169 73 42 141 74 176 134 96 112 78 23 186 18 62 136 1 0 95 69 24 17 0 131 106 1 66 22 50 164 45 193 194 0 112 79 41 82 121 35 1 0 199 162 1 0 0 106 1 0 80 8 0 169 196 1 47 0 83 0 35 44 4 1 107 62 1 24 158 197 0 0 1 64 106 170 42 1 0 88 1 159 0 0 53 0 129 1 4 168 26 36 139 194 189 164 
182 145 1 145 154 4 138 8 164 60 127 190 0 167 142 158 150 0 46 1 90 97 6 165 96 0 188 0 12 193 25 196 61 1 78 195 107 68 27 62 1 192 22 169 0 0 105 65 1 0 34 1 110 157 39 161 19 169 105 0 108 112 0 0 7 70 181 0 56 126 63 174 36 162 159 97 99 19 155 155 88 69 185 162 42 42 1 89 56 122 1 168 84 13 112 0 183 41 98 60 
0 184 160 1 29 91 143 120 162 38 180 1 108 84 47 0 150 95 0 192 130 87 70 158 14 54 73 34 1 199 49 174 0 1 0 0 177 68 132 158 87 157 185 185 123 185 32 96 1 30 64 161 143 1 84 0 42 128 1 42 147 124 44 0 144 169 21 85 130 69 80 1 188 1 135 120 197 0 62 1 116 52 102 85 148 96 0 101 1 57 196 53 102 133 134 180 83 195 162 30 
164 81 136 99 50 0 134 185 92 123 1 1 156 19 107 7 50 11 174 80 15 134 115 0 121 0 188 85 34 132 49 26 172 26 174 60 1 92 72 1 120 1 135 1 41 181 137 107 101 158 83 146 8 122 171 1 5 45 44 12 62 0 44 1 0 83 134 1 95 148 159 7 14 122 44 180 53 13 14 41 158 81 84 2 122 87 20 49 56 1 2 121 131 104 119 1 145 118 184 46 
105 119 25 1 99 0 40 89 1 80 190 91 147 180 109 124 190 0 122 0 17 61 95 161 139 149 197 137 1 197 85 1 0 0 0 0 173 90 0 133 0 92 75 1 3 109 50 0 187 1 168 95 190 0 1 188 0 11 69 57 1 165 1 1 161 0 22 0 187 1 23 77 72 38 114 99 128 45 1 56 0 150 39 67 0 169 158 1 3 193 1 146 7 45 53 0 1 79 79 192 
167 84 1 43 1 142 162 130 66 151 62 27 114 89 100 157 0 167 134 1 31 87 0 131 97 129 72 145 0 181 150 31 187 0 1 117 48 13 79 1 188 166 194 54 124 199 0 197 53 1 83 133 81 155 131 139 110 0 1 133 153 1 2 38 188 33 0 178 189 146 40 0 1 42 15 153 59 185 86 163 148 15 1 4 85 0 30 185 198 189 180 77 10 46 35 179 9 128 86 0 
1 28 0 73 58 0 41 99 1 120 0 1 156 116 130 124 88 47 193 86 54 1 110 34 125 171 74 46 198 11 1 135 81 125 168 0 106 171 1 0 66 39 41 0 1 166 1 1 163 81 166 83 145 116 123 0 187 74 82 185 145 1 148 0 1 141 193 0 113 123 10 170 0 146 2 1 17 98 1 116 93 1 29 0 0 0 189 147 196 0 33 0 41 53 91 116 176 0 113 21 
1 177 182 41 140 45 97 135 57 24 128 55 61 189 0 78 184 129 58 125 180 75 198 116 183 196 83 39 69 0 1 155 1 3 0 171 1 159 129 155 1 193 73 86 15 145 82 125 53 33 0 114 170 165 77 1 123 1 101 74 122 2 160 32 46 0 1 152 0 151 197 128 151 174 0 57 43 149 104 174 60 1 0 164 2 187 144 98 0 0 66 19 63 151 0 118 117 176 53 179 
185 27 41 93 156 196 69 102 56 43 122 190 63 102 169 137 43 1 1 173 36 85 23 6 47 149 92 192 40 186 1 1 128 90 1 70 54 1 20 178 119 71 1 1 0 63 0 109 46 63 0 2 1 1 135 0 0 61 66 188 184 199 21 142 88 0 54 0 97 0 3 1 110 38 0 4 151 137 3 35 75 0 118 179 198 121 32 0 1 20 192 0 49 170 187 159 71 15 24 62 
1 46 75 199 1 75 27 172 146 1 63 91 0 30 73 10 106 168 34 113 5 126 0 81 199 14 149 1 78 79 1 128 190 146 12 1 133 145 1 12 1 1 16 60 0 51 8 0 115 11 153 67 154 57 1 0 132 31 1 114 57 186 68 7 154 186 107 157 143 56 0 0 1 181 0 70 1 37 1 12 56 6 187 67 3 57 137 40 96 0 95 37 162 111 38 0 187 132 52 199 
198 151 110 185 170 1 87 0 167 169 126 67 1 46 96 117 71 86 100 111 9 48 0 122 0 84 167 51 1 164 143 1 1 10 83 72 88 11 101 136 64 110 79 77 0 79 1 92 141 181 1 186 172 152 1 160 173 182 1 96 53 160 155 148 60 1 78 116 12 27 180 0 129 63 30 175 57 146 0 0 187 0 1 146 0 17 77 25 147 70 45 33 90 102 1 50 122 25 69 71 
82 0 163 58 16 96 0 2 112 88 166 1 102 11 25 69 174 142 193 160 5 82 0 0 92 0 48 1 52 1 146 0 49 86 180 107 0 97 74 140 81 87 114 79 1 0 132 85 149 162 3 92 122 30 74 186 134 147 1 1 24 14 165 199 133 190 57 0 149 1 1 62 0 24 41 14 66 1 66 15 23 1 123 182 72 124 59 138 3 30 34 172 187 0 48 65 7 1 1 0 
194 42 72 0 117 20 3 18 1 105 153 92 161 153 162 135 114 143 138 1 1 43 198 0 0 178 141 0 53 155 31 122 195 87 123 86 121 5 193 69 67 1 71 80 152 68 151 82 104 49 158 106 74 145 199 29 11 89 161 9 6 0 25 52 107 140 175 1 117 167 94 0 90 0 102 0 126 185 33 120 61 1 119 108 188 150 164 171 1 118 1 122 1 1 1 30 142 0 186 10 
175 1 44 12 26 1 1 192 60 0 147 58 18 104 14 0 72 46 34 1 185 124 161 91 0 78 110 162 113 142 1 0 1 107 72 112 10 192 1 168 0 34 1 31 0 0 42 1 0 0 22 89 165 186 48 19 1 1 58 98 90 188 163 188 34 191 141 69 97 168 77 28 2 192 0 40 133 151 1 152 1 102 191 124 187 112 89 108 0 160 145 149 199 140 143 81 48 44 39 192 
40 75 177 134 42 0 182 131 0 1 141 62 171 64 1 172 21 86 91 23 0 90 89 118 0 72 128 15 37 167 0 1 111 76 143 40 1 56 135 122 82 1 152 0 1 1 61 79 48 0 143 1 79 1 20 0 34 73 116 92 87 131 25 1 12 63 62 78 39 70 147 1 0 103 172 0 4 61 41 146 48 47 199 0 101 147 162 4 0 197 8 32 172 47 25 58 1 199 1 5 
22 0 77 1 1 0 155 1 63 17 0 160 121 122 187 198 1 33 1 72 9 161 195 0 140 165 150 196 174 1 0 94 113 181 119 126 133 52 163 21 0 1 1 156 0 0 87 8 161 187 13 176 66 16 36 1 1 123 31 195 20 88 85 83 98 1 161 1 144 149 175 122 0 159 20 0 0 169 127 134 1 32 0 135 90 66 12 24 77 190 103 36 0 144 1 131 60 166 57 71 
0 117 114 45 146 1 83 173 11 175 0 0 31 45 10 0 1 173 8 80 153 1 101 36 35 126 17 6 58 6 45 1 131 110 3 109 136 0 111 10 37 1 159 105 1 191 1 58 118 85 147 179 80 56 0 0 134 1 0 199 0 0 18 6 50 67 69 1 57 52 0 161 98 149 130 77 0 0 1 166 41 138 163 132 199 30 180 61 39 132 1 1 69 0 44 168 49 189 142 175 
59 137 179 0 1 0 40 26 124 65 1 85 147 1 140 133 0 0 1 49 12 177 0 1 26 1 112 153 112 109 181 105 161 8 153 20 13 198 156 146 108 35 58 1 64 188 138 192 54 169 147 172 96 115 153 21 0 177 1 0 185 194 95 129 153 18 109 42 101 40 105 167 1 56 1 39 73 1 0 83 1 0 22 27 1 90 147 0 139 86 97 124 15 1 96 161 83 158 118 0 
6 107 159 65 0 166 118 189 143 109 1 1 1 0 140 13 105 0 1 110 93 120 85 168 89 116 21 1 31 111 1 51 62 0 0 100 114 48 0 1 1 38 147 15 1 119 1 59 143 149 199 8 144 180 103 116 107 88 27 99 45 192 154 55 50 112 100 1 1 137 63 1 157 171 0 172 0 78 125 0 161 67 1 7 147 1 189 148 150 1 1 58 104 154 1 46 83 8 14 112 
65 8 97 55 27 0 15 198 43 186 1 1 38 0 119 104 99 0 120 1 94 0 119 171 0 108 81 173 14 1 120 167 0 153 143 3 20 192 42 64 146 178 28 19 181 69 1 93 154 64 0 41 55 12 172 130 135 0 196 111 128 60 89 17 1 135 189 22 107 162 135 38 30 194 118 199 178 61 15 182 0 148 174 81 188 8 35 0 199 17 66 0 170 0 80 89 155 30 93 96 
89 97 163 81 71 1 0 53 185 18 41 2 96 1 0 154 1 2 56 149 6 132 84 82 36 0 1 152 155 0 35 171 161 159 101 102 25 189 81 78 138 0 29 0 6 186 56 0 143 0 66 106 0 0 56 94 0 64 12 9 68 122 20 137 1 106 1 0 53 118 0 70 98 87 174 92 103 1 183 90 1 0 1 1 0 0 23 68 155 0 51 73 143 0 31 184 137 74 0 18 
67 39 99 58 11 0 116 18 17 81 165 176 175 112 149 84 44 74 87 164 0 63 54 193 126 105 64 93 18 1 83 61 143 0 102 0 12 122 184 181 9 21 25 1 86 90 9 118 104 102 81 160 83 1 0 0 71 141 0 113 102 82 1 17 24 87 1 143 61 38 131 1 159 0 106 0 15 58 6 171 23 151 0 148 59 182 190 0 91 142 64 0 191 0 35 75 64 0 126 118 
59 158 50 187 96 197 21 1 66 17 0 140 102 160 66 121 111 120 18 46 0 52 80 74 0 115 87 82 130 0 16 60 169 182 1 74 0 180 80 1 151 10 40 96 1 1 128 38 125 21 105 0 141 188 7 101 1 136 132 65 0 130 27 1 45 1 1 67 172 143 0 58 59 116 27 16 115 97 148 182 92 154 187 0 53 90 112 170 51 159 139 0 0 122 49 115 0 9 126 69 
1 9 1 0 163 19 160 62 1 26 144 0 73 3 85 78 1 191 65 119 65 0 113 132 145 0 21 199 58 35 141 1 64 106 38 161 52 57 1 85 72 111 0 155 1 147 19 113 143 0 141 85 3 39 0 104 77 1 101 66 143 1 109 37 103 1 83 44 26 156 39 0 110 1 0 1 41 163 24 18 1 172 0 0 0 132 199 29 24 74 181 150 0 0 1 22 21 1 54 0 
138 95 26 0 83 83 101 171 26 0 141 1 115 0 1 118 0 1 1 0 152 26 1 21 0 169 1 191 75 12 0 0 69 126 100 2 71 1 195 154 147 73 151 1 0 161 165 89 47 196 0 113 8 189 142 94 96 156 0 1 34 196 5 15 21 11 123 1 6 107 49 83 190 106 0 1 121 168 1 0 90 61 188 53 119 0 141 190 1 52 150 45 184 29 164 1 114 27 0 64 
125 86 115 85 114 162 42 106 41 135 60 160 39 95 0 73 27 115 148 1 48 147 132 1 95 196 168 0 160 1 42 173 1 143 192 67 2 136 184 1 187 1 0 0 145 141 119 1 71 1 137 113 29 194 54 104 44 175 71 0 171 0 1 25 96 0 17 148 48 0 1 21 4 0 1 198 151 182 24 178 1 66 0 0 16 185 0 21 128 92 117 159 36 102 122 19 3 155 169 0 
179 51 94 113 55 122 93 0 5 166 199 38 134 85 162 111 105 176 0 150 52 138 189 71 0 0 138 125 45 57 91 0 112 22 6 68 49 198 128 89 169 98 0 0 0 1 1 0 110 29 86 19 198 197 154 0 161 133 144 1 170 132 180 131 22 123 19 1 69 1 92 143 199 187 0 17 100 188 18 19 127 114 110 0 54 152 34 0 1 1 73 33 121 0 1 14 44 199 8 55 
160 95 76 123 156 183 63 151 1 0 37 0 163 79 33 67 168 197 41 54 98 0 141 160 66 188 62 121 30 62 24 186 197 53 0 113 44 98 178 0 58 0 187 86 15 191 49 40 19 0 115 7 30 73 115 3 60 87 97 181 5 84 74 82 166 73 1 145 44 157 92 0 40 54 0 175 89 1 53 14 39 174 119 95 103 48 1 10 0 53 193 0 107 68 156 1 7 64 0 110 
192 9 0 158 148 0 133 57 22 40 1 1 140 17 187 52 64 159 73 37 50 173 20 118 32 65 12 192 134 199 162 160 130 23 94 1 80 1 198 127 121 90 70 14 116 78 12 148 2 23 103 151 53 79 0 1 144 24 138 1 1 1 59 0 57 27 96 3 53 70 1 0 160 187 18 0 0 21 189 105 41 99 1 1 136 148 1 67 23 0 86 176 189 127 78 164 76 180 113 67 
141 1 171 172 107 32 23 76 167 161 45 77 192 131 1 41 105 101 28 169 180 1 124 1 136 69 40 31 0 54 4 1 90 168 1 187 0 127 17 174 63 39 1 71 173 84 0 130 1 121 37 157 127 136 78 174 90 119 132 125 22 183 45 14 193 176 2 37 55 0 19 183 48 43 56 143 1 140 1 35 1 1 177 1 118 128 34 62 89 23 0 15 0 88 57 45 89 103 99 0 
191 46 132 98 0 0 14 3 4 83 120 128 0 1 1 57 62 95 0 101 107 122 152 74 164 112 1 1 165 180 116 146 176 0 186 6 118 0 1 0 19 1 94 1 1 134 137 189 183 103 55 179 167 9 144 41 119 0 0 125 0 88 132 153 0 69 55 85 106 29 190 29 49 157 89 91 102 10 147 23 130 52 98 99 1 47 0 125 31 83 94 0 92 9 145 1 171 158 108 196 
185 111 85 0 38 139 175 172 71 55 149 127 0 0 0 51 25 1 39 55 117 181 98 11 39 1 68 1 16 175 1 184 161 156 111 0 57 193 88 16 123 99 17 1 0 115 64 28 97 124 33 72 0 79 194 153 17 109 197 0 61 1 174 107 49 36 127 1 65 0 67 1 111 31 111 150 17 0 70 60 157 26 0 10 78 15 158 34 77 114 75 30 0 1 69 163 163 137 1 24 
61 83 164 140 51 1 0 127 29 27 32 0 21 105 75 1 197 20 25 10 95 117 180 128 0 135 174 1 1 139 47 1 18 86 15 145 165 0 173 0 143 49 102 195 126 123 132 165 13 16 74 136 45 0 189 122 145 53 36 5 1 179 96 195 52 119 25 0 82 158 179 113 6 1 76 0 57 36 9 67 74 32 85 134 46 90 83 159 190 57 64 1 115 0 11 91 1 129 119 181 
61 148 100 66 199 119 99 56 171 1 134 14 84 61 1 0 15 109 116 169 125 188 34 18 0 72 1 26 113 63 143 101 1 47 29 55 172 3 33 0 189 177 89 1 180 163 33 56 107 71 0 6 0 138 32 31 139 160 11 1 118 1 111 147 86 190 33 182 120 199 0 41 153 104 170 0 1 161 130 0 1 189 187 152 139 79 99 1 21 0 7 108 51 42 0 2 100 117 1 58 
117 1 0 187 96 1 60 58 103 2 41 173 64 95 23 33 51 132 6 0 54 39 168 9 122 27 60 168 180 1 12 197 177 156 160 45 138 0 161 111 1 116 98 78 99 89 75 1 23 121 163 17 15 183 157 1 1 61 190 83 1 1 0 34 89 87 128 1 1 1 141 1 70 17 0 1 1 14 1 1 10 26 176 12 162 8 0 118 164 0 57 0 132 118 152 0 0 166 124 105 
1 194 26 193 38 31 144 19 95 165 68 86 1 129 197 95 10 128 124 0 169 132 1 169 140 156 8 133 1 36 0 0 189 1 32 67 1 184 130 75 60 136 177 9 68 134 134 91 0 139 0 0 138 170 118 177 21 88 89 171 40 194 161 48 66 0 38 133 0 16 129 83 23 161 165 155 148 199 196 56 116 10 12 0 71 180 180 137 117 1 25 171 1 0 0 0 0 1 1 1 
67 120 88 149 0 145 121 1 0 57 169 35 0 1 97 1 155 1 102 4 176 1 58 35 0 137 69 24 0 178 119 65 184 121 34 48 175 198 146 15 70 1 172 180 134 191 47 122 98 0 45 141 151 54 116 168 152 30 178 1 1 1 118 5 150 133 0 108 41 154 1 48 190 37 175 132 0 110 165 1 68 60 72 1 0 186 86 1 41 72 181 124 0 1 17 61 0 0 140 54 
175 136 32 50 64 115 1 192 3 131 0 0 99 1 125 168 58 129 0 138 0 31 96 88 135 196 175 70 19 53 166 95 192 65 172 0 13 4 93 199 0 186 0 24 1 1 0 7 126 1 0 55 1 0 51 196 1 1 17 1 0 1 36 123 113 119 142 0 0 0 9 32 0 96 65 77 156 181 1 0 107 1 2 65 83 197 52 107 82 63 1 13 0 47 120 1 12 70 0 1 
0 171 22 131 88 0 24 158 54 191 0 193 40 166 16 140 177 149 28 0 54 20 194 36 42 1 102 126 94 95 0 0 3 85 65 193 129 0 0 183 186 98 103 140 192 89 0 102 20 0 0 29 114 0 126 138 36 0 126 14 0 0 107 184 149 0 134 0 75 0 199 124 141 1 195 59 118 167 121 124 15 0 30 117 1 63 1 25 150 1 107 14 119 3 6 22 0 25 177 0 
