1
20
0 2 26 31 0 20 4 1 5 30 8 1 18 31 0 29 8 1 35 19 
9 0 12 1 36 39 0 20 27 0 15 20 27 30 15 2 7 38 1 0 
0 32 0 16 23 5 11 15 8 13 2 12 1 0 30 30 32 16 0 1 
36 23 6 0 0 7 0 5 35 30 32 12 27 35 5 14 19 6 19 0 
3 9 27 34 0 9 20 35 33 13 8 28 13 3 38 20 1 1 0 17 
1 1 6 37 30 0 7 11 0 25 14 24 39 17 27 27 22 3 0 36 
0 37 4 38 8 13 0 2 10 0 34 1 1 19 20 21 4 26 6 1 
19 35 0 28 16 1 25 0 17 12 1 32 7 1 17 0 1 15 1 12 
29 12 25 0 28 38 6 35 0 0 0 0 33 6 12 11 38 1 24 3 
0 16 23 32 0 1 28 8 16 0 7 6 1 9 8 1 18 30 1 20 
6 34 30 10 34 22 0 5 28 1 0 13 9 10 6 1 39 10 0 1 
1 1 19 3 0 10 38 14 21 0 23 0 5 0 1 0 0 18 0 0 
23 28 0 3 23 9 0 16 15 18 31 25 0 1 16 19 34 1 32 36 
4 30 0 31 11 0 3 32 3 27 6 6 34 0 34 16 0 0 0 31 
1 12 13 8 1 7 0 7 24 31 12 32 22 14 0 38 25 37 39 7 
0 0 22 1 29 0 18 1 24 20 20 3 14 19 8 0 1 19 11 19 
36 0 25 33 20 21 4 21 1 30 25 7 5 2 0 1 0 3 0 31 
0 19 7 1 18 10 25 19 5 10 37 0 24 5 11 23 8 0 25 1 
34 1 36 12 2 6 1 25 0 0 1 8 24 19 38 23 0 0 0 0 
7 18 36 3 30 21 7 31 18 21 31 29 9 17 32 1 1 19 21 0 
