1
40
0 20 32 31 15 74 52 38 36 15 12 7 5 52 1 10 1 27 1 44 0 1 9 34 12 2 24 1 13 4 0 39 0 7 42 1 26 71 61 0 
0 0 33 41 22 33 1 38 27 11 9 26 0 40 47 39 50 38 47 2 40 0 48 1 41 39 34 1 35 0 19 28 2 35 46 67 1 63 70 20 
41 44 0 0 32 53 79 66 67 0 23 31 32 64 37 32 74 13 48 35 78 23 4 1 1 68 78 1 49 1 0 1 42 16 13 16 30 39 8 1 
13 0 61 0 0 60 66 34 18 1 14 64 73 48 74 78 37 74 48 42 16 40 40 45 50 1 67 78 79 11 0 20 1 1 0 7 54 1 61 26 
31 35 59 13 0 0 27 67 78 0 0 37 55 65 34 39 8 28 0 44 49 52 31 66 0 20 52 27 24 0 3 22 79 5 1 68 74 73 1 27 
36 7 28 1 33 0 13 65 45 0 1 3 26 51 0 0 43 67 1 1 70 0 10 4 62 0 24 8 70 23 0 0 79 0 33 30 0 32 0 1 
8 55 1 35 22 6 0 68 45 0 67 24 1 1 73 0 42 1 0 76 2 66 18 53 73 30 1 79 46 28 4 41 64 57 25 1 32 1 33 75 
58 42 0 6 13 8 1 0 1 64 32 17 56 74 22 53 0 19 1 27 10 53 1 71 1 1 54 77 70 62 79 7 14 1 9 25 51 64 42 2 
9 60 15 21 1 0 0 7 0 8 68 24 55 79 52 70 7 66 63 1 25 1 13 25 36 46 25 36 0 0 50 65 23 66 1 1 0 2 66 1 
24 56 9 16 79 79 26 38 70 0 14 0 59 7 26 52 48 1 11 17 77 0 1 65 0 64 23 4 26 1 42 13 56 24 0 23 55 21 66 77 
3 0 26 79 1 47 1 43 35 19 0 1 22 0 0 60 18 0 8 14 1 0 47 70 6 28 1 29 1 52 55 0 61 5 1 10 1 34 0 79 
69 7 0 77 32 11 44 53 61 39 35 0 70 0 61 0 18 56 0 8 7 10 62 0 10 45 10 53 51 1 51 46 12 1 52 5 41 64 38 24 
0 18 30 56 23 78 1 1 26 66 55 35 0 13 0 1 0 34 36 20 31 78 0 59 48 32 12 66 46 17 1 11 1 35 67 0 40 20 31 38 
27 29 62 58 78 52 50 66 14 68 39 47 76 0 63 28 0 59 34 19 36 65 52 44 9 32 8 57 8 20 79 50 1 27 22 0 36 44 1 15 
77 36 1 0 15 71 0 30 15 33 0 37 41 24 0 50 9 5 62 1 0 25 48 2 52 1 34 63 42 69 40 1 57 75 0 77 26 55 0 4 
61 18 13 48 44 53 78 7 5 55 0 63 43 0 28 0 53 1 51 0 24 51 39 76 44 1 45 24 60 17 1 22 1 64 67 21 71 0 6 42 
26 0 1 60 1 59 57 28 65 1 74 26 69 47 77 19 0 27 70 54 67 74 1 39 6 23 36 29 37 1 1 1 1 1 1 24 61 0 78 42 
79 1 0 30 39 12 58 68 22 30 57 79 23 52 0 29 15 0 34 58 6 24 70 35 71 36 67 68 3 68 0 65 56 43 18 53 1 16 16 26 
22 40 50 1 67 0 6 0 0 12 19 46 1 18 22 1 10 78 0 38 0 25 1 29 70 37 8 48 42 64 33 51 69 40 66 48 1 1 0 66 
70 1 24 36 45 11 42 1 1 0 0 0 69 16 48 60 33 56 50 0 1 60 45 26 0 24 42 33 56 9 37 10 75 72 21 79 6 62 0 43 
33 0 62 25 0 30 75 70 18 0 68 11 75 71 45 0 8 0 1 63 0 57 47 62 0 60 53 41 0 0 29 31 7 71 55 58 56 0 74 10 
67 58 61 26 76 14 79 8 3 66 1 0 34 74 35 61 0 27 26 0 0 0 0 51 74 57 39 40 0 78 24 50 1 0 1 36 51 12 0 26 
0 60 17 0 49 67 0 57 1 1 48 0 66 16 62 71 42 49 73 66 35 0 0 0 16 19 21 1 28 62 0 68 0 0 44 0 60 68 14 28 
6 35 8 1 64 62 0 78 8 52 46 61 1 39 37 32 1 19 39 71 57 0 59 0 62 37 1 0 73 61 46 0 1 7 2 56 0 1 5 53 
12 54 1 1 59 31 1 0 15 10 0 31 58 16 53 0 18 2 24 49 0 3 17 27 0 79 1 1 79 24 3 18 79 67 63 41 1 1 56 6 
35 69 77 0 3 48 0 1 29 29 15 58 74 17 5 52 1 46 4 32 43 1 27 6 50 0 52 17 26 63 63 1 1 57 1 1 67 1 0 13 
13 20 78 77 6 1 0 3 57 34 3 53 13 51 64 1 1 0 1 42 0 19 26 17 43 0 0 31 23 34 0 18 44 41 45 21 57 22 0 52 
67 0 28 5 52 1 0 34 58 1 15 32 61 73 1 1 59 70 0 65 1 0 49 42 32 7 56 0 1 43 0 43 40 48 59 23 49 1 20 14 
50 1 1 64 65 7 1 64 0 14 24 40 0 52 11 7 74 38 18 21 1 31 5 1 50 0 74 25 0 59 62 1 18 48 60 75 23 73 1 36 
6 0 14 66 0 41 0 42 63 10 1 1 26 1 28 35 16 76 26 43 60 28 53 29 14 9 19 1 6 0 73 52 63 70 1 8 32 63 0 1 
1 0 56 32 15 10 63 49 0 14 0 57 35 28 4 77 27 31 1 57 4 0 49 17 0 0 0 56 47 34 0 44 38 21 75 79 67 77 21 1 
29 12 32 27 2 0 59 22 28 1 58 64 0 62 15 0 5 40 1 71 1 68 72 62 43 6 1 0 15 27 24 0 39 59 1 0 15 48 68 0 
17 0 0 73 52 0 4 57 8 8 21 56 63 53 14 71 1 1 59 45 41 17 70 74 32 47 1 39 50 58 67 4 0 46 65 14 11 55 50 30 
69 56 62 67 60 1 48 0 47 30 63 22 37 76 21 14 24 65 1 1 0 45 54 1 79 0 79 59 62 56 19 52 0 0 61 40 21 75 1 29 
1 46 32 49 33 1 10 43 1 16 0 21 33 73 36 17 41 31 36 3 26 24 69 7 0 1 0 28 1 34 2 15 74 75 0 71 8 38 0 51 
32 29 22 26 60 11 0 12 77 45 0 56 33 1 53 0 12 0 51 56 7 73 49 0 27 50 66 35 14 0 73 17 75 72 16 0 66 17 0 5 
77 24 64 2 30 21 0 63 53 58 0 67 59 28 58 46 56 27 64 15 77 32 8 0 33 36 30 0 0 5 38 58 1 50 1 1 0 57 1 39 
60 10 23 16 0 1 29 1 45 30 74 33 6 11 33 13 65 51 65 45 64 15 14 65 47 1 70 29 0 65 1 40 24 17 51 78 49 0 7 31 
1 17 19 42 46 4 47 1 61 35 44 0 6 0 69 58 65 54 75 41 31 79 0 18 1 51 76 3 30 34 13 1 13 30 2 39 28 1 0 49 
39 1 46 21 0 78 0 1 0 8 3 76 26 52 33 22 41 0 1 14 77 32 25 1 10 21 1 38 22 42 1 78 67 0 1 6 52 56 78 0 
