1
80
0 83 27 109 158 59 1 0 129 0 143 23 134 58 0 86 154 59 112 55 123 34 108 33 43 66 1 67 0 0 54 44 95 58 0 25 108 152 108 17 0 94 44 88 8 1 0 63 117 4 60 0 77 1 133 51 62 27 127 4 0 70 46 136 104 0 152 85 90 0 17 1 88 151 49 64 142 0 108 11 
147 0 17 1 36 123 28 30 76 3 1 39 19 21 54 1 63 159 0 84 44 0 80 143 93 1 85 130 0 33 0 116 157 67 13 118 0 144 1 59 106 63 21 55 51 1 10 1 108 50 36 0 0 48 68 127 18 43 1 18 44 50 119 100 128 14 88 85 57 35 61 88 105 31 0 146 67 55 1 1 
1 1 0 70 118 8 5 9 45 115 48 1 104 58 49 1 128 102 0 151 100 130 138 2 0 0 50 1 87 1 139 1 51 1 131 61 149 115 140 122 44 121 52 81 0 23 43 154 0 89 1 0 1 138 0 142 69 53 0 49 36 65 118 96 98 0 115 55 155 36 141 59 100 145 31 30 124 29 56 63 
89 9 62 0 86 145 0 4 85 0 136 4 99 86 0 47 158 94 0 140 1 95 95 49 52 1 25 75 29 57 117 155 29 0 127 0 109 73 118 1 130 40 41 93 113 51 7 76 82 0 1 1 66 75 0 120 1 115 155 35 7 34 1 1 155 111 14 126 4 55 24 136 56 0 60 0 123 133 137 0 
0 6 126 42 0 105 0 0 1 55 87 1 145 23 0 43 6 0 80 124 48 119 140 7 10 74 126 32 1 146 152 135 44 154 151 30 53 1 0 116 98 152 66 0 1 27 125 143 109 138 87 0 81 38 0 0 121 47 141 115 39 0 44 129 72 88 21 1 0 49 44 1 14 39 45 37 0 4 29 22 
0 50 34 59 1 0 0 79 86 82 86 94 98 97 44 117 61 113 0 143 121 103 0 0 18 150 119 131 0 67 106 151 132 29 0 130 22 36 1 121 23 71 145 76 109 44 80 31 43 45 49 43 142 6 146 9 107 104 0 64 152 99 57 1 26 136 119 133 108 0 0 88 117 134 43 46 123 51 147 0 
125 0 157 87 42 1 0 41 142 0 1 10 41 154 0 53 102 35 93 32 14 31 30 16 1 113 116 54 49 1 94 49 14 54 98 20 13 32 124 131 22 86 124 74 72 1 45 1 55 0 1 0 23 144 0 148 21 0 38 118 53 0 0 0 33 1 109 1 2 51 1 0 127 54 122 149 1 19 109 12 
106 20 75 94 89 1 66 0 133 10 79 64 0 93 137 99 100 1 58 121 110 71 0 0 0 39 116 14 19 5 42 116 51 83 0 2 144 95 13 58 47 0 68 24 37 37 0 107 67 138 48 1 141 88 120 80 13 32 86 56 155 125 0 29 109 56 56 0 23 159 41 150 98 10 5 1 47 63 82 7 
129 1 103 1 1 55 53 142 0 110 94 116 0 50 147 98 1 38 82 0 142 147 1 0 0 106 143 37 32 0 1 0 155 1 0 158 146 14 38 113 159 25 30 1 1 131 59 80 35 142 1 1 16 21 1 157 0 34 144 17 32 27 87 33 79 1 7 37 4 0 148 22 118 111 64 72 61 153 109 110 
12 1 102 48 0 141 100 36 33 0 92 124 68 111 54 78 1 55 1 127 52 0 67 91 35 98 117 30 1 140 11 0 67 110 1 1 158 1 1 1 61 1 19 128 157 130 0 94 1 85 56 107 134 35 143 0 0 97 45 22 23 0 59 45 88 81 0 2 0 77 50 0 152 147 51 117 128 101 64 29 
1 1 69 43 62 142 9 134 1 144 0 0 0 0 135 91 0 1 22 115 133 92 27 0 79 87 0 9 102 40 10 101 0 104 1 118 0 146 155 27 133 80 157 0 27 16 155 77 67 0 78 19 0 0 31 51 0 116 16 77 0 17 91 98 142 0 147 12 99 158 14 0 11 124 82 1 33 145 29 67 
64 65 0 52 0 1 16 0 0 5 121 0 103 4 0 49 97 55 39 144 28 158 114 131 65 68 20 0 18 114 1 73 70 1 10 159 150 0 11 0 29 60 133 17 125 80 1 43 130 145 90 10 118 16 85 1 94 0 66 124 149 103 153 37 0 112 0 23 155 90 147 74 1 116 109 15 0 27 0 66 
68 1 97 98 1 4 26 99 34 103 0 62 0 124 68 1 89 0 155 34 115 1 151 93 119 64 154 92 115 63 1 99 129 92 0 1 14 141 0 1 1 155 138 17 0 89 92 0 28 75 0 140 102 0 0 0 48 0 117 56 104 84 8 35 100 0 21 128 122 127 69 20 52 8 52 0 135 148 65 146 
64 142 1 91 143 63 16 38 32 1 17 71 141 0 92 15 112 54 1 82 1 6 125 113 135 137 17 1 79 1 110 25 96 51 21 1 78 141 1 122 156 47 106 0 42 16 134 0 8 15 103 73 70 78 95 152 67 156 82 94 54 19 40 0 84 117 0 107 2 98 93 128 0 101 32 1 122 121 14 40 
122 0 80 0 1 124 84 150 88 39 36 4 43 58 0 1 1 70 117 1 103 0 0 0 51 36 134 1 50 65 105 0 18 1 31 82 24 0 1 0 42 156 148 142 140 143 1 1 9 101 20 86 54 67 107 1 0 0 0 97 22 11 73 16 134 1 138 0 154 67 41 1 1 120 8 119 25 1 1 1 
154 92 125 134 124 151 58 77 0 150 58 33 1 22 9 0 119 0 14 0 0 81 68 83 119 106 74 80 94 123 149 145 1 132 154 119 39 36 121 61 61 51 0 114 1 0 115 71 0 1 114 134 158 1 0 0 131 0 1 154 18 21 1 1 0 35 1 44 35 40 7 137 5 87 121 107 128 94 15 52 
1 27 139 89 106 32 101 1 30 0 114 109 102 1 1 10 0 86 76 17 78 95 87 68 18 119 28 27 0 121 76 129 133 113 1 0 112 44 93 42 1 155 0 76 156 122 91 96 78 0 75 0 52 14 125 0 116 90 46 76 86 59 68 126 98 0 1 1 11 62 131 40 98 1 1 0 134 97 150 131 
50 141 66 29 76 12 28 57 92 46 1 43 36 19 55 50 117 0 29 60 0 31 137 46 1 159 1 7 15 0 129 35 44 106 1 1 0 53 0 50 65 0 97 90 106 1 74 27 0 84 9 114 132 136 0 26 62 1 0 80 1 1 93 39 97 113 1 1 17 73 53 0 0 115 1 1 47 130 1 103 
40 56 0 1 87 12 51 0 36 118 0 53 65 18 88 18 148 1 0 140 54 60 100 20 0 0 72 0 1 152 37 107 1 72 1 1 143 76 111 30 58 98 153 20 0 46 50 24 0 146 120 0 157 0 0 1 132 157 1 34 80 75 9 150 0 11 130 157 131 82 152 29 149 80 1 19 106 119 23 114 
10 24 51 1 71 44 78 142 53 37 1 0 56 15 87 65 47 141 100 0 30 76 29 146 147 75 0 118 30 146 10 121 3 124 149 0 6 15 101 87 117 141 15 48 16 88 108 121 28 145 73 151 101 108 155 133 147 143 0 134 142 45 146 38 21 21 148 73 69 156 40 1 132 27 0 149 131 0 112 0 
58 14 1 1 82 64 138 136 123 9 67 29 1 150 135 72 1 80 0 30 0 32 76 148 0 122 68 65 0 0 139 13 52 0 10 38 0 51 28 29 0 25 1 149 8 16 155 152 103 143 1 0 1 3 1 42 130 0 138 69 0 9 108 1 68 46 0 137 126 121 122 72 91 20 147 0 104 28 7 1 
64 17 0 38 0 46 142 38 118 83 149 1 76 24 132 0 72 73 109 117 54 0 58 146 128 1 11 143 88 0 96 37 1 26 133 125 1 16 148 4 155 0 38 1 76 0 79 79 72 122 67 2 5 149 84 12 1 37 0 45 2 28 55 25 8 71 81 73 1 0 64 83 1 1 82 1 144 112 0 86 
17 133 75 136 43 47 15 0 73 1 1 122 78 145 123 125 74 95 92 112 139 5 0 120 147 51 146 0 149 37 18 148 0 103 107 0 0 141 16 13 0 52 0 0 85 31 29 1 138 153 0 56 141 63 128 46 1 49 73 118 115 90 31 132 1 0 1 0 115 1 0 108 147 0 0 81 149 69 0 126 
69 114 0 114 23 0 146 56 93 146 155 47 111 134 131 0 102 0 0 8 1 142 65 0 64 8 55 107 146 0 49 3 2 149 5 106 0 156 0 101 15 13 1 137 4 114 1 0 0 60 1 1 147 14 1 98 59 68 52 1 19 76 13 0 16 24 131 1 79 0 0 0 21 63 30 101 93 1 0 132 
131 61 0 1 57 72 0 115 75 143 105 141 150 0 1 93 95 9 131 61 1 139 1 110 0 0 49 52 71 0 62 137 0 64 3 15 19 141 1 25 158 25 45 105 64 42 1 72 139 142 127 5 119 136 12 0 95 17 67 87 19 149 1 73 5 127 22 0 122 0 26 70 17 109 1 133 97 95 0 34 
87 16 65 40 54 126 0 53 22 16 151 107 93 83 1 0 101 133 49 1 1 33 154 84 9 0 6 113 1 127 71 134 55 0 3 41 53 79 17 151 32 0 99 34 1 0 146 156 0 109 129 0 0 102 76 1 18 0 30 1 1 159 1 35 1 0 1 1 53 149 0 0 44 17 93 144 144 100 9 121 
24 7 65 46 17 133 142 0 25 71 0 20 137 33 125 67 0 55 0 25 112 97 83 0 96 43 0 1 99 27 140 0 126 49 1 158 156 120 16 25 22 0 14 65 1 26 72 54 0 73 12 134 109 155 72 152 132 95 57 124 157 42 12 73 25 1 1 0 88 64 1 90 127 9 155 114 60 0 0 1 
1 1 64 1 49 141 155 145 109 36 59 154 150 39 67 14 70 10 103 15 145 0 141 6 85 107 1 0 130 104 45 73 70 116 91 135 31 0 35 89 34 120 46 110 1 1 97 112 1 42 1 0 67 1 106 130 69 16 1 0 23 93 27 115 98 1 1 99 150 0 126 71 49 88 1 0 0 1 1 93 
43 11 31 68 0 108 46 9 129 0 156 0 65 55 153 35 45 82 27 29 128 65 0 157 13 0 3 1 0 81 1 130 150 1 0 154 25 149 120 107 1 70 12 100 114 36 0 34 79 141 140 122 0 93 159 0 157 77 59 0 67 149 12 0 118 111 49 7 109 49 116 14 75 0 127 47 14 0 38 95 
126 0 88 0 52 114 0 121 0 156 7 44 2 70 21 37 124 118 130 14 37 0 72 11 0 115 128 1 39 0 1 153 91 79 122 0 36 15 46 0 36 70 42 39 37 1 63 0 38 1 1 36 127 0 25 7 109 68 150 158 1 28 0 122 1 0 45 133 100 21 144 146 1 7 118 98 51 72 59 144 
32 30 128 156 109 98 66 75 70 63 1 62 65 16 0 0 28 109 28 21 37 41 124 1 0 47 0 20 76 59 0 129 66 40 130 115 1 1 1 130 49 117 127 9 1 144 118 36 1 107 141 97 76 58 58 1 143 1 45 100 14 0 1 144 149 39 113 8 41 151 0 0 131 30 61 34 17 154 152 92 
69 0 1 0 0 58 15 127 32 111 90 144 148 87 157 19 107 135 151 141 33 85 1 70 50 104 86 147 0 118 1 0 30 134 65 141 1 82 49 139 24 15 55 81 81 70 1 145 132 1 97 146 142 1 131 31 14 69 93 0 83 134 77 0 124 68 133 1 54 1 139 0 0 118 122 20 0 89 87 50 
125 1 1 135 127 0 150 143 147 123 46 1 95 139 69 10 100 42 64 4 89 129 109 82 1 71 1 65 45 28 138 145 0 0 20 54 93 117 39 92 0 76 94 15 96 92 37 1 115 138 106 1 12 36 138 68 0 1 152 5 31 41 115 1 1 98 84 150 140 13 0 55 36 55 1 98 11 21 1 1 
74 1 39 1 25 38 3 130 3 89 36 154 12 61 1 76 128 3 0 31 4 65 1 80 67 30 73 125 106 1 1 0 93 0 14 94 8 89 88 68 10 1 8 1 74 159 12 77 0 0 146 62 0 1 131 83 83 116 40 8 26 26 1 104 58 16 41 44 152 25 105 59 59 47 67 94 1 33 1 17 
125 63 1 105 152 110 27 130 81 20 139 24 60 149 80 120 102 129 36 47 1 106 136 50 42 1 32 6 1 52 66 1 1 1 0 10 103 1 1 0 21 0 82 126 73 64 154 133 0 155 1 1 44 1 14 15 12 109 118 14 108 159 78 87 49 119 157 3 129 143 53 0 36 115 129 109 1 0 122 0 
70 41 84 150 18 44 123 16 150 148 125 1 25 134 139 6 3 1 1 71 47 140 36 24 158 0 49 1 94 1 135 75 128 109 1 0 153 3 0 113 121 0 111 101 0 131 0 109 89 5 113 55 0 91 85 1 1 77 66 37 1 0 129 1 102 39 71 1 6 59 7 1 0 101 99 113 125 146 116 0 
82 116 88 152 11 1 153 63 28 1 129 76 1 0 2 1 0 10 64 0 1 93 0 69 85 46 98 36 1 103 40 94 119 0 0 1 0 144 1 61 34 0 154 22 45 45 5 41 62 1 95 116 88 107 59 73 105 0 81 1 146 98 157 0 1 121 139 130 1 87 23 101 30 1 11 0 0 0 150 1 
103 59 39 159 131 157 1 1 18 98 134 0 37 1 101 1 1 130 96 110 93 5 82 5 102 53 130 0 92 45 159 142 0 1 13 149 95 0 51 103 119 11 15 159 132 0 52 43 34 61 66 36 118 119 53 1 151 2 115 6 146 0 159 0 1 1 80 74 0 64 130 0 115 1 18 156 81 73 9 100 
87 119 44 49 4 110 144 1 82 64 96 125 25 49 80 1 84 35 10 83 1 1 7 3 50 91 67 33 129 1 116 32 16 86 38 28 44 29 0 144 1 48 137 132 0 1 0 65 63 16 66 43 155 115 4 136 145 27 134 127 104 101 29 1 0 76 81 0 1 0 78 73 2 112 33 4 110 1 0 0 
85 16 0 16 1 18 143 0 0 149 0 84 49 104 133 30 147 1 0 148 151 54 0 114 0 1 0 35 48 31 1 152 51 63 0 14 1 0 0 0 51 131 1 8 21 152 108 39 49 108 38 118 141 110 147 77 75 38 1 105 112 21 50 142 21 0 158 35 0 112 10 73 30 1 1 62 124 88 1 6 
55 0 0 93 0 0 26 1 85 106 133 107 45 100 88 42 101 26 44 39 73 140 155 76 1 20 69 101 38 91 1 3 147 30 57 42 53 59 159 0 0 135 43 19 70 67 121 98 0 0 100 93 99 68 57 89 113 67 0 6 83 22 1 87 69 0 46 90 1 1 1 49 56 50 0 125 3 24 28 1 
1 85 106 46 83 125 1 82 28 150 125 0 127 116 24 110 136 62 99 1 110 56 11 10 22 90 1 35 73 1 0 77 1 1 1 111 138 37 124 73 0 0 0 132 100 61 27 132 1 102 129 44 0 0 152 108 1 87 91 45 25 24 0 0 1 29 110 116 4 4 156 113 71 0 47 111 146 0 119 100 
86 145 147 130 111 142 37 83 120 45 127 40 5 134 156 150 0 135 5 8 83 87 78 41 133 124 113 1 148 69 32 16 1 73 132 1 154 1 102 46 143 51 0 83 69 105 27 87 131 7 150 90 1 145 21 65 0 15 29 26 1 102 5 133 137 4 123 47 50 1 60 94 73 13 93 41 1 1 1 130 
1 1 2 94 14 1 26 147 0 0 73 23 153 0 0 23 133 1 20 126 34 13 96 121 47 1 0 101 1 92 0 100 19 29 155 78 26 124 27 25 38 105 68 0 67 104 0 1 61 20 9 0 131 42 69 37 19 88 155 93 69 0 1 108 87 90 73 41 104 27 46 1 127 149 51 1 109 21 124 6 
11 70 49 103 59 17 117 104 26 81 29 133 12 47 93 0 68 29 31 73 158 0 48 64 55 87 1 7 93 70 138 3 137 0 0 146 140 16 40 23 1 50 39 146 0 1 138 111 0 0 33 0 54 105 0 55 123 128 138 1 0 18 0 83 0 66 138 0 11 28 0 50 153 61 17 142 57 140 157 31 
49 17 74 131 147 64 2 72 86 65 2 12 69 103 150 48 2 45 0 39 52 107 83 14 53 80 52 144 67 139 0 127 31 19 0 0 93 25 66 5 20 32 12 69 32 0 125 139 49 9 64 57 11 87 78 118 1 0 127 148 157 13 42 93 153 7 159 1 78 91 96 84 53 94 1 11 52 0 149 157 
58 138 133 69 124 81 87 1 100 33 7 5 35 82 91 64 149 91 15 29 29 57 0 159 138 3 92 1 1 114 49 70 6 141 38 130 0 1 95 0 92 64 88 98 110 0 0 1 128 0 133 75 34 83 83 0 143 65 42 0 141 0 114 72 1 0 1 1 96 134 53 120 0 152 157 0 52 55 42 0 
97 47 0 115 74 119 0 0 125 52 19 112 0 141 81 121 139 0 69 95 123 10 98 81 0 110 0 64 58 131 1 103 8 132 1 76 1 145 0 24 43 28 100 84 71 0 121 0 72 143 95 8 22 139 143 9 106 0 89 1 28 37 93 19 0 141 77 59 139 71 0 17 4 16 0 128 0 153 3 0 
27 133 79 115 112 88 1 151 1 90 113 9 1 59 133 0 1 6 93 75 14 3 150 35 123 127 123 1 102 13 1 35 54 73 16 1 6 126 16 126 124 29 126 146 75 98 123 2 0 80 11 141 39 145 1 1 1 6 46 124 0 64 51 46 146 0 1 67 62 57 25 0 78 37 33 41 77 47 1 16 
66 49 76 154 1 1 21 122 67 1 90 1 36 1 156 74 50 1 14 1 0 100 81 85 85 1 52 130 0 0 141 99 69 1 0 1 51 41 44 129 80 97 45 1 146 123 58 103 0 0 86 33 33 35 107 27 56 122 142 22 135 0 70 94 100 0 126 137 63 150 29 37 1 100 46 0 66 1 54 110 
144 101 1 42 95 15 156 141 116 144 1 126 0 1 143 143 0 5 17 29 112 158 125 0 123 106 34 78 58 95 94 48 0 1 1 106 59 13 137 106 107 148 54 20 123 123 90 93 156 69 0 1 1 72 63 153 89 62 105 64 68 159 1 0 2 1 60 51 147 89 112 105 137 1 152 124 4 0 65 26 
39 148 54 0 4 1 72 159 94 72 93 1 1 30 27 1 0 0 59 0 54 100 37 16 27 83 0 79 52 60 60 35 73 94 98 92 1 60 155 1 62 13 82 150 54 82 149 65 12 16 13 0 106 92 91 30 0 15 83 29 67 106 122 11 24 3 76 1 110 84 77 0 151 131 148 90 112 21 0 58 
119 131 128 157 125 94 138 93 71 92 44 22 82 1 1 69 134 110 102 148 56 156 1 30 17 81 57 47 76 6 38 46 48 57 79 1 145 44 159 81 45 50 0 39 1 37 0 1 1 47 122 0 0 29 30 125 1 157 6 123 113 3 115 1 18 58 116 1 1 0 10 0 79 0 75 76 57 71 89 144 
48 81 146 41 19 78 44 74 126 90 142 44 48 4 92 127 104 151 98 67 17 1 101 84 139 110 54 157 12 25 77 44 157 1 151 64 0 116 69 119 54 124 0 57 63 153 62 11 0 81 82 0 114 0 6 16 15 135 33 96 0 1 144 1 0 133 74 64 1 115 129 27 1 142 52 126 1 119 142 47 
43 68 82 1 34 116 85 0 1 0 3 0 55 18 101 110 91 59 57 95 119 0 131 52 5 133 49 16 0 157 76 13 59 31 29 78 1 0 1 13 91 132 1 148 59 76 66 34 0 139 145 144 139 30 0 83 0 1 77 77 19 147 4 17 16 85 29 12 4 12 154 40 44 54 44 31 0 96 48 143 
1 86 52 100 0 8 41 0 99 64 1 53 0 106 0 26 108 43 89 117 71 60 57 1 154 99 0 146 117 67 0 138 1 137 68 26 139 0 44 18 32 9 0 142 124 81 128 122 130 0 38 19 34 43 98 0 153 107 1 108 1 44 90 150 49 106 65 118 159 137 5 26 1 47 14 48 1 92 125 87 
111 18 69 36 52 1 76 144 128 25 126 0 8 138 67 59 69 16 65 153 52 76 93 126 106 1 7 1 158 100 44 106 100 112 7 10 117 1 94 0 73 94 92 5 64 115 133 0 2 153 53 72 47 132 159 150 0 90 124 108 138 2 34 97 0 95 91 21 89 109 57 1 83 46 138 119 134 0 42 112 
51 155 0 36 5 8 67 0 0 66 118 138 1 28 1 132 1 3 81 149 67 0 148 135 113 146 1 130 158 70 88 90 148 159 68 1 52 114 1 148 129 151 0 31 69 1 14 0 1 99 0 110 55 100 99 85 134 0 137 79 97 33 1 17 65 61 8 77 56 6 0 112 1 1 0 57 104 1 0 64 
57 38 34 30 1 13 40 62 70 9 72 1 68 35 40 14 108 48 43 111 0 27 0 69 82 31 69 26 111 53 0 139 66 1 44 1 131 12 39 5 1 0 64 1 100 0 14 98 83 40 106 18 14 99 0 111 153 0 0 68 98 137 76 41 31 25 139 116 92 15 43 146 0 0 82 44 96 0 156 112 
1 90 0 112 2 159 56 90 79 104 146 110 130 0 1 26 36 99 137 27 111 136 93 48 1 104 0 89 0 158 35 50 1 95 0 47 0 0 130 69 11 121 1 0 12 137 1 27 0 151 61 69 119 1 65 143 99 25 117 0 45 97 14 0 151 1 15 1 85 103 7 136 70 54 1 16 120 54 149 110 
12 5 4 32 34 146 77 64 140 156 1 106 0 1 63 125 0 55 99 14 157 147 80 69 56 64 19 0 2 0 37 5 41 63 57 103 0 0 89 0 1 91 34 142 1 0 48 99 131 68 87 6 0 37 1 1 1 1 72 0 0 145 0 107 60 11 75 65 82 110 89 0 114 6 65 8 84 92 121 0 
134 108 34 157 121 89 1 0 145 1 136 54 21 47 45 1 93 0 1 47 11 72 0 99 46 47 152 63 100 0 30 0 32 10 0 0 33 62 0 147 41 12 47 32 1 80 57 117 0 153 1 6 1 119 135 0 0 2 58 67 54 0 1 78 0 116 34 32 98 116 155 1 61 77 139 118 1 92 115 51 
0 137 28 92 90 92 76 100 8 68 101 104 159 0 28 36 80 47 1 23 100 9 139 106 16 109 12 148 105 1 111 27 138 1 0 42 35 71 140 36 70 152 76 89 51 1 1 86 0 107 95 27 116 12 148 155 4 13 28 42 120 0 0 108 23 57 0 159 16 41 25 1 1 70 117 1 147 100 1 38 
38 0 51 17 133 58 107 0 7 10 33 133 135 1 0 22 143 99 77 1 65 88 99 0 28 47 0 0 55 42 117 10 77 27 0 0 0 158 44 74 1 0 1 96 60 30 28 84 76 0 73 26 24 29 31 1 39 0 75 158 96 101 0 0 7 0 28 112 0 100 1 79 73 1 92 136 3 0 63 18 
14 0 1 1 1 89 58 145 114 117 50 0 82 33 0 45 68 67 9 98 0 1 150 124 0 0 16 117 150 12 117 14 1 51 116 56 22 31 0 1 47 37 107 7 64 0 45 133 0 49 35 89 17 3 117 1 76 157 45 77 0 34 0 66 0 74 91 136 149 143 0 80 151 0 0 118 3 1 124 1 
18 1 63 1 69 15 120 51 52 150 119 122 63 155 151 24 67 97 16 129 49 46 0 11 0 46 0 88 15 141 51 88 10 124 1 8 141 105 44 23 120 108 1 122 1 4 42 1 129 99 0 36 152 72 141 1 53 85 1 0 39 110 59 78 63 0 0 65 1 17 90 1 55 17 55 10 67 45 57 114 
33 124 111 37 0 2 1 133 1 11 9 128 152 108 136 81 148 7 89 26 139 73 4 109 36 12 84 1 0 150 96 21 44 150 1 128 62 1 132 125 7 111 79 0 0 109 57 95 120 133 39 140 139 106 3 37 103 76 32 97 61 78 133 101 1 68 0 0 14 81 140 69 0 135 61 135 109 22 13 50 
150 0 46 1 129 131 1 145 114 32 124 158 34 65 1 42 38 65 1 0 93 82 53 107 131 10 131 114 9 110 101 9 71 103 77 0 133 110 74 0 24 101 83 17 25 25 138 74 60 78 137 109 68 30 0 12 107 24 27 21 124 47 83 87 52 64 129 0 1 90 99 67 21 26 68 37 108 79 110 91 
118 1 0 59 153 156 0 27 13 103 41 22 61 0 152 1 100 147 111 28 159 92 72 149 128 79 6 33 2 1 56 143 13 156 99 76 29 19 0 51 1 0 103 73 98 1 155 142 73 134 52 2 73 10 124 138 39 1 22 137 0 119 74 37 130 119 77 142 0 134 69 104 124 16 55 0 112 0 107 78 
158 141 0 79 117 122 7 30 39 48 54 118 1 30 65 0 146 27 8 88 1 80 118 0 158 0 93 81 1 86 157 47 141 7 29 99 1 136 81 14 0 11 157 0 77 81 0 114 60 128 11 54 56 1 0 97 156 37 0 24 69 40 1 28 1 140 13 0 121 0 100 1 55 54 26 0 34 83 0 23 
23 136 111 133 42 32 1 106 135 113 0 0 54 16 66 8 128 41 85 87 0 52 106 150 136 0 154 21 145 146 0 88 64 88 16 36 83 128 97 82 55 103 62 32 0 74 59 0 137 84 150 102 31 110 118 86 101 105 115 0 33 1 141 15 46 97 101 5 148 49 0 58 55 63 85 26 45 15 1 24 
82 94 1 41 82 131 117 6 149 1 37 144 93 13 122 82 1 32 1 1 79 128 76 43 74 94 1 104 145 1 1 56 1 43 39 127 0 140 0 73 63 91 151 130 110 13 124 1 75 106 145 1 1 56 111 64 33 105 0 2 51 52 33 5 100 111 3 69 143 117 104 0 0 72 149 0 20 46 70 100 
6 115 0 1 155 54 77 143 76 25 1 92 114 156 0 100 159 0 100 100 0 1 123 19 141 98 87 122 0 144 103 82 25 33 0 11 26 1 154 10 52 21 24 17 28 1 132 25 151 48 102 58 138 28 1 159 136 1 1 0 0 0 145 3 130 0 138 33 16 4 1 118 0 78 0 142 80 70 1 133 
0 153 16 101 122 0 1 0 0 49 40 0 5 90 1 0 44 107 83 1 74 29 136 0 2 80 0 27 78 9 113 89 130 39 5 29 4 86 0 0 137 0 83 79 9 34 148 1 83 53 146 147 30 0 81 140 59 1 104 14 90 1 17 120 0 158 153 1 118 39 56 159 60 0 102 100 35 86 159 1 
0 0 104 6 56 47 48 141 25 0 1 128 16 147 58 1 13 69 34 39 116 104 0 21 92 0 0 86 46 43 152 121 88 5 1 114 107 1 54 75 120 114 117 26 0 150 97 98 118 127 130 139 39 111 98 24 1 15 66 26 14 119 1 61 50 1 17 51 124 92 72 12 0 142 0 119 43 17 1 111 
6 0 3 47 0 41 51 0 1 0 14 30 0 49 0 52 90 84 0 74 0 63 57 77 0 43 0 0 12 0 93 0 0 0 78 69 22 0 0 57 1 118 115 36 0 128 30 0 1 131 143 121 116 146 0 0 137 1 111 46 23 0 147 49 81 153 97 118 111 95 35 78 12 97 47 0 139 1 0 66 
17 1 0 58 0 104 0 124 41 13 0 0 88 142 66 114 43 121 25 149 44 33 75 29 140 145 33 0 27 9 0 22 46 134 122 30 13 1 8 0 1 1 76 92 51 113 14 143 152 27 32 70 22 75 48 84 114 62 0 1 32 64 53 130 48 94 150 84 106 0 137 50 148 129 118 0 0 10 44 68 
155 82 127 90 137 136 1 30 47 53 0 114 23 116 135 0 66 136 84 0 60 26 110 145 25 40 16 75 80 39 32 22 36 70 140 105 1 1 130 147 1 95 0 44 60 84 76 74 1 129 0 1 62 110 1 1 0 27 74 159 1 151 111 53 116 10 83 153 83 36 135 117 0 1 84 1 15 0 158 132 
9 1 32 0 0 143 72 1 47 131 69 22 119 42 23 150 1 65 79 92 0 19 1 112 125 29 32 1 150 142 37 36 1 0 26 0 115 42 1 120 11 32 98 108 53 22 0 120 11 5 86 127 104 0 1 0 0 145 117 96 14 10 151 47 121 26 76 127 53 124 0 38 0 1 53 105 35 136 0 1 
116 0 28 34 99 132 152 18 1 38 130 143 123 132 1 36 125 45 112 149 38 108 80 1 0 0 0 142 120 84 1 145 19 150 102 8 1 103 41 1 150 53 155 0 1 27 55 80 90 1 90 106 90 0 130 0 55 31 114 155 83 11 87 0 112 64 86 65 23 6 105 129 1 19 41 22 67 0 39 0 
