1
50
0 7 0 51 77 0 41 0 0 53 62 49 49 39 1 26 70 37 0 92 1 1 0 1 81 0 99 0 43 1 0 83 40 88 13 31 79 62 26 61 52 45 0 49 47 85 0 16 92 98 
94 0 57 6 40 46 1 1 30 72 20 88 41 1 31 29 38 96 1 26 8 43 1 55 66 79 90 73 68 58 28 18 33 88 66 27 87 56 35 89 76 0 7 37 61 11 1 93 14 0 
91 22 0 9 2 25 0 54 76 1 23 84 35 98 77 40 51 1 1 60 80 46 1 1 82 98 77 75 20 0 49 1 16 82 50 1 9 29 64 65 90 34 9 0 69 1 69 45 1 80 
91 54 0 0 10 3 63 86 1 28 87 42 1 79 77 46 31 92 24 39 36 95 61 52 0 67 53 90 0 24 0 0 4 1 38 23 93 1 1 50 1 72 21 26 19 93 39 4 25 0 
11 0 1 6 0 1 13 57 0 83 25 85 15 47 97 58 77 50 6 0 38 80 4 1 81 77 20 92 85 0 76 0 80 38 40 94 0 71 0 37 91 16 4 1 33 57 18 26 0 1 
94 1 59 44 18 0 43 20 65 89 13 76 1 83 25 96 4 60 76 15 56 41 63 57 23 1 20 40 0 64 1 1 19 0 1 32 1 0 23 20 1 0 33 52 95 96 43 33 11 32 
1 23 43 39 20 64 0 0 78 0 15 13 69 59 1 47 52 0 1 12 99 13 50 1 42 1 59 88 23 0 65 64 0 0 85 50 0 78 47 0 77 85 25 12 1 6 45 10 42 35 
27 1 0 65 20 39 11 0 67 9 27 31 0 89 6 1 33 1 87 56 0 34 71 66 98 53 0 97 50 23 71 94 56 89 74 42 49 51 47 79 15 70 0 1 65 1 56 77 33 69 
86 67 97 44 29 56 43 1 0 50 28 95 15 38 0 30 90 79 60 92 1 27 1 43 65 87 63 63 95 1 45 46 89 1 12 37 32 53 5 1 63 1 39 49 38 5 61 62 29 0 
1 1 65 57 0 6 20 44 23 0 1 44 80 1 17 44 91 31 0 63 96 98 74 52 47 28 23 29 32 90 56 32 30 1 27 57 1 0 69 65 77 19 76 83 98 17 57 82 79 49 
0 76 15 55 51 86 43 13 71 27 0 59 14 94 45 89 38 0 53 8 92 83 54 59 83 91 32 31 85 1 5 18 43 73 1 9 76 52 84 1 91 16 21 41 16 61 1 1 84 97 
87 16 57 1 80 81 60 93 1 78 39 0 0 17 0 12 49 34 91 53 89 0 67 25 7 10 78 73 1 90 4 70 30 63 1 21 36 0 1 63 68 82 22 0 62 30 63 0 0 0 
54 22 41 45 72 1 1 16 42 59 9 9 0 33 92 39 11 0 96 92 77 95 54 51 79 13 8 45 1 27 46 94 0 13 29 62 14 1 66 82 14 65 60 0 11 56 92 16 17 46 
1 70 1 0 51 19 28 81 39 8 10 89 90 0 4 19 13 31 0 61 0 99 35 0 62 42 86 1 62 71 1 1 0 40 96 82 7 9 66 81 27 0 0 91 97 55 6 66 86 86 
40 38 42 81 94 75 30 69 1 60 9 0 0 92 0 0 29 39 43 21 99 99 10 2 90 4 83 49 46 13 34 57 35 13 41 48 63 29 50 57 1 52 36 1 1 8 22 1 1 43 
28 0 21 93 0 50 68 22 36 39 24 50 48 0 31 0 13 44 94 76 1 53 0 94 0 78 82 84 37 53 81 22 0 36 1 8 27 58 39 98 7 77 65 8 17 4 58 0 1 64 
16 17 26 74 40 23 4 66 1 36 65 0 1 82 98 43 0 67 0 77 43 2 62 64 80 21 80 60 95 45 71 95 96 36 94 4 87 10 63 31 24 89 27 2 0 24 1 87 88 0 
19 74 4 91 0 99 0 56 0 55 13 28 0 44 4 49 16 0 1 47 1 80 1 76 60 0 1 0 0 5 95 0 86 84 73 16 82 45 54 34 21 60 90 99 51 0 0 5 16 1 
60 33 6 32 6 15 0 6 72 63 15 68 0 87 63 0 44 32 0 72 3 0 15 63 9 57 0 39 27 94 83 0 87 22 17 0 1 25 74 1 77 1 22 41 85 38 26 62 1 1 
66 18 19 71 22 25 78 9 70 41 23 74 1 86 97 44 95 97 49 0 84 90 81 97 67 30 1 33 95 0 49 34 51 70 47 83 34 90 68 0 26 90 48 0 60 0 91 46 41 77 
1 12 10 33 35 42 69 40 0 1 30 13 23 0 70 1 45 59 74 48 0 29 31 1 76 58 0 37 49 83 2 17 66 50 83 66 10 9 67 48 3 73 23 14 59 0 0 0 0 39 
13 0 0 84 0 72 47 19 0 93 75 32 64 24 99 28 57 1 91 13 60 0 81 1 36 0 1 48 0 40 36 12 43 65 1 10 88 54 1 0 61 48 98 11 0 19 70 1 1 50 
9 5 77 86 28 0 5 84 79 38 33 48 80 55 1 49 1 59 68 21 1 91 0 0 3 1 56 6 1 94 10 92 94 11 49 11 79 0 36 93 81 0 1 58 0 77 76 87 57 0 
14 15 80 1 70 44 15 72 15 62 29 1 0 18 66 1 89 0 62 30 28 26 13 0 17 49 18 85 96 58 48 39 0 1 55 49 56 1 14 0 23 48 75 76 22 0 59 38 0 31 
1 85 78 8 0 0 91 85 57 86 94 58 4 89 52 73 1 31 20 29 4 6 0 96 0 33 21 0 0 42 67 49 1 58 84 1 82 38 72 29 74 2 27 4 27 76 22 69 97 49 
1 79 97 0 78 22 42 97 1 88 91 55 3 65 74 0 38 55 63 12 11 34 26 76 74 0 33 17 1 78 31 0 0 64 29 84 2 7 1 10 96 53 17 6 2 89 1 31 8 78 
63 1 1 34 8 24 79 4 24 78 92 58 29 3 52 82 98 49 0 91 82 34 95 40 21 99 0 53 1 46 22 0 36 70 0 22 55 77 63 82 0 36 1 47 67 0 14 85 0 86 
5 1 17 32 93 32 1 58 10 1 61 1 79 63 20 57 6 57 20 80 1 0 1 58 72 1 47 0 0 0 9 66 0 54 4 0 57 68 52 31 8 73 14 27 1 49 0 54 81 8 
86 91 75 11 73 58 1 74 1 16 67 38 1 66 0 23 99 17 98 19 0 56 36 42 11 0 73 1 0 2 28 4 1 89 1 89 0 55 51 31 68 9 19 1 0 1 1 0 1 0 
1 0 0 66 35 0 9 0 93 0 0 1 57 1 94 95 68 45 34 48 7 69 86 30 1 6 35 0 58 0 0 99 3 10 76 69 50 1 5 36 71 74 43 92 14 1 32 29 98 82 
95 1 68 0 76 49 4 17 61 75 70 20 1 47 22 0 33 1 6 27 47 85 6 73 14 2 42 76 6 62 0 20 32 4 52 0 0 58 73 12 55 57 14 1 1 51 86 0 76 3 
96 1 6 6 0 65 18 83 0 34 0 89 12 71 9 11 22 84 1 32 31 65 45 1 85 12 64 47 83 4 86 0 0 40 16 69 1 42 13 64 81 97 1 1 72 18 50 93 72 0 
73 51 88 1 71 53 8 1 34 0 25 59 19 82 28 74 23 76 20 10 89 12 97 40 31 8 0 91 0 88 22 55 0 24 0 81 79 1 92 23 71 79 32 22 64 1 68 83 89 23 
65 1 12 42 75 8 0 0 35 52 1 33 82 94 74 71 0 23 1 1 69 67 2 86 34 86 96 87 9 59 0 61 65 0 53 43 65 65 9 7 7 1 63 14 87 1 1 1 18 32 
0 1 89 76 86 0 42 74 66 32 1 44 80 1 89 24 5 47 0 73 8 81 89 59 19 48 32 56 1 51 83 93 19 66 0 0 75 20 98 49 14 51 1 85 88 35 49 60 88 1 
48 69 93 0 54 0 0 1 16 78 0 15 57 43 1 64 46 1 57 68 31 15 94 77 90 0 0 21 94 0 27 20 0 68 0 0 66 1 81 0 97 34 78 22 1 89 77 93 43 0 
54 2 72 1 38 94 1 20 1 71 0 25 84 0 32 17 96 62 6 43 78 5 17 7 89 25 0 0 23 62 14 96 64 19 1 79 0 25 84 85 22 34 1 0 0 77 84 14 13 46 
1 84 0 47 89 9 6 0 81 12 60 87 51 22 93 0 14 1 92 54 46 90 18 39 19 29 1 1 61 89 0 3 0 29 80 51 50 0 5 1 0 19 74 73 93 13 65 0 0 6 
93 37 99 32 1 84 96 27 35 21 45 0 8 0 72 39 0 92 55 69 0 19 38 20 33 1 0 1 0 73 18 1 1 1 0 90 82 9 0 1 49 50 1 72 16 37 85 82 60 25 
57 94 0 80 95 21 1 16 34 4 1 59 77 72 12 52 1 0 1 0 27 0 91 56 2 89 90 67 0 4 48 74 1 27 78 0 53 36 1 0 0 0 77 74 59 92 36 9 70 64 
7 71 1 0 5 1 62 60 9 33 0 49 0 86 26 1 48 76 84 1 16 27 24 1 1 0 25 91 54 0 72 4 58 95 20 97 1 94 61 25 0 99 99 0 27 52 75 15 21 25 
56 1 89 1 1 0 0 65 87 38 86 73 12 57 29 0 15 1 11 11 70 1 42 1 39 61 11 93 1 22 64 49 1 86 0 73 27 5 19 34 85 0 14 82 75 1 1 26 0 15 
16 6 1 0 66 1 86 0 60 0 1 85 37 57 32 0 11 1 81 7 0 1 35 14 82 70 64 1 96 46 30 0 63 12 1 0 6 31 82 29 56 56 0 32 1 27 93 13 58 1 
3 88 75 67 45 67 25 0 50 7 0 73 91 19 0 61 95 2 28 78 83 22 72 69 0 0 23 73 82 33 35 0 7 98 51 56 1 2 77 3 60 86 48 0 87 22 47 66 92 0 
83 94 1 48 1 13 34 14 96 40 26 34 1 83 1 41 27 62 96 4 16 1 59 1 0 0 27 33 22 95 19 44 0 40 35 68 20 1 1 40 44 1 53 34 0 11 0 64 5 37 
8 79 26 79 76 48 13 40 65 90 1 0 33 0 34 27 0 26 3 1 37 22 78 63 72 35 0 0 61 1 72 33 1 32 0 56 31 76 71 95 37 1 1 21 1 0 64 42 1 53 
38 91 0 16 78 2 66 43 1 62 95 11 55 68 31 30 68 25 15 85 1 98 28 94 6 79 20 18 20 0 90 74 10 43 82 0 0 1 10 43 31 12 12 76 52 36 0 78 48 45 
81 30 0 1 0 64 24 38 49 68 5 19 8 0 97 5 30 6 0 97 1 47 1 95 28 64 1 0 34 1 36 22 72 14 0 18 93 28 1 81 16 53 49 19 1 1 0 0 94 1 
1 68 49 80 80 46 39 83 45 9 98 13 88 1 47 1 24 60 0 17 66 26 19 94 1 76 92 98 62 1 22 54 0 96 89 94 0 0 35 37 1 97 0 70 14 1 1 96 0 0 
31 57 94 56 31 0 8 75 56 83 99 0 1 94 0 1 13 3 91 0 34 34 18 5 9 25 95 44 24 0 40 27 73 1 70 46 99 0 93 13 83 98 40 9 1 79 57 98 35 0 
