1
100
0 139 147 1 144 107 63 1 193 0 184 181 145 121 163 0 2 99 0 189 0 1 188 96 110 115 62 123 165 167 55 110 85 138 127 196 65 37 18 132 28 89 1 182 104 10 135 0 159 123 105 105 121 181 88 102 151 68 5 1 162 73 1 63 55 47 86 6 0 133 79 79 193 8 0 0 119 0 133 0 67 0 157 156 104 1 26 30 2 172 95 0 149 0 100 141 33 20 130 1 
0 0 163 40 70 154 74 36 1 169 158 14 131 148 0 0 84 69 45 18 54 95 165 132 14 0 136 177 79 183 157 94 152 191 90 58 163 5 34 0 163 110 24 184 1 150 36 16 1 91 156 69 188 1 57 123 94 149 172 8 66 16 3 178 1 29 172 160 150 151 23 168 159 37 100 167 35 146 198 109 11 1 0 76 84 139 9 15 151 0 1 62 155 1 49 22 125 58 0 111 
1 48 0 64 104 136 94 48 107 66 14 1 163 95 181 152 90 1 169 189 33 18 0 1 56 190 1 0 31 181 170 191 26 1 187 31 80 172 0 111 1 8 30 32 0 74 112 121 144 8 118 190 140 80 87 120 23 153 41 80 142 177 164 0 89 92 13 35 33 119 96 1 198 160 2 65 142 114 33 108 39 53 146 0 28 124 0 190 47 157 1 190 0 83 6 55 141 166 1 1 
155 0 74 0 195 119 0 1 100 1 96 0 70 1 29 81 171 0 78 88 195 43 186 1 176 198 70 128 29 67 30 181 154 39 104 44 36 105 62 87 0 171 1 129 0 15 140 111 132 67 74 175 177 105 118 164 80 191 115 0 1 97 191 89 8 74 153 71 0 192 165 178 188 186 5 22 119 94 100 44 152 177 164 181 185 1 153 121 135 68 1 40 0 183 1 127 23 40 74 145 
125 144 111 53 0 1 26 1 87 1 95 181 131 118 153 119 112 183 174 22 74 62 38 1 73 188 159 46 78 162 61 112 191 138 116 0 22 187 112 105 68 174 97 183 60 177 1 188 1 0 150 0 130 140 153 79 128 32 54 137 14 38 37 141 114 1 59 8 129 190 142 17 53 180 113 74 171 144 51 57 0 179 55 1 81 171 77 0 162 0 1 174 20 1 4 82 67 5 176 29 
0 20 121 32 158 0 1 24 176 128 1 55 142 92 1 138 1 156 0 106 160 160 1 149 1 153 116 191 49 73 174 42 1 124 28 80 1 65 159 8 19 0 1 176 184 1 0 55 1 72 1 13 0 103 17 0 90 163 1 179 13 194 88 197 107 0 1 67 162 193 142 1 62 0 1 61 125 172 0 148 127 1 0 127 1 130 131 169 0 196 0 26 1 82 164 49 145 56 88 0 
22 38 125 94 152 0 0 170 1 151 1 1 31 88 139 67 67 199 64 99 128 1 58 186 157 68 0 1 8 146 106 20 143 0 1 149 35 150 87 51 1 142 161 1 39 37 111 0 113 121 1 120 49 135 28 18 106 18 72 1 69 0 8 175 34 28 106 1 0 6 118 103 115 189 180 176 1 178 1 0 9 0 68 0 177 125 186 173 1 0 0 22 24 125 0 38 1 165 1 181 
27 0 45 1 141 172 82 0 58 33 166 58 15 80 0 54 119 1 10 0 52 0 0 156 15 179 82 27 101 102 177 147 1 118 1 127 180 158 32 169 167 91 185 0 37 180 96 12 162 36 152 98 102 122 32 38 46 8 184 169 1 1 66 178 143 155 33 0 59 42 13 125 126 44 0 77 81 161 82 196 9 40 109 170 130 0 92 0 1 24 104 132 190 1 87 2 99 1 170 119 
41 0 48 148 1 1 140 0 0 119 79 104 116 0 162 6 47 126 175 1 132 199 44 86 107 147 124 76 173 57 181 192 130 50 64 1 16 135 1 75 181 174 158 95 13 1 62 1 36 90 17 1 85 1 97 63 23 133 9 77 103 143 132 1 153 140 86 174 194 27 138 0 117 57 169 77 1 1 188 55 1 87 0 135 43 129 165 96 1 0 11 87 27 0 195 122 107 16 0 80 
60 36 186 133 1 108 81 86 148 0 164 174 44 77 107 2 83 199 153 0 0 167 50 23 48 68 75 0 1 75 104 142 29 119 1 1 10 136 141 157 85 110 161 143 133 11 50 7 8 178 71 51 177 183 0 64 182 1 1 0 97 28 186 1 39 61 130 165 158 139 14 126 174 0 116 197 92 128 160 99 141 18 168 89 147 3 30 167 83 27 67 1 33 75 0 35 43 69 5 186 
0 0 129 144 199 138 137 52 36 159 0 1 0 154 0 158 1 44 154 18 90 38 1 4 106 4 163 151 74 151 50 1 106 0 59 63 147 135 50 135 179 157 187 53 1 33 86 55 116 45 19 12 172 1 159 113 72 154 0 197 1 49 19 180 160 0 116 53 0 92 175 69 6 109 109 57 31 0 0 0 25 50 74 93 183 0 198 24 130 86 192 0 1 0 125 81 196 1 24 134 
77 183 1 163 1 158 1 89 107 0 168 0 165 116 1 26 75 27 26 1 95 0 9 76 1 0 109 62 195 7 119 129 176 148 0 106 134 37 33 125 82 28 100 154 127 83 49 68 170 93 1 1 0 40 180 14 111 113 136 89 51 174 116 71 180 50 117 51 0 168 130 122 1 0 50 191 1 173 0 170 60 59 117 119 110 73 1 96 147 34 78 1 26 147 12 0 106 121 196 37 
106 167 108 53 1 125 56 62 83 171 98 0 0 119 1 156 130 59 134 70 61 1 145 44 140 139 44 6 0 191 138 125 62 36 67 164 106 1 1 102 0 48 189 0 158 1 199 22 42 114 173 185 173 55 33 92 179 23 16 100 23 46 95 39 34 24 177 109 188 97 51 116 1 86 18 174 148 142 55 0 1 88 55 0 12 22 118 71 195 105 0 35 96 93 78 45 150 44 190 74 
15 123 126 42 168 115 7 132 98 3 82 0 22 0 0 98 181 12 0 20 73 125 187 7 82 116 0 1 141 197 101 33 142 86 163 86 44 9 1 107 194 87 0 1 155 0 141 101 11 181 18 0 50 35 1 4 0 0 168 178 167 1 30 95 79 32 1 85 16 0 0 28 42 81 167 5 188 0 135 45 55 113 37 0 113 1 20 146 100 114 50 190 0 0 59 14 100 117 190 53 
20 189 134 79 49 1 170 1 75 104 1 54 195 0 0 1 185 8 162 33 183 38 58 121 29 85 174 81 111 0 0 1 78 176 100 122 175 28 47 107 98 137 0 22 177 101 186 84 164 19 70 1 168 0 174 52 76 113 185 167 131 199 65 127 88 31 35 145 79 96 144 62 100 125 183 125 176 4 1 177 171 112 101 72 165 178 88 126 0 172 30 78 31 134 171 151 68 199 67 0 
110 124 152 1 50 26 195 1 17 137 75 91 31 73 6 0 0 87 154 12 167 165 1 144 56 122 117 0 106 77 117 90 157 1 191 141 0 99 61 1 30 1 0 74 199 1 0 0 81 185 0 182 57 66 132 48 57 68 154 1 153 37 1 195 1 197 36 140 180 101 122 75 33 95 43 163 15 8 185 194 0 122 26 1 107 1 51 133 145 172 149 186 20 79 56 0 137 190 1 172 
46 199 1 63 1 190 50 0 38 19 8 162 32 100 139 78 0 83 79 0 176 159 152 173 195 115 123 173 45 0 0 78 131 1 143 1 74 53 1 86 54 90 1 1 156 130 133 129 118 0 191 61 84 1 52 71 149 192 42 186 110 0 174 22 115 30 143 1 181 34 195 59 25 157 156 32 0 176 155 0 0 159 86 0 120 52 0 1 101 111 107 3 18 73 98 17 161 1 129 165 
48 20 68 0 129 59 132 149 1 120 1 1 54 87 54 34 93 0 161 1 57 12 0 136 1 0 1 138 144 19 1 0 28 0 9 1 49 172 190 7 183 37 85 0 23 1 160 104 116 182 12 156 140 109 164 143 187 93 16 69 189 0 0 0 13 46 156 21 123 136 113 61 1 175 21 1 0 170 190 57 0 199 160 130 1 135 46 82 1 1 1 171 123 1 0 102 159 172 1 150 
1 23 57 98 14 0 58 52 100 1 0 1 3 19 18 1 127 1 0 89 1 88 69 52 173 0 115 134 35 0 118 148 184 1 149 155 0 93 89 1 100 0 0 64 121 1 0 106 1 137 94 62 195 35 26 56 172 1 24 127 20 107 131 34 8 0 113 103 34 86 186 0 68 140 35 139 121 72 0 1 1 0 0 152 143 0 43 0 1 40 1 130 133 30 73 79 0 91 0 141 
1 71 58 1 192 157 1 63 114 45 130 169 97 198 0 126 171 11 26 0 36 47 29 0 24 43 106 165 132 1 148 102 166 162 45 0 25 1 177 0 77 165 49 6 0 1 1 111 155 5 149 107 1 9 0 91 33 26 1 46 1 0 37 18 21 0 124 1 0 3 53 129 148 186 0 0 0 0 95 93 171 27 0 25 0 58 67 125 181 0 104 1 2 12 84 68 0 158 24 90 
133 58 0 135 103 119 81 1 1 26 111 42 148 35 109 47 160 1 180 0 0 143 62 1 77 41 14 144 9 14 69 194 69 16 18 0 84 143 155 11 0 83 60 1 173 0 100 188 0 1 97 109 110 1 113 57 43 0 0 0 19 1 1 105 70 44 129 27 152 166 27 63 42 121 60 110 37 54 75 44 1 1 58 57 67 1 170 102 174 0 138 0 127 82 0 183 90 0 39 51 
81 122 19 11 116 56 1 134 93 1 1 1 155 0 45 1 0 0 87 68 196 0 0 127 15 199 85 0 94 162 0 144 0 1 1 26 0 102 195 130 112 1 143 86 137 67 0 171 76 63 150 160 109 0 43 6 42 87 115 178 141 149 144 152 15 0 1 77 185 142 1 45 91 108 192 1 0 104 1 0 0 79 123 100 107 80 0 133 15 94 0 192 61 28 129 34 75 100 103 17 
125 91 0 0 1 31 0 90 1 111 1 199 134 130 16 179 188 176 29 161 1 96 0 81 138 89 159 1 123 89 51 119 2 91 104 88 107 72 169 95 32 24 184 1 170 150 55 190 190 119 151 30 143 127 92 194 101 123 169 0 0 0 1 83 28 124 1 17 0 1 1 5 81 65 45 0 124 0 166 49 0 37 147 181 1 166 78 86 28 1 15 78 119 146 1 59 106 84 172 194 
94 1 131 195 1 48 124 75 1 114 135 1 190 0 40 0 59 132 115 191 156 71 51 0 51 139 32 78 149 158 116 1 0 76 120 74 156 111 35 131 59 29 1 148 69 72 102 19 39 100 0 129 131 53 0 120 63 0 76 6 80 16 175 0 0 74 153 79 0 148 140 22 1 66 1 83 7 1 110 177 152 116 6 53 154 132 99 0 136 35 19 123 37 84 162 0 165 122 193 131 
1 101 159 0 177 131 43 67 18 111 100 130 139 149 56 90 8 191 106 137 193 0 0 103 0 109 153 0 120 84 161 194 150 28 199 1 1 38 198 156 19 188 112 17 0 145 0 44 35 7 0 1 128 0 133 153 27 1 0 41 0 51 110 31 79 182 6 0 46 8 192 131 105 158 90 147 121 70 23 0 154 92 136 146 134 0 45 1 160 0 124 110 116 1 69 0 10 99 0 85 
13 150 0 109 143 162 26 26 148 35 148 88 37 163 175 58 1 0 97 32 155 91 47 114 112 0 100 0 7 10 159 164 9 1 173 143 73 0 0 8 162 72 44 0 4 160 56 39 114 153 157 0 0 36 86 49 129 0 199 1 49 127 159 18 124 24 5 194 164 51 0 136 156 79 14 61 21 43 0 188 1 76 57 1 142 104 0 45 71 134 83 180 130 32 27 78 161 65 93 147 
140 126 103 183 153 113 155 123 0 71 175 0 0 164 33 7 101 149 104 197 125 0 0 191 1 70 0 43 111 34 89 10 42 139 151 188 1 1 1 91 134 92 0 119 0 143 57 0 67 8 19 1 25 139 1 115 1 7 198 73 173 1 185 31 0 46 38 182 0 101 1 1 108 0 154 62 0 56 163 89 138 1 192 173 132 119 64 1 119 183 6 1 53 61 0 51 118 98 194 147 
174 33 42 1 44 0 84 52 171 158 28 61 76 72 128 94 0 21 31 131 116 0 199 122 146 189 0 0 111 107 175 130 195 182 0 105 125 0 36 1 1 49 177 1 32 160 50 199 137 191 0 109 95 8 57 1 114 1 102 11 76 131 86 58 1 152 101 22 62 0 128 0 135 158 85 20 167 18 126 87 0 1 157 3 55 45 21 80 0 125 1 180 1 171 88 95 58 38 95 87 
194 71 145 55 118 84 18 0 173 25 151 122 1 181 163 172 0 67 82 134 61 0 89 2 18 0 175 150 0 115 0 36 54 189 1 109 126 186 88 129 156 139 71 147 66 142 65 179 55 176 53 157 0 1 154 1 0 64 87 155 180 156 40 32 1 199 81 97 135 90 0 98 99 1 10 1 0 85 162 133 114 159 189 147 5 160 115 5 45 1 98 158 1 142 167 112 167 81 47 1 
1 0 40 123 5 1 84 77 139 0 1 1 86 32 103 154 173 184 90 171 11 102 165 20 36 165 65 47 1 0 0 8 109 1 0 20 0 14 63 46 94 59 0 37 63 131 0 78 0 63 196 130 73 1 27 59 191 149 47 1 154 85 27 84 51 49 91 1 1 1 60 76 0 27 0 14 1 155 175 53 56 171 96 1 9 187 152 7 8 57 96 9 0 78 127 127 108 59 9 1 
1 148 91 1 55 29 158 1 153 0 83 23 0 16 0 24 146 10 185 129 0 0 97 170 1 55 23 195 1 0 0 21 2 164 0 0 1 17 0 0 98 113 196 171 85 134 29 18 162 0 174 88 187 154 173 43 118 43 15 24 0 39 187 12 12 1 49 0 143 1 143 1 191 192 121 25 148 1 144 98 84 0 75 167 10 50 1 1 1 8 14 0 61 136 63 150 19 140 189 68 
17 87 183 73 160 191 1 0 15 77 114 90 141 27 60 1 95 149 190 143 1 0 87 143 156 76 17 192 167 196 0 0 186 0 52 145 1 74 1 1 197 59 70 159 1 38 137 161 13 145 199 112 0 85 195 0 0 31 0 96 1 52 115 1 119 98 70 33 0 182 69 0 65 48 4 58 44 48 92 34 1 137 66 139 163 3 0 0 11 157 44 80 178 158 37 1 54 1 13 188 
2 88 55 0 115 17 169 127 193 27 90 180 80 180 135 199 158 15 54 195 141 47 0 1 0 99 169 78 181 177 133 43 0 63 1 44 51 180 1 176 0 37 179 100 97 131 38 135 140 38 192 123 166 86 0 186 86 0 83 64 32 154 177 7 0 47 44 141 0 126 0 80 158 52 142 105 129 68 102 172 26 0 192 135 115 1 13 25 147 120 43 131 112 181 25 40 169 196 68 194 
1 72 125 69 29 0 1 73 173 106 111 45 1 197 1 0 164 124 135 68 1 76 157 87 150 1 102 154 1 158 120 165 176 0 67 140 90 95 96 11 98 38 0 66 1 194 95 38 68 76 59 198 37 171 39 20 167 20 0 50 0 28 49 37 60 0 0 83 69 105 188 177 1 0 1 126 45 69 155 57 72 54 145 60 191 79 190 190 38 10 49 0 154 88 0 36 0 152 14 8 
1 185 172 196 99 12 159 0 31 171 156 0 56 153 16 145 1 129 2 64 174 1 52 165 91 82 119 7 86 148 0 43 0 162 0 1 1 133 153 54 194 178 0 118 25 54 44 1 1 26 0 0 0 108 106 0 53 59 32 36 191 140 0 120 88 141 180 85 103 117 189 183 78 1 65 0 29 11 140 64 1 45 1 131 1 142 139 59 190 86 183 120 70 124 0 0 164 0 1 103 
1 0 1 1 0 98 196 196 0 93 38 20 24 82 167 80 65 15 0 98 156 1 17 13 40 55 72 109 1 192 1 1 1 10 95 0 58 196 0 5 25 186 120 0 154 172 48 126 156 38 113 47 98 141 119 191 1 60 138 5 162 9 5 134 54 0 91 35 52 148 156 52 145 16 186 1 189 127 193 144 178 128 46 0 1 1 87 144 1 77 177 130 109 18 0 192 145 52 165 1 
160 103 165 196 167 96 16 97 0 190 178 10 0 185 191 55 32 1 38 112 143 190 90 77 1 185 82 15 1 117 25 45 141 134 71 5 0 44 1 59 18 127 152 130 164 146 50 160 117 153 0 0 52 125 0 1 175 126 146 192 140 1 0 182 170 36 1 126 172 0 57 0 1 115 80 75 0 0 38 98 184 1 166 176 19 63 1 0 73 0 115 100 44 101 49 1 186 1 0 0 
1 94 67 118 1 149 0 45 178 82 1 69 129 68 111 0 0 161 95 78 63 34 132 1 1 107 0 188 0 0 151 102 0 1 150 196 164 0 75 129 172 88 27 0 165 1 81 63 191 16 109 0 20 1 1 121 1 0 122 1 195 1 1 130 44 0 40 118 102 5 73 74 19 184 170 0 139 184 113 59 1 125 2 1 1 1 125 140 153 48 101 1 1 187 118 156 196 94 111 150 
61 46 1 0 109 4 40 94 1 138 84 168 1 1 0 1 127 124 1 178 192 146 49 17 136 38 1 86 1 133 129 99 0 103 196 1 6 0 0 43 0 180 0 60 37 0 79 162 88 17 178 1 159 175 185 22 176 149 100 0 131 60 91 109 0 0 7 167 189 13 162 0 138 70 103 65 187 49 0 56 49 101 54 14 71 64 169 135 1 104 28 174 84 0 59 39 197 34 0 17 
191 3 194 189 59 68 169 137 55 160 95 0 0 10 1 161 183 23 185 44 98 0 160 104 171 95 33 60 197 154 132 1 198 165 188 188 143 1 22 0 28 147 148 190 182 0 1 142 161 59 1 172 66 0 92 60 0 0 195 57 125 172 0 125 78 1 0 196 163 34 80 30 29 103 37 110 194 0 74 1 93 0 1 171 0 1 0 144 132 149 178 198 76 1 72 83 195 149 104 86 
37 108 0 81 178 173 163 0 52 1 1 172 192 0 2 1 2 0 66 3 59 57 145 179 18 170 1 36 76 105 123 88 179 8 1 0 1 126 189 159 0 70 86 47 53 1 182 178 77 0 0 0 1 180 0 0 197 7 65 1 149 15 145 148 160 37 25 71 102 189 163 80 177 0 13 1 154 198 146 30 169 0 0 143 146 151 22 95 1 128 1 102 29 0 77 27 46 117 167 0 
1 96 93 125 12 31 0 169 75 21 45 0 84 164 163 125 132 120 0 97 184 106 133 62 174 186 28 1 124 8 29 64 55 151 1 55 188 95 195 121 125 0 120 57 1 0 0 19 8 191 125 154 112 1 138 0 87 1 129 164 17 136 62 34 139 119 0 1 9 153 149 76 51 0 157 14 78 94 9 19 1 48 1 13 1 83 98 60 1 164 61 91 1 1 85 153 53 124 111 172 
138 0 120 0 0 0 1 1 116 0 0 7 198 8 130 84 58 72 16 176 1 0 1 118 132 196 171 61 0 141 0 31 70 152 1 134 174 1 66 169 193 27 0 0 94 0 189 43 2 53 1 1 127 1 169 0 29 1 70 64 144 65 103 174 72 152 84 130 0 87 0 139 170 192 46 61 69 42 80 167 136 137 0 79 119 77 32 181 84 29 79 59 5 177 1 65 67 54 1 171 
168 179 1 192 189 1 1 0 123 77 172 98 0 161 152 44 177 83 6 33 0 47 186 186 1 0 9 191 61 199 196 1 128 0 124 13 182 198 157 1 162 129 133 0 61 166 0 157 173 0 101 180 30 43 72 140 184 121 175 1 0 37 1 173 1 180 14 6 1 0 108 172 0 5 173 85 107 60 122 1 107 51 1 9 12 62 23 0 75 154 131 16 18 197 31 56 0 1 1 1 
0 26 1 133 0 182 132 116 196 129 120 0 135 21 47 120 1 36 6 1 95 149 67 12 151 109 16 158 6 188 1 55 198 49 1 5 122 30 31 191 35 186 132 132 0 7 78 1 0 189 43 23 185 100 0 121 0 0 188 1 69 140 0 137 14 12 195 1 114 26 100 81 81 110 0 79 42 8 175 10 1 175 108 155 14 178 178 0 0 122 58 28 0 13 111 125 146 162 0 128 
0 121 131 62 6 63 11 78 8 22 21 71 1 7 155 147 101 0 0 112 66 101 172 0 139 42 97 0 0 177 0 83 46 93 33 23 167 21 87 0 2 99 67 175 117 0 0 176 81 133 109 117 1 99 110 112 0 70 125 12 0 142 113 62 197 13 0 139 22 177 87 0 1 43 16 0 99 145 1 0 79 95 81 0 183 54 41 28 0 24 1 136 166 27 13 1 1 161 102 54 
130 16 1 92 1 0 84 12 58 124 1 64 194 43 0 144 122 144 35 95 110 192 31 64 161 113 1 70 177 196 20 0 88 158 149 39 0 97 47 46 174 58 0 80 1 0 0 0 18 157 171 23 12 73 43 1 1 50 0 109 41 83 143 1 107 1 19 94 144 50 96 100 1 1 0 158 55 118 160 27 109 137 88 83 157 0 164 52 188 155 99 93 117 52 1 197 0 1 35 172 
1 132 112 1 1 82 0 61 62 38 0 3 59 14 111 22 188 191 0 55 137 153 160 42 4 0 94 85 1 32 96 65 0 155 1 161 1 0 0 2 7 4 37 63 36 190 56 0 64 94 72 147 125 0 23 31 183 84 158 4 127 53 161 1 0 0 176 57 1 102 157 0 176 1 88 169 60 181 124 141 109 189 179 171 140 120 36 0 1 103 0 117 100 100 30 128 26 129 176 176 
0 150 197 160 1 115 50 153 1 44 38 38 171 0 112 114 0 143 84 1 176 182 181 25 0 30 1 3 162 1 147 0 0 26 168 73 53 181 53 27 25 155 130 0 0 107 162 83 0 76 183 96 14 86 80 0 158 127 187 114 144 89 147 193 38 61 72 57 5 1 63 148 75 61 77 8 157 1 93 162 120 130 173 142 1 56 122 189 76 190 1 196 184 155 1 157 18 45 1 116 
0 152 0 6 121 1 1 27 0 168 87 178 168 121 150 111 34 1 63 0 1 169 123 25 0 1 26 193 27 184 69 139 29 177 185 14 92 182 1 170 96 170 75 98 25 77 40 45 71 0 168 0 44 0 1 4 145 113 74 0 121 122 58 128 34 1 174 1 75 0 103 67 55 189 120 119 53 8 138 148 1 58 1 148 40 184 16 158 1 156 192 1 149 36 93 0 139 66 60 0 
55 122 115 80 71 0 173 87 108 48 33 129 149 60 84 1 7 94 155 20 19 57 1 177 0 1 197 1 83 6 96 134 0 191 87 1 137 51 16 179 58 141 139 84 138 85 1 64 125 8 0 97 113 195 86 1 158 148 24 182 81 0 78 180 135 156 64 85 116 1 196 111 1 128 0 1 159 40 49 108 184 104 161 126 179 70 1 1 45 1 139 0 195 198 66 148 106 26 10 11 
104 1 168 18 0 40 107 49 113 192 49 53 1 1 103 47 145 39 37 0 114 176 0 39 67 0 0 66 60 164 0 39 18 1 4 172 172 94 140 53 167 58 1 38 91 135 46 44 34 115 113 0 0 57 36 170 38 133 54 103 119 23 181 149 122 0 114 179 12 185 48 1 1 68 115 30 145 69 121 1 0 141 40 0 176 103 0 13 112 0 17 130 120 174 49 83 199 111 28 111 
152 63 142 9 26 23 28 127 1 1 1 1 1 169 185 92 164 1 1 17 106 52 1 96 155 198 129 32 0 92 133 105 122 41 73 1 81 1 102 155 133 1 189 74 41 0 151 1 20 97 120 195 0 0 197 50 117 92 140 70 74 196 71 1 67 83 9 76 146 0 186 68 34 175 18 72 191 1 195 112 50 120 0 17 180 69 1 158 1 195 1 36 32 0 86 75 0 113 18 151 
145 127 1 35 100 75 0 1 91 164 131 0 0 48 77 118 137 55 95 155 5 48 1 29 113 1 0 97 175 22 126 195 13 27 176 0 0 1 1 1 91 44 113 56 40 13 90 18 48 112 94 1 105 0 127 159 186 126 0 199 157 110 95 77 90 81 1 161 74 1 87 66 24 93 170 149 52 185 67 85 36 129 93 37 0 43 27 50 4 0 183 105 56 192 66 113 55 6 31 46 
46 70 1 1 118 148 10 153 147 198 117 10 192 73 116 1 54 178 158 99 145 160 127 105 64 133 0 191 1 19 184 1 0 150 168 83 50 0 1 173 194 174 0 2 1 196 88 107 19 53 0 118 18 0 0 25 186 1 131 85 1 190 14 57 192 190 160 50 0 169 157 0 149 1 113 90 153 24 1 74 139 41 175 7 0 152 162 27 110 37 58 64 29 36 60 121 186 68 55 0 
165 127 94 40 157 175 146 194 0 146 1 1 178 68 191 117 145 3 22 110 96 57 0 171 0 0 62 48 31 1 93 1 110 56 171 194 176 153 41 179 68 1 0 161 122 1 168 111 146 82 131 107 39 151 85 0 24 133 160 26 0 109 45 106 103 39 47 75 96 0 158 60 48 191 137 192 34 137 0 6 187 1 1 130 163 105 1 112 0 92 194 20 13 94 115 0 178 163 103 55 
152 0 0 150 1 172 146 1 14 139 106 134 56 146 0 181 1 0 173 149 36 37 175 50 28 123 40 170 176 21 67 55 18 155 173 27 108 1 130 158 0 120 173 100 109 88 49 134 1 0 177 172 58 98 117 1 0 93 1 191 33 104 10 0 90 33 1 1 1 114 1 31 83 61 8 71 68 41 55 27 64 118 0 0 0 166 107 185 94 129 112 165 74 119 190 195 152 0 1 70 
0 89 158 75 129 141 1 16 135 1 16 52 45 1 123 38 188 1 172 93 187 111 1 54 0 68 0 139 56 180 106 0 39 135 51 138 86 27 57 106 1 54 17 112 187 96 0 138 0 0 71 42 35 163 0 42 133 0 64 1 0 186 101 0 197 0 156 1 30 29 86 0 199 196 166 132 50 59 109 192 177 42 120 1 105 32 93 16 10 0 1 7 70 44 29 151 11 149 101 191 
1 132 1 116 158 118 151 112 46 12 154 1 93 14 0 9 81 28 79 1 28 106 187 6 34 31 101 148 0 0 1 1 188 1 103 166 130 147 0 131 45 134 1 104 190 0 68 64 131 0 48 81 184 0 15 62 0 111 0 119 149 50 33 114 162 1 80 149 104 130 70 182 9 0 42 196 1 89 143 77 11 167 1 33 4 63 0 1 22 1 174 63 41 173 18 101 163 12 153 10 
143 116 36 117 84 1 155 178 120 156 82 63 20 112 159 97 18 199 0 52 3 65 1 3 0 82 1 184 36 15 83 1 74 0 116 94 94 0 136 161 1 179 128 78 100 116 64 45 183 160 135 19 138 181 194 142 162 111 109 0 3 18 104 1 0 198 94 24 77 118 24 0 124 1 186 55 193 1 193 52 89 123 1 74 0 1 0 1 61 187 153 191 162 67 130 193 190 94 149 107 
157 190 0 148 166 8 0 1 25 1 0 47 163 92 122 31 40 185 121 146 57 96 76 78 8 118 0 0 11 30 1 1 57 20 186 59 49 33 89 85 31 0 1 1 1 102 1 50 23 156 191 0 0 86 1 158 0 155 0 119 0 1 0 181 16 12 117 140 47 0 157 191 1 58 156 150 16 100 165 47 0 181 183 149 0 163 34 110 45 1 167 79 35 0 71 29 1 1 172 1 
0 113 71 119 157 71 1 136 60 179 1 122 72 114 125 0 71 59 159 0 130 23 139 31 1 43 198 36 5 129 1 57 1 0 134 73 196 1 11 76 62 1 156 170 1 155 22 94 92 115 0 0 152 15 141 152 1 0 53 153 0 0 12 142 0 155 0 173 68 0 191 1 1 0 192 64 166 66 84 13 0 184 41 127 184 121 1 122 89 149 182 150 94 155 8 30 0 0 0 146 
166 0 1 1 132 1 11 113 94 0 135 78 75 0 82 148 117 197 160 54 108 79 50 155 48 194 91 1 2 9 39 1 0 128 0 110 109 19 25 0 145 141 10 171 26 171 0 17 0 111 163 83 174 1 130 3 55 0 0 55 99 117 0 1 111 150 1 11 152 105 35 72 104 1 178 116 48 0 107 95 150 46 5 82 81 86 94 147 67 1 29 0 77 74 126 129 166 1 97 167 
49 63 1 141 187 54 14 161 1 0 0 110 120 1 31 1 21 0 117 27 1 18 148 1 103 150 1 0 134 77 77 21 54 129 44 1 194 168 154 107 131 0 3 149 4 136 46 1 122 156 5 183 145 19 168 133 1 0 167 181 0 196 9 0 177 0 144 1 181 0 0 167 0 151 147 1 132 34 109 61 58 182 131 1 41 119 117 1 0 89 110 15 0 109 85 1 14 193 39 0 
28 135 48 120 54 25 71 182 24 142 192 16 80 100 170 39 2 131 30 24 111 8 80 196 27 83 50 98 13 102 94 117 111 139 143 151 109 1 135 118 50 1 161 158 4 185 17 1 168 15 0 80 1 53 39 36 81 138 109 193 105 14 14 95 0 0 112 181 1 0 145 118 85 1 100 3 33 2 126 74 129 92 0 84 26 21 22 70 37 165 1 1 65 88 0 33 0 1 1 34 
12 141 29 0 23 1 170 147 111 1 1 0 79 94 0 0 169 104 74 175 165 89 51 55 181 160 100 147 109 166 22 1 19 160 85 0 46 103 1 48 0 0 68 96 74 173 1 120 174 7 0 107 107 1 16 0 120 102 101 1 22 0 184 101 1 0 1 16 20 180 0 166 125 156 11 6 60 96 188 70 170 121 4 191 151 1 49 96 31 125 1 90 60 185 1 0 1 194 54 115 
1 142 181 84 44 110 19 124 1 180 65 163 136 30 117 198 176 166 0 195 172 0 122 19 14 197 0 181 188 20 22 0 182 132 108 172 196 3 21 136 1 38 177 116 14 132 0 184 97 174 45 171 1 7 198 50 1 57 121 0 93 40 35 1 182 54 0 118 1 73 0 192 184 1 164 0 53 105 0 76 23 29 1 190 110 69 187 137 104 79 124 179 22 97 170 121 159 74 84 18 
8 0 85 159 187 1 0 197 53 0 128 1 0 186 133 14 41 131 143 30 147 1 1 148 1 16 1 168 1 110 1 36 156 0 118 89 103 1 175 178 6 178 19 57 121 93 1 65 102 0 1 0 0 116 10 157 137 0 7 119 64 101 0 0 47 54 8 0 0 96 2 1 107 83 174 32 19 178 122 198 72 126 162 57 105 102 161 100 150 178 145 94 118 89 61 24 125 172 45 0 
85 171 0 185 104 0 39 157 1 0 35 146 33 129 89 40 61 172 166 55 53 43 0 198 3 11 157 1 0 103 186 38 20 143 1 140 87 32 100 30 66 134 0 1 160 155 1 0 81 112 0 0 178 1 166 115 1 2 99 199 119 194 123 57 142 70 0 163 0 146 104 91 5 1 28 1 188 0 161 166 0 1 93 1 140 4 22 199 157 116 180 1 95 89 142 1 31 183 63 195 
74 0 91 71 57 61 156 168 190 1 0 114 1 150 0 88 0 1 0 106 77 6 17 192 4 191 1 105 22 127 0 72 139 141 125 127 109 103 94 96 1 36 97 48 1 23 1 42 114 54 159 39 111 102 24 147 1 32 194 81 10 0 15 72 0 42 121 84 189 0 62 50 166 194 168 58 81 123 183 0 0 30 162 26 0 32 0 183 136 185 195 195 113 16 46 43 52 53 147 80 
1 72 1 54 115 66 178 10 1 18 0 131 0 180 144 48 1 185 0 113 89 153 188 0 103 160 195 103 140 32 0 30 1 148 199 125 187 130 44 72 39 162 19 197 106 0 176 59 89 89 156 1 1 63 163 0 70 1 187 8 79 0 158 10 177 81 11 133 33 60 0 60 35 172 8 0 95 172 60 50 0 0 37 0 17 5 1 100 0 140 98 188 1 175 1 148 172 1 0 147 
1 107 0 0 88 1 67 140 90 128 142 9 143 115 153 175 177 0 1 0 1 105 144 20 180 121 153 65 1 115 1 57 91 33 39 1 121 181 60 117 57 38 136 11 119 1 87 100 42 1 31 189 1 0 83 113 65 31 154 108 1 192 0 0 193 90 36 166 1 1 0 0 199 156 77 39 127 146 0 122 71 60 21 26 27 80 170 185 171 31 194 62 130 140 132 1 85 100 184 30 
0 163 17 172 161 132 0 68 1 78 109 27 0 52 121 118 97 0 175 1 75 85 151 36 175 186 193 198 105 44 102 164 37 135 1 1 27 11 82 147 12 0 0 1 128 97 156 161 7 15 1 81 9 40 32 138 0 139 143 1 23 104 1 112 155 100 125 70 1 127 50 76 0 0 119 137 170 160 47 96 38 162 0 53 57 134 0 48 117 36 104 199 48 1 98 0 0 143 0 26 
104 75 0 121 1 66 109 1 74 102 13 7 68 1 0 79 82 18 81 29 101 1 54 1 31 85 23 133 33 194 63 110 156 101 38 44 114 17 0 115 112 10 130 48 107 150 179 154 10 1 5 75 111 195 164 0 86 0 32 194 1 186 0 181 0 1 129 181 0 187 165 128 154 0 1 1 76 150 1 115 172 1 147 170 5 1 46 168 82 138 20 143 103 0 83 164 5 28 53 52 
0 149 24 196 0 32 150 89 0 22 119 105 147 158 143 0 50 0 179 188 10 157 44 14 133 73 20 118 100 49 143 112 146 1 140 109 199 174 146 116 1 36 86 1 70 173 167 63 1 1 1 2 49 108 96 0 104 56 46 133 30 131 0 163 128 17 191 69 0 187 96 52 183 53 0 28 73 51 94 116 192 190 0 164 124 1 74 196 0 85 67 98 0 0 118 3 0 1 154 127 
106 177 0 141 25 190 1 1 113 158 163 86 168 179 12 0 121 192 27 0 121 24 189 0 1 194 26 47 0 48 0 148 0 0 13 106 125 16 1 162 98 80 186 26 86 155 98 47 86 142 161 197 61 74 0 0 12 0 1 171 179 0 105 136 9 30 1 69 138 158 52 158 132 38 9 0 119 117 1 150 0 83 80 149 69 178 88 0 86 62 45 87 1 74 151 28 124 38 60 33 
62 180 90 0 81 43 178 0 0 72 149 190 0 1 11 140 49 0 142 1 6 192 70 189 184 153 98 73 130 3 131 1 171 165 119 130 178 80 168 72 22 88 74 96 121 120 149 98 141 24 166 113 24 92 0 0 30 37 10 104 76 133 85 178 175 0 101 42 83 0 95 68 52 1 166 0 0 15 84 195 0 0 135 0 164 192 194 105 1 0 31 60 142 45 0 0 195 189 0 0 
0 90 0 62 0 180 0 135 52 19 27 0 64 1 149 46 6 0 74 26 24 147 101 3 164 94 0 93 191 0 127 153 136 0 104 94 178 156 175 26 0 0 167 1 130 0 0 101 116 190 142 110 0 0 178 30 193 108 40 0 17 58 37 48 179 80 0 1 1 72 20 1 1 4 172 183 1 0 117 144 60 40 83 186 0 70 0 0 193 17 134 1 127 5 156 186 120 191 95 152 
6 118 165 133 190 165 65 137 145 80 104 26 93 153 99 126 69 122 197 148 57 8 7 34 1 81 151 0 179 56 108 137 100 44 1 171 34 1 62 133 1 1 156 124 37 139 183 17 0 1 0 183 134 1 59 148 123 102 58 51 1 5 63 142 0 1 1 38 21 1 6 130 76 34 155 130 143 187 0 126 1 126 83 0 152 49 129 4 145 196 0 7 118 1 89 191 0 121 50 73 
193 1 93 9 149 0 161 67 162 131 14 32 199 84 122 0 90 0 56 77 54 103 27 69 117 195 102 55 1 1 184 37 1 198 1 0 187 143 7 78 18 62 114 47 45 106 94 76 80 165 106 151 104 0 158 167 13 167 26 59 15 5 0 112 79 0 70 99 0 35 155 134 22 1 0 67 159 90 167 0 63 74 47 84 63 81 0 0 99 0 12 53 0 103 89 24 138 1 89 167 
1 75 5 52 0 142 118 73 104 1 189 121 129 188 83 62 0 0 106 83 38 60 59 1 21 0 106 57 117 1 121 0 135 194 1 36 120 65 151 105 77 43 46 12 47 21 171 97 70 165 1 98 18 124 158 68 134 70 93 155 0 1 193 28 62 0 132 49 1 0 27 182 0 128 4 115 145 1 39 56 0 51 145 124 1 1 41 119 28 0 117 43 1 151 91 157 6 0 34 132 
2 110 51 41 53 1 195 0 43 0 141 162 50 161 1 20 186 142 55 120 0 0 193 2 1 197 1 95 163 125 87 185 1 1 0 198 91 98 30 98 75 82 0 0 20 1 9 188 103 1 14 1 138 1 195 1 198 112 160 0 66 52 71 151 147 70 78 0 127 197 78 4 21 27 48 0 174 0 105 154 178 0 84 187 7 148 140 0 118 152 43 170 1 72 0 167 17 170 95 7 
1 0 104 1 79 68 140 187 0 44 187 62 111 56 1 97 1 169 189 17 159 183 2 81 151 104 116 31 64 88 173 83 12 174 1 27 21 42 49 50 7 89 1 77 27 56 1 106 37 2 64 0 1 172 64 68 15 48 20 143 175 65 139 125 154 18 105 73 2 0 0 129 0 0 0 157 67 30 1 32 0 78 0 109 101 62 103 2 140 123 68 106 94 56 1 64 142 117 104 26 
1 100 1 0 154 194 63 146 128 1 149 98 82 0 0 39 130 24 197 84 100 128 142 68 1 90 91 70 172 55 0 0 132 1 3 104 0 26 130 198 95 168 1 145 171 1 175 1 72 121 34 48 1 4 112 0 0 115 148 198 1 129 125 34 39 0 112 74 154 108 0 0 25 0 134 177 1 10 1 0 40 73 36 0 152 86 3 13 8 60 197 82 99 0 95 178 190 1 0 32 
0 8 105 1 59 158 199 0 0 1 99 0 4 73 27 14 0 126 58 47 27 30 173 167 122 1 0 166 5 1 132 186 0 4 1 0 91 51 24 1 105 51 0 153 0 88 130 0 12 57 106 80 1 1 144 194 189 22 103 101 100 1 30 109 1 51 60 114 1 142 150 49 4 0 1 167 105 1 107 179 184 146 38 39 0 91 103 180 160 0 13 181 117 4 18 1 1 16 178 96 
60 173 31 114 79 0 0 151 151 148 64 182 173 37 190 29 105 68 91 0 79 51 52 53 119 82 85 22 0 107 86 0 136 171 89 0 198 194 0 1 1 118 172 159 147 16 67 27 90 186 0 16 128 115 97 54 83 163 59 88 122 19 78 0 84 103 75 154 0 1 106 71 142 78 1 158 75 40 18 1 84 129 137 78 0 0 32 0 90 20 0 0 180 122 87 21 1 1 173 40 
8 191 197 177 1 0 155 112 102 77 23 160 56 0 106 89 152 1 0 0 17 80 94 116 1 35 160 144 170 67 53 0 71 122 138 92 13 47 51 164 61 1 184 21 38 176 102 1 182 80 126 57 37 113 83 25 134 0 180 88 130 1 56 63 151 0 13 117 182 7 151 0 102 182 180 1 8 52 77 1 1 0 186 37 126 38 0 71 110 90 0 8 43 115 121 149 0 82 170 8 
41 168 57 92 19 80 31 64 108 165 43 1 156 38 22 41 39 98 0 0 194 152 195 18 1 1 196 3 179 81 185 0 9 1 77 80 182 0 0 64 42 117 52 126 89 68 91 3 162 177 111 1 104 116 24 0 45 1 0 0 164 83 0 23 11 74 99 1 67 52 23 134 61 111 165 63 25 48 157 81 20 176 3 195 0 163 105 0 107 70 0 111 1 1 1 28 1 184 66 37 
164 1 1 31 27 22 192 84 190 114 0 3 153 115 90 95 1 139 186 0 163 114 0 199 74 60 116 95 169 183 44 2 4 140 69 0 92 165 65 0 6 0 29 0 121 144 189 199 1 122 1 87 45 50 4 165 87 108 1 117 93 167 42 111 0 2 30 0 1 0 120 71 54 10 0 0 91 0 90 1 158 0 126 189 1 47 198 50 0 158 38 149 14 185 105 179 195 80 165 115 
0 199 31 109 180 84 136 36 159 0 191 167 17 104 30 24 96 0 113 12 0 8 187 143 185 0 170 0 46 43 104 1 169 146 59 112 0 0 99 12 57 159 190 162 157 147 0 1 12 17 87 10 185 97 188 69 24 22 124 51 155 1 164 0 33 1 175 0 56 61 81 98 186 0 1 1 51 141 102 1 0 27 85 109 1 70 197 104 0 0 42 8 1 1 198 66 11 0 18 0 
109 156 40 160 43 79 115 194 100 0 0 132 114 127 153 119 0 162 28 158 149 13 183 121 72 0 68 0 0 0 6 12 35 178 190 52 0 182 161 139 1 192 104 60 0 181 43 42 155 39 173 90 72 147 52 196 56 29 46 29 97 66 1 54 81 194 1 131 92 64 179 0 170 1 132 74 0 187 18 186 87 88 0 146 139 93 60 64 89 132 0 99 44 155 141 132 95 131 123 11 
0 17 97 196 39 0 27 0 48 71 175 85 0 16 1 158 21 120 99 1 1 0 0 92 1 160 198 17 111 32 122 115 170 191 39 1 1 0 10 172 47 26 59 0 178 120 67 43 111 51 132 92 130 1 189 128 127 198 1 52 101 109 7 52 1 80 111 139 0 74 0 130 85 1 0 112 190 0 156 34 101 22 153 57 191 0 23 101 142 34 157 0 95 1 195 0 1 52 0 55 
160 88 59 154 86 167 1 118 19 145 199 1 48 174 141 51 109 117 169 162 105 13 18 1 26 62 39 62 42 182 188 132 70 0 1 96 81 170 1 28 1 137 1 1 31 26 49 115 157 36 156 121 69 141 62 126 52 1 132 0 69 1 61 16 56 176 45 190 16 36 26 0 95 92 1 189 113 124 165 130 102 0 17 171 59 141 28 1 121 1 1 129 0 40 175 158 1 0 133 0 
153 0 69 0 9 1 42 188 130 126 1 0 196 0 68 36 30 198 52 73 140 1 1 196 105 0 73 40 120 116 164 38 123 85 49 79 13 0 185 0 142 66 117 153 72 40 0 16 0 71 93 132 129 138 73 0 121 114 38 99 4 27 146 25 197 1 189 199 124 124 0 1 1 70 8 187 83 141 6 0 148 194 23 1 71 44 0 74 184 161 93 87 84 0 56 101 56 134 0 150 
0 154 39 163 0 0 0 1 1 43 136 80 1 82 169 137 1 117 1 85 181 144 129 50 95 67 62 166 53 91 1 0 124 183 131 42 168 0 102 3 178 185 65 175 164 41 189 134 21 19 84 14 182 0 66 0 67 13 1 54 67 101 191 82 7 0 1 1 97 87 42 171 18 124 0 156 1 172 0 1 0 1 0 84 12 18 10 137 1 128 99 46 84 0 0 122 58 111 169 158 
36 21 102 1 115 1 0 135 72 32 177 128 9 4 187 72 156 1 56 0 0 175 106 3 1 1 24 117 105 0 129 0 1 18 12 104 107 93 0 142 159 73 0 190 41 158 73 151 80 37 1 0 24 61 146 189 199 30 24 188 1 1 194 0 1 132 100 2 1 0 97 81 1 180 44 148 40 30 0 1 135 176 106 27 171 1 103 52 133 0 112 79 1 0 67 0 78 107 176 0 
96 1 138 157 179 0 0 32 0 132 194 178 20 95 101 0 34 179 182 164 15 136 160 85 1 0 122 20 1 143 85 1 26 17 74 151 0 186 0 0 0 75 99 146 132 15 142 184 0 172 31 1 170 132 0 1 110 142 155 113 139 0 154 56 1 156 123 134 120 81 0 32 74 0 143 1 181 179 43 31 142 10 19 139 198 124 85 0 186 72 49 103 121 144 4 92 0 85 107 103 
156 121 0 45 28 169 183 85 147 4 143 113 112 0 44 50 1 32 126 57 1 1 136 39 164 1 66 0 184 71 1 190 0 59 47 0 1 1 88 29 85 171 116 125 0 121 1 1 119 134 0 107 178 40 0 0 174 11 98 75 0 150 1 171 162 146 107 31 39 134 0 71 34 0 1 175 1 86 117 177 7 183 117 0 175 135 196 1 6 0 146 145 73 193 170 1 51 0 62 166 
162 1 171 96 188 128 27 0 100 134 1 1 1 154 105 188 5 0 120 137 43 70 52 1 143 1 21 63 50 15 155 117 18 83 83 176 13 191 0 26 97 22 12 47 1 1 117 175 0 1 140 1 18 8 0 158 0 1 156 0 199 62 177 63 38 24 59 191 4 1 63 66 167 176 165 18 0 105 68 43 72 105 70 153 41 131 83 83 123 110 184 78 40 124 28 37 30 196 0 15 
1 7 40 1 0 20 1 24 84 194 195 30 101 74 25 86 119 137 142 40 67 112 0 80 62 1 147 32 175 198 85 1 61 149 0 1 54 175 0 141 184 172 50 79 174 0 1 133 0 196 103 190 1 81 149 47 123 1 1 42 158 1 1 162 85 0 61 25 31 0 81 57 0 1 9 59 187 166 18 57 26 96 28 71 107 169 50 1 67 1 160 0 1 0 185 183 0 132 118 0 
