1
60
0 20 22 15 75 7 48 1 0 110 106 8 65 0 78 74 0 1 101 0 1 107 90 93 4 68 87 13 0 36 67 59 85 88 81 108 47 27 73 1 104 72 69 0 75 8 0 99 0 55 25 93 5 20 113 56 93 62 104 0 
1 0 62 1 82 3 63 82 1 52 116 52 109 44 91 69 92 6 1 0 59 1 4 83 95 63 1 43 65 67 74 65 81 112 96 0 84 1 1 100 75 40 1 41 34 75 32 84 55 0 18 29 0 70 0 89 30 19 70 72 
16 116 0 99 50 0 7 73 27 109 17 72 37 89 1 8 63 36 1 98 67 72 40 1 1 49 80 118 101 51 49 117 17 33 1 1 1 54 58 115 13 0 69 114 8 0 74 91 19 28 5 84 1 59 0 59 0 0 95 39 
114 64 5 0 1 1 114 0 55 4 0 0 107 68 5 53 8 104 102 0 78 41 1 28 0 68 43 0 52 119 19 1 96 114 99 54 34 105 15 67 36 42 65 31 17 40 0 76 106 69 85 63 49 7 109 1 38 1 0 115 
72 113 0 24 0 62 38 0 0 15 0 82 35 19 75 93 1 50 1 17 30 0 106 0 0 14 1 75 100 35 21 94 119 119 0 8 92 1 0 105 56 96 109 96 91 7 1 1 84 104 61 46 44 93 48 0 38 12 1 67 
117 8 1 113 40 0 0 92 113 0 33 15 103 29 9 116 80 108 12 66 10 96 77 51 100 111 95 7 20 1 0 101 33 57 3 17 53 103 1 115 48 119 96 87 24 44 0 104 100 37 10 70 0 49 6 26 105 81 84 0 
102 55 1 80 75 0 0 1 113 27 111 42 0 1 68 1 86 0 105 102 83 21 0 1 23 12 1 98 19 27 0 78 0 7 0 45 89 31 34 1 0 79 58 16 113 0 51 1 4 115 51 1 96 0 40 35 1 51 20 1 
1 106 67 19 60 48 20 0 80 119 54 112 40 68 76 0 0 1 38 0 53 114 51 28 0 0 1 49 12 81 12 63 15 0 0 14 24 8 113 68 72 19 51 48 63 0 37 58 0 61 97 96 104 1 1 96 51 79 119 0 
1 6 17 108 86 69 76 105 0 81 0 36 32 78 1 91 0 13 73 1 0 85 0 57 34 95 96 6 83 111 34 1 118 0 0 65 32 103 17 1 96 37 102 1 0 107 112 1 55 0 69 2 75 38 46 56 94 79 1 97 
4 1 68 57 103 92 49 0 66 0 60 24 100 63 115 1 74 17 82 115 41 3 29 1 79 82 86 61 6 49 1 105 112 61 41 2 0 1 0 1 24 96 86 66 12 0 86 1 0 42 118 57 37 50 33 1 9 9 100 86 
72 0 89 0 98 89 35 83 33 0 0 0 1 48 57 107 117 0 43 44 94 0 83 0 90 79 36 1 94 1 64 67 87 88 99 72 73 41 74 79 8 26 95 1 71 37 22 15 77 1 70 1 99 89 3 15 2 103 47 0 
0 62 98 38 37 69 60 74 16 117 18 0 76 46 0 31 32 94 1 30 110 104 86 34 1 92 25 55 1 95 32 112 0 63 1 72 1 111 112 30 101 105 1 37 22 42 106 55 114 41 1 0 0 107 8 52 111 13 1 64 
1 1 114 42 31 0 52 61 27 0 53 0 0 6 55 112 1 28 61 20 36 111 76 71 39 81 0 115 101 103 34 111 81 5 75 2 1 9 52 105 80 46 114 0 22 43 39 61 1 79 0 88 28 1 8 99 77 1 92 0 
59 60 3 7 113 24 29 104 10 13 2 38 100 0 0 8 23 88 79 1 26 25 1 0 27 67 8 68 0 1 0 49 1 65 12 54 16 0 11 60 119 11 48 95 26 92 36 97 60 7 1 20 108 119 0 76 46 79 109 1 
15 107 38 63 0 86 52 0 81 39 53 70 16 38 0 84 75 32 0 21 0 25 101 86 20 82 56 1 90 104 71 1 22 82 63 40 0 76 8 98 71 0 11 23 84 20 97 1 0 116 0 113 37 102 112 18 0 72 1 21 
1 0 1 118 67 1 0 45 111 102 11 49 18 88 57 0 37 118 100 73 70 69 52 70 89 107 1 74 74 0 0 24 0 1 109 114 0 8 0 10 0 1 1 8 89 18 88 40 26 7 0 22 8 69 112 106 107 105 1 0 
14 26 60 68 1 0 0 34 40 50 0 52 108 1 85 0 0 49 0 0 21 85 1 54 117 1 39 119 44 0 10 1 1 1 62 60 73 94 22 4 37 42 0 13 81 39 108 1 19 7 0 64 14 94 97 44 14 1 9 64 
111 1 13 15 87 67 45 0 53 32 0 89 102 61 94 94 11 0 102 102 113 43 1 31 16 109 9 9 15 1 1 16 19 58 60 0 96 58 38 20 3 0 16 1 30 96 89 64 86 0 1 24 75 114 21 115 102 19 91 81 
44 10 0 12 1 47 88 116 85 1 103 106 45 0 92 4 115 10 0 102 18 28 30 47 18 1 107 41 31 101 82 12 1 56 4 22 69 84 88 42 6 88 53 40 22 87 0 1 75 48 1 105 49 68 118 45 15 1 68 37 
89 88 29 115 100 112 5 93 63 104 30 103 1 82 0 8 60 50 27 0 1 69 78 43 26 1 66 107 31 0 96 115 1 89 54 103 9 0 56 118 69 91 17 0 113 100 42 1 0 33 0 22 109 34 63 53 10 49 0 108 
0 0 81 11 82 0 1 10 104 40 103 101 1 119 0 22 0 1 1 76 0 0 32 25 62 20 37 45 1 102 0 0 7 91 86 56 93 51 85 1 74 100 37 66 46 9 36 1 34 32 44 98 0 3 12 95 25 0 117 90 
1 1 1 28 85 114 18 0 23 1 101 7 74 119 87 54 49 0 97 30 43 0 100 0 92 45 24 29 20 116 113 103 38 1 0 64 91 0 35 103 49 45 1 117 36 22 1 62 85 95 79 82 73 109 26 93 0 0 80 0 
46 68 1 64 23 43 3 1 106 18 0 20 116 0 115 1 37 69 24 12 66 112 0 30 114 113 28 34 75 27 1 0 112 76 115 1 110 78 52 56 105 1 75 118 116 0 92 27 90 1 101 104 52 31 21 1 110 110 119 26 
94 22 78 112 0 105 74 82 107 52 12 115 4 43 0 20 76 1 83 63 75 1 0 0 89 15 24 64 54 0 31 1 48 14 16 0 17 67 46 31 55 27 58 85 0 1 1 119 9 52 26 48 1 0 43 86 74 64 119 32 
1 102 117 9 53 59 81 74 0 63 0 118 32 15 24 20 114 47 1 60 37 106 36 54 0 0 71 16 29 7 11 25 60 1 13 1 0 116 15 28 84 1 0 22 1 41 81 47 0 13 25 4 68 1 105 97 18 47 114 79 
0 7 42 1 0 108 1 47 21 61 75 81 0 111 1 73 16 84 69 110 21 102 91 69 105 0 90 115 75 97 1 85 1 0 66 3 0 108 97 56 81 114 12 0 30 107 0 68 94 57 0 79 1 0 88 104 1 2 24 106 
38 7 1 97 75 69 1 82 58 0 1 31 97 0 93 85 66 5 8 24 81 1 81 117 64 99 0 0 4 1 67 117 118 50 68 87 1 69 110 1 42 114 1 1 44 113 0 58 119 27 117 1 20 1 0 98 67 26 37 0 
6 26 114 104 103 1 52 108 1 66 85 3 52 0 36 57 46 17 1 108 44 35 103 63 1 3 32 0 114 29 0 14 79 1 60 54 94 23 0 77 91 93 45 49 118 27 113 8 75 79 51 84 66 4 75 32 0 0 119 10 
42 49 56 92 23 62 63 0 69 0 20 106 9 93 21 99 104 0 1 106 64 65 45 15 0 0 56 1 0 1 0 1 0 47 57 3 0 111 25 0 0 101 0 78 7 4 82 84 1 47 33 71 118 70 22 1 0 72 0 26 
99 9 1 56 17 2 68 6 113 39 119 43 49 0 70 35 1 59 17 23 86 93 47 13 91 112 7 48 1 0 22 43 57 57 47 33 118 33 10 108 1 37 5 0 102 55 53 74 28 54 25 54 100 23 1 36 0 79 0 111 
30 57 61 1 32 104 67 0 14 39 0 2 33 30 0 50 103 1 20 1 1 51 2 92 78 87 69 60 0 88 0 64 79 64 1 52 23 1 49 70 0 9 27 98 96 38 14 1 110 70 6 27 95 43 71 71 62 94 103 107 
87 104 106 87 15 0 1 40 0 49 47 86 5 110 20 14 0 108 36 114 99 68 1 46 102 101 87 1 30 99 18 0 0 92 77 0 18 106 85 105 63 93 91 24 1 9 113 0 53 39 0 77 4 1 23 46 0 116 28 16 
0 0 85 107 104 0 1 15 104 98 20 52 27 22 11 111 106 0 1 60 39 28 12 1 100 61 78 1 56 78 1 76 0 87 80 68 0 98 36 91 42 78 14 1 2 44 69 119 41 91 0 0 0 88 99 91 45 110 56 35 
96 12 0 106 99 1 56 0 48 108 1 0 51 23 81 30 80 1 39 13 36 85 98 46 98 0 56 14 1 99 39 1 24 0 107 1 0 79 2 55 9 11 105 37 115 0 31 5 0 52 109 1 66 23 77 71 35 110 24 1 
118 73 80 22 76 64 27 82 0 9 51 2 89 18 2 86 0 27 62 1 106 73 48 87 67 2 0 1 24 0 61 16 110 0 0 71 58 46 98 74 110 0 110 71 20 1 40 0 0 1 1 71 56 24 17 8 93 1 55 31 
43 6 104 1 89 86 4 1 36 1 59 103 105 100 1 0 24 56 109 46 31 91 69 51 19 0 57 99 1 1 78 108 0 108 0 0 107 0 86 30 31 35 100 58 53 33 6 116 25 108 1 45 31 11 106 36 38 52 26 61 
100 1 23 78 23 116 105 116 0 71 0 100 72 0 5 112 56 61 18 47 37 67 0 112 23 80 1 80 40 4 53 107 17 44 0 87 0 104 1 11 114 111 0 77 61 35 77 107 1 101 47 118 61 96 1 1 51 65 43 1 
106 96 91 20 109 70 14 0 32 85 57 73 113 82 1 73 50 0 80 18 1 73 22 60 2 0 64 0 78 92 0 0 83 102 89 96 1 0 9 64 108 26 67 76 102 14 91 42 52 40 12 79 65 26 44 31 51 0 1 69 
45 61 1 94 20 1 30 87 49 0 73 48 113 5 37 21 25 5 95 18 43 1 85 62 45 97 22 38 14 1 106 54 0 9 75 1 104 33 0 0 37 38 107 104 46 65 26 1 0 104 87 0 103 98 116 0 116 62 108 1 
14 17 83 112 4 22 114 34 38 68 52 20 47 71 83 73 16 110 101 51 0 1 90 0 66 1 100 72 35 97 0 65 55 1 24 15 105 41 87 0 111 47 100 117 74 42 52 105 71 1 0 0 118 77 1 1 116 101 1 114 
33 111 111 74 0 83 40 80 45 0 41 1 7 22 35 71 33 24 105 0 1 54 56 24 48 81 23 44 109 77 104 70 1 1 5 95 63 72 9 1 0 99 13 98 112 98 0 0 105 1 85 40 17 102 102 118 30 106 16 52 
98 5 49 13 64 27 33 31 16 2 74 14 96 108 21 109 26 104 9 62 72 45 66 50 74 119 0 1 1 1 0 1 4 27 105 21 0 1 103 8 54 0 55 46 107 32 4 44 80 24 1 1 36 91 0 54 44 43 1 97 
0 107 17 18 70 1 28 0 72 30 0 3 8 90 7 0 5 1 86 18 1 5 72 59 0 38 0 1 2 73 33 1 1 114 0 10 89 0 25 106 47 115 0 70 67 96 87 33 0 0 0 45 8 1 62 55 78 24 0 0 
93 37 69 1 93 14 0 9 71 107 119 19 0 111 60 40 0 81 43 76 49 76 1 82 0 83 88 73 53 31 110 82 118 0 37 113 0 1 0 119 39 60 39 0 37 22 0 100 10 23 53 0 102 0 72 22 56 57 74 1 
27 53 89 1 40 1 66 79 48 102 8 2 70 0 0 81 10 26 0 13 19 37 89 54 65 0 34 1 69 37 81 76 39 117 0 77 28 75 1 0 11 76 91 56 0 21 75 45 0 1 109 98 21 111 0 81 14 113 93 25 
0 21 92 113 59 0 38 0 116 1 0 19 101 111 69 89 2 14 104 118 39 4 41 64 84 30 66 40 0 1 93 79 44 10 73 1 93 10 0 45 34 18 1 33 46 0 80 39 19 21 0 1 0 37 31 61 35 77 2 1 
66 1 32 72 70 1 94 11 25 16 0 17 0 32 103 18 1 77 1 22 115 73 66 68 22 0 80 1 37 0 0 71 74 19 50 91 1 53 55 18 9 65 92 43 1 0 0 18 117 21 1 0 41 1 27 112 19 1 0 51 
113 0 90 25 63 2 68 99 32 88 117 24 16 37 1 40 60 1 101 68 7 0 0 1 1 101 97 67 68 19 105 44 0 81 67 75 1 82 55 36 77 14 15 50 79 1 28 0 0 111 1 20 48 1 99 93 31 21 1 70 
75 1 0 7 89 105 1 42 0 102 1 50 1 1 38 59 0 0 21 1 111 17 12 1 60 119 104 43 60 104 57 39 1 8 51 1 0 99 1 59 117 1 37 105 55 12 0 29 0 91 21 88 6 0 112 24 0 52 109 18 
0 91 116 118 32 25 23 19 87 113 1 31 1 76 1 73 108 1 1 24 1 92 0 87 76 55 98 57 94 5 1 50 62 20 25 0 63 119 1 28 118 1 96 9 0 1 30 20 25 0 94 17 118 1 3 49 54 0 63 16 
79 1 67 93 115 72 0 52 0 68 118 3 71 79 103 5 0 33 10 0 117 71 1 7 54 82 1 0 0 60 62 24 0 36 86 91 0 34 0 29 0 0 61 106 39 36 0 0 60 85 0 62 37 33 1 1 73 113 1 44 
14 110 19 1 0 69 8 2 68 110 8 50 63 1 6 116 33 69 1 83 1 78 118 67 107 95 31 69 26 1 21 75 0 28 1 24 0 100 20 63 64 1 71 19 113 85 71 93 104 22 76 0 37 20 53 117 109 57 84 50 
0 0 44 29 0 117 1 0 26 18 106 90 76 55 1 34 105 103 73 1 50 40 0 0 0 75 22 25 1 30 56 96 61 82 17 55 0 86 62 38 0 97 0 1 58 100 56 1 56 4 81 0 0 11 0 18 45 35 59 0 
19 38 0 46 18 0 36 32 0 1 34 108 65 1 21 0 23 52 1 96 53 1 2 32 89 72 89 99 116 1 84 39 0 1 16 87 1 0 71 77 84 106 101 80 41 109 0 103 118 1 59 115 1 0 119 76 22 109 1 48 
0 73 54 46 1 54 58 1 14 59 97 0 110 0 17 73 109 73 42 68 1 11 69 59 17 24 18 115 0 1 1 63 60 20 7 8 110 32 39 119 100 97 0 113 67 25 26 108 1 38 0 54 48 69 0 116 49 48 6 29 
39 116 114 50 1 38 72 32 96 97 3 0 88 16 52 102 0 1 0 1 48 35 113 119 1 107 1 13 97 57 31 19 51 0 23 25 30 96 0 76 1 53 52 1 5 1 29 12 1 51 53 30 48 56 42 0 0 37 51 0 
79 1 93 83 3 119 0 85 101 41 66 0 69 1 100 35 112 79 94 1 61 17 0 1 78 73 58 0 38 0 21 57 13 45 62 1 14 100 0 0 69 1 14 19 86 84 109 84 17 73 14 104 22 29 5 1 0 58 44 0 
56 115 72 67 28 37 1 15 74 50 7 1 107 0 28 111 1 0 55 6 104 102 48 0 76 73 1 112 5 43 28 88 101 9 56 1 12 91 68 1 44 23 0 0 103 1 33 105 1 82 104 0 50 50 88 26 80 0 0 10 
105 47 53 25 117 72 111 72 27 25 102 106 56 94 88 1 97 81 10 64 103 109 27 1 0 58 5 119 117 12 0 1 88 96 95 52 0 70 119 95 96 59 51 34 1 108 1 36 0 82 6 50 8 110 17 87 104 96 0 116 
23 62 76 0 0 9 68 0 87 62 102 72 1 6 69 114 25 99 71 59 1 0 70 9 1 0 59 18 84 1 101 90 91 20 1 38 0 1 90 4 0 0 1 1 79 0 1 104 0 0 102 93 116 0 48 0 1 85 109 0 
