1
100
0 7 80 0 56 51 8 3 89 0 0 69 37 35 68 34 94 16 59 21 0 43 36 76 41 40 77 16 50 0 9 87 74 81 77 31 1 83 46 0 0 88 36 0 3 18 66 99 0 95 32 68 0 0 98 67 0 0 0 64 63 38 84 76 93 39 59 22 60 66 61 90 35 9 39 80 63 22 46 21 37 0 61 0 0 0 0 80 26 63 0 23 42 82 0 37 27 58 0 26
26 0 40 91 96 28 0 47 49 60 0 0 36 0 14 0 24 86 22 0 56 53 29 28 20 34 36 0 27 10 0 0 76 65 55 54 0 57 0 89 0 5 0 21 29 8 0 23 36 56 66 0 68 0 51 0 0 0 16 0 61 20 36 0 31 0 0 97 46 70 0 98 3 50 0 18 6 0 48 12 4 29 23 24 43 40 58 56 69 31 64 45 67 59 94 79 22 24 57 74
0 8 0 74 19 50 29 37 54 85 0 7 86 19 0 83 31 89 22 45 71 71 50 0 36 0 17 67 22 52 0 42 52 6 56 71 2 73 66 0 22 31 0 0 0 63 66 51 54 0 27 52 55 20 47 89 75 38 67 7 0 0 39 71 1 37 98 17 43 8 67 73 24 57 81 91 43 0 88 0 40 52 28 0 53 15 42 73 22 86 54 20 91 0 65 0 23 0 33 0
88 54 0 0 82 26 29 57 72 61 0 35 45 88 13 0 82 45 58 74 0 29 28 5 0 19 0 56 82 43 0 75 24 36 16 0 59 71 71 6 0 70 88 25 77 70 0 0 69 34 74 89 0 60 87 0 37 37 76 0 37 6 60 70 58 3 72 18 46 0 83 87 11 29 0 10 55 2 0 42 3 97 86 40 22 0 0 9 47 0 30 92 45 32 83 31 56 29 24 24
90 78 16 0 0 26 20 72 43 84 42 0 70 0 0 22 62 0 0 80 30 25 44 98 0 0 95 0 0 38 10 20 37 80 75 85 86 49 68 97 0 39 50 6 0 12 53 78 49 82 21 0 92 82 0 68 0 95 0 14 12 8 48 19 62 53 0 79 79 67 5 46 74 32 19 45 48 29 0 14 61 76 0 0 65 0 88 29 65 0 0 26 54 10 0 50 74 29 60 90
96 54 59 20 39 0 0 37 0 42 81 0 0 52 0 82 17 95 0 70 84 43 35 92 95 49 71 67 0 0 62 2 34 93 21 26 43 46 70 73 0 52 0 0 21 0 44 92 72 0 9 0 41 77 72 21 87 8 24 74 93 13 39 14 8 0 63 48 0 62 55 0 0 0 23 40 80 6 72 34 85 0 58 80 49 80 19 26 52 0 19 0 72 50 79 80 67 41 32 58
0 0 0 0 48 27 0 4 1 36 35 0 76 0 0 0 34 0 13 63 43 0 26 0 44 0 59 45 28 0 70 9 0 48 18 71 0 34 38 77 91 23 87 23 54 0 0 0 4 41 21 0 29 58 0 73 31 26 12 17 48 20 64 0 85 79 86 49 13 87 35 0 34 84 84 0 95 82 74 37 34 31 90 11 34 42 86 26 0 0 0 55 6 24 53 46 0 97 14 22
63 0 0 43 74 75 6 0 72 70 16 30 18 0 67 0 19 77 24 44 93 42 33 20 64 82 13 20 94 0 63 88 0 71 0 2 71 68 84 35 16 70 0 0 1 73 85 0 39 92 57 71 0 2 40 78 47 45 84 43 8 92 0 0 51 60 9 0 20 10 78 85 70 9 24 16 0 0 41 18 23 10 65 95 33 49 33 17 0 84 0 71 79 71 65 38 0 53 42 76
53 15 58 67 81 3 0 66 0 0 87 21 0 84 46 84 13 66 44 66 0 25 0 0 70 74 34 17 76 96 74 0 0 90 79 10 0 45 0 92 40 32 0 77 30 25 77 93 83 21 0 58 27 47 77 0 76 34 13 7 0 0 10 38 84 22 60 0 84 0 11 19 74 0 46 51 92 89 36 40 83 0 81 0 0 0 0 11 0 0 77 20 66 40 33 53 2 0 6 16
25 52 29 6 54 62 11 33 0 0 38 0 94 52 0 5 57 0 65 79 0 65 29 0 77 0 32 34 10 19 96 75 53 7 52 7 44 80 0 0 63 0 57 24 72 26 95 37 29 62 26 93 77 18 0 0 19 0 0 50 2 17 79 25 95 70 26 92 93 22 25 97 33 98 75 79 58 57 96 53 42 94 29 0 97 86 15 2 82 13 67 7 74 63 0 0 0 28 47 71
24 32 42 36 52 8 80 70 0 75 0 86 0 2 0 0 87 0 0 0 88 38 15 38 51 92 0 22 7 0 71 85 57 46 93 87 24 70 24 40 44 36 29 82 41 60 1 13 96 72 35 45 91 0 46 68 25 0 45 0 67 80 82 73 39 57 74 0 30 0 98 33 0 10 42 0 6 77 21 17 76 11 8 97 45 24 77 59 24 1 44 9 0 0 92 31 0 43 55 39
1 87 11 33 56 0 89 53 5 4 65 0 88 95 70 78 3 70 5 0 0 0 97 0 6 85 55 0 44 1 33 0 3 75 49 70 50 78 46 0 35 0 74 0 0 8 33 46 51 0 40 21 0 0 0 0 0 7 2 10 59 0 77 37 50 26 73 23 0 63 0 0 98 59 25 66 2 78 54 4 29 73 57 61 96 35 54 87 94 40 0 33 0 16 96 0 42 0 47 43
4 76 48 0 35 33 27 11 4 21 11 0 0 9 95 0 0 84 1 10 2 96 73 61 18 92 60 58 69 95 3 81 0 0 75 77 75 0 6 37 46 79 55 42 94 0 0 54 75 0 52 0 78 0 18 0 63 28 91 0 48 0 3 97 84 81 27 17 0 65 52 66 26 98 75 46 89 65 74 45 0 31 0 74 66 30 0 61 29 0 94 97 0 11 62 52 74 21 76 47
0 92 12 14 6 78 53 52 43 61 0 92 16 0 35 0 50 12 0 79 47 33 53 25 42 0 97 0 0 48 9 26 48 76 9 48 1 3 8 86 21 0 0 8 71 0 0 94 53 43 73 30 11 0 0 58 0 96 0 25 37 0 84 0 73 83 0 51 61 6 72 98 6 0 0 39 10 7 26 76 51 47 29 81 91 86 44 19 62 30 8 83 23 16 21 8 0 52 36 40
46 12 83 46 0 0 0 11 81 0 37 67 0 0 0 55 24 31 13 0 20 0 0 35 34 37 59 52 0 62 0 28 32 76 91 28 49 10 0 64 80 0 26 77 75 62 0 85 97 3 89 31 84 58 18 85 33 42 13 74 0 92 0 90 1 2 99 61 14 0 36 0 0 34 0 61 15 64 82 10 93 27 94 0 88 46 37 0 62 13 85 68 8 64 45 0 23 13 92 7
80 30 85 0 0 70 37 90 44 87 0 50 16 23 62 0 0 0 89 0 22 0 8 90 83 64 54 74 67 67 0 99 94 0 0 95 0 93 12 0 0 73 0 43 0 24 0 57 23 60 0 9 86 77 61 88 78 20 54 0 31 70 28 32 0 30 46 51 41 27 35 98 10 98 62 45 0 74 72 0 0 16 14 82 87 73 12 88 91 0 2 4 5 71 78 0 0 86 61 81
60 10 61 88 98 0 15 84 46 0 94 28 90 91 2 42 0 0 0 72 95 34 36 0 82 88 44 94 92 40 0 48 47 53 0 17 23 8 67 0 12 54 59 89 88 4 0 10 63 0 0 90 85 4 82 45 57 15 0 51 51 91 58 70 6 35 55 0 75 27 0 61 7 0 8 45 0 0 3 0 0 64 87 34 26 6 40 0 35 49 31 40 91 77 51 0 47 74 0 51
15 18 33 86 4 0 51 76 66 91 88 18 0 51 14 43 41 0 82 49 78 38 0 34 61 74 73 31 30 7 95 0 0 36 0 0 96 0 81 55 10 37 94 74 49 5 7 60 4 89 79 0 0 82 74 78 0 74 20 66 0 0 73 0 0 15 0 49 35 3 40 0 8 67 80 99 62 0 10 71 24 0 0 33 0 0 0 0 46 66 15 81 0 18 98 27 47 0 0 21
43 11 48 91 0 0 0 46 97 65 73 43 69 53 36 0 36 89 0 72 61 52 44 81 70 2 55 0 5 40 0 88 80 60 56 2 84 43 0 4 0 34 53 88 64 0 75 0 0 0 40 80 78 0 0 23 18 19 26 0 59 99 1 47 30 88 10 77 51 75 4 53 33 12 0 50 31 18 83 0 45 71 27 17 0 93 59 33 37 0 40 97 82 0 11 37 72 0 88 68
52 75 83 10 79 37 89 3 5 0 7 0 0 63 0 24 63 14 73 0 0 0 88 51 0 36 1 87 35 64 59 0 79 51 90 0 14 15 77 0 53 0 0 89 96 91 0 56 69 33 0 48 22 4 37 93 56 16 10 91 52 30 25 63 0 35 26 19 87 17 62 81 81 0 57 96 0 11 0 26 81 56 93 64 53 61 53 40 78 0 35 92 81 32 33 27 50 87 91 53
79 52 0 0 0 68 99 5 0 54 91 0 11 79 4 53 99 31 0 80 0 88 92 53 21 47 77 19 1 98 82 0 4 32 21 96 17 55 0 13 52 94 58 0 63 40 0 35 61 49 1 0 5 85 62 51 0 70 88 39 20 0 24 63 0 41 35 0 31 0 0 32 43 0 53 57 4 68 29 29 9 93 32 0 0 82 25 0 59 36 17 85 37 72 5 36 28 0 31 0
78 0 0 66 68 65 0 63 23 0 56 0 5 46 20 46 33 54 92 70 12 0 47 0 88 0 3 96 77 0 44 0 9 29 96 97 73 43 40 20 82 56 22 41 72 73 94 0 54 28 58 90 72 52 42 0 82 59 45 59 0 96 44 71 31 22 20 33 5 78 75 37 20 4 75 0 83 39 0 0 0 35 26 42 14 67 0 0 45 0 27 45 71 0 64 10 48 0 0 23
51 82 74 69 14 77 49 53 70 94 41 42 54 0 10 67 65 51 77 4 43 52 0 66 64 0 5 68 96 39 83 70 94 14 34 0 99 16 0 32 82 0 40 0 66 67 18 5 0 0 19 21 91 52 9 66 0 92 0 79 65 87 53 56 11 3 0 0 87 26 35 51 59 68 10 58 97 62 51 0 10 75 27 0 67 29 6 65 77 9 83 0 69 26 0 30 11 94 5 69
64 0 1 11 4 46 38 0 78 90 46 22 0 0 89 45 0 29 0 0 72 93 43 0 29 92 3 19 73 0 93 61 88 83 64 68 85 30 0 0 34 55 34 28 62 40 64 0 80 40 84 40 48 0 65 0 81 28 90 97 16 70 13 0 54 81 56 0 83 42 1 0 67 0 90 13 96 81 69 67 87 12 37 72 63 0 71 43 19 0 62 12 36 0 76 49 65 72 94 76
71 33 87 8 60 0 88 43 10 27 0 62 0 43 51 59 51 39 0 41 27 85 63 24 0 34 42 68 1 55 89 15 98 14 36 45 0 5 51 0 27 18 0 53 12 50 7 57 80 0 24 77 5 37 0 77 2 22 89 0 34 66 30 52 72 31 0 95 84 0 68 0 49 59 22 59 93 10 0 0 77 0 90 52 29 58 24 98 0 98 29 74 12 0 7 54 91 0 52 0
0 0 66 61 21 31 79 44 0 11 62 86 32 52 75 88 67 0 78 47 95 78 36 0 29 0 30 87 83 0 47 5 0 36 39 28 5 42 54 18 0 92 89 0 93 0 90 51 1 0 0 86 23 24 80 43 42 10 0 0 99 51 0 35 17 52 51 0 40 2 78 84 54 39 95 88 0 10 22 3 0 0 0 51 0 80 51 0 17 36 79 51 0 0 0 93 44 0 8 54
0 69 36 9 0 11 82 34 73 34 72 75 0 54 28 19 13 91 45 89 0 49 44 2 40 35 0 0 29 16 38 7 0 98 82 0 21 85 70 44 0 51 52 78 11 33 17 89 91 6 90 0 8 5 58 6 42 98 52 0 0 50 82 89 84 41 23 31 62 30 15 50 97 80 97 54 45 51 65 24 2 0 0 53 35 35 98 94 38 91 77 59 94 45 48 42 12 50 36 94
81 91 56 24 49 40 0 0 46 38 0 66 72 78 0 84 38 7 41 82 35 32 34 14 29 85 0 0 41 28 73 0 34 80 40 49 0 76 14 49 90 79 59 17 60 12 18 77 81 66 67 51 52 0 0 24 28 0 62 4 49 0 0 43 0 57 14 26 0 38 0 99 16 0 0 75 18 96 49 39 30 0 67 4 82 38 33 74 0 50 45 61 42 62 25 17 30 6 17 44
43 66 11 27 93 62 36 14 0 0 63 64 97 82 0 37 0 3 48 3 0 18 21 20 10 28 0 35 0 2 16 0 26 64 4 74 0 73 6 77 0 50 0 90 24 43 6 0 92 25 68 0 39 0 19 85 26 54 52 10 24 53 58 42 10 79 46 0 88 31 12 87 1 45 0 0 11 6 14 39 0 34 0 0 94 47 47 0 17 0 18 34 93 49 21 48 24 77 16 25
0 17 35 0 8 0 29 94 4 84 33 6 1 8 33 0 44 0 17 13 16 99 41 35 48 4 0 50 0 0 0 0 50 76 56 21 88 77 86 5 0 53 53 0 59 34 27 72 65 60 29 31 0 56 35 74 53 24 75 75 12 32 0 56 4 0 13 95 29 59 49 92 50 10 91 76 25 16 6 60 9 77 82 56 14 60 0 45 2 21 0 76 58 0 0 39 86 25 30 3
50 59 0 0 29 69 2 12 0 0 44 61 27 0 4 0 47 0 68 82 56 0 98 76 75 47 0 74 89 31 0 87 54 12 0 67 67 57 53 38 0 0 50 0 77 18 9 0 95 31 99 49 84 56 51 88 27 71 63 99 28 99 25 12 87 10 4 68 0 74 83 31 0 21 50 29 6 0 19 95 0 81 45 22 70 12 75 71 7 57 97 26 0 79 62 23 46 19 0 9
48 0 15 43 33 4 0 57 0 36 51 26 19 93 0 97 0 66 60 81 11 0 89 76 16 33 46 74 21 36 73 0 99 87 0 0 3 31 87 0 0 0 85 72 24 90 0 47 0 46 44 96 61 34 64 74 43 6 0 88 28 99 23 87 88 57 17 73 94 82 0 45 0 35 62 38 67 74 35 85 0 26 54 3 97 43 0 44 3 85 82 12 6 85 9 49 68 3 0 85
0 26 0 4 97 69 85 89 98 0 41 4 0 85 20 0 95 21 80 9 30 82 96 27 63 27 73 31 0 0 0 97 0 35 0 42 92 2 25 25 29 0 25 0 0 19 90 45 71 0 0 93 73 47 3 0 0 43 78 92 0 0 78 99 96 93 55 48 0 54 86 89 43 89 73 19 0 88 0 0 32 0 47 58 9 69 28 3 0 84 90 74 20 79 94 0 50 68 18 51
99 56 64 0 0 75 93 0 13 86 15 93 6 17 95 28 90 0 69 21 98 44 0 42 2 48 0 71 53 56 48 62 93 0 0 80 12 0 73 41 70 64 0 62 0 76 0 0 0 33 66 55 0 62 22 71 20 39 0 22 27 56 61 0 73 0 1 26 36 0 0 5 49 0 52 61 96 0 0 96 3 0 5 85 83 83 30 34 49 0 69 87 0 16 92 50 0 0 22 0
37 15 48 0 0 48 17 91 31 9 57 89 13 75 47 99 33 59 70 68 46 0 82 60 79 5 37 61 53 2 26 0 0 40 0 0 0 92 0 77 89 97 78 0 0 0 36 0 0 21 44 78 0 16 0 77 0 0 78 7 53 18 80 86 87 49 0 1 7 0 2 0 40 41 0 28 58 91 99 77 4 73 43 47 58 79 70 0 0 48 0 5 7 86 43 74 46 35 56 64
6 0 0 19 62 24 67 44 69 51 9 32 64 31 59 39 11 96 40 21 67 18 0 81 0 47 38 92 36 20 77 37 41 10 90 0 86 67 84 0 35 49 48 85 0 7 64 0 56 15 95 72 0 82 7 0 0 20 64 28 0 49 0 22 0 12 0 0 68 87 11 33 33 1 76 15 16 10 52 62 64 48 0 95 73 43 57 47 12 0 20 3 0 90 86 87 29 48 36 84
60 43 0 27 39 8 0 31 17 58 39 0 91 9 51 27 0 65 13 0 73 78 87 0 75 17 4 56 28 74 0 0 29 61 11 71 0 58 42 15 0 44 95 93 94 62 0 49 59 16 22 32 27 90 99 90 0 77 44 0 0 20 41 0 63 5 73 0 9 55 0 39 71 4 20 16 89 0 46 21 24 47 24 96 71 79 59 3 83 37 93 98 18 56 19 84 24 30 0 96
52 55 0 23 73 79 43 54 97 0 0 16 18 3 66 0 19 54 46 0 18 57 0 67 5 46 0 83 88 0 48 50 25 0 55 6 96 0 31 68 94 35 6 19 0 42 81 27 0 90 59 0 68 0 86 92 0 1 0 21 84 83 45 0 85 14 78 57 0 90 67 0 0 39 84 39 42 17 40 57 21 0 26 52 34 9 24 0 16 0 27 18 21 0 45 25 70 27 28 0
33 62 0 36 23 0 96 83 0 92 37 20 0 60 0 92 27 19 79 0 98 74 37 0 0 16 75 29 67 81 0 54 60 66 90 10 0 89 0 73 99 0 78 16 84 37 60 6 25 43 0 45 78 82 13 87 68 0 80 20 53 78 90 95 93 81 0 34 0 73 22 17 45 36 0 75 47 32 44 61 0 95 14 67 7 89 91 0 0 67 82 55 12 16 63 50 0 44 42 36
48 77 63 40 82 52 0 0 61 0 67 0 0 0 13 65 0 19 63 0 48 78 38 22 16 5 18 0 78 60 23 0 75 34 57 9 54 53 53 0 37 48 85 5 46 23 99 55 74 91 57 62 63 30 74 0 0 27 0 23 56 0 32 26 32 8 73 26 0 20 18 64 0 0 62 35 26 0 98 21 11 33 77 23 63 37 0 0 24 0 30 50 34 7 5 56 0 26 0 10
39 26 0 66 71 96 25 41 99 0 98 0 0 91 49 23 33 41 17 43 23 50 59 20 76 62 4 95 64 92 91 0 96 0 0 54 82 74 0 34 0 0 25 26 83 22 23 0 0 10 0 0 6 56 80 4 92 22 9 86 12 43 64 0 43 76 95 33 1 37 36 19 74 18 0 17 85 10 99 82 6 25 79 71 29 49 39 66 39 38 79 0 33 71 46 2 0 1 37 0
69 89 85 14 42 0 84 51 85 82 19 36 26 65 0 17 99 0 98 94 0 0 64 88 65 45 65 27 30 78 0 0 31 64 33 14 67 67 43 60 58 0 0 35 8 0 21 32 0 64 53 0 62 53 0 73 82 2 35 49 0 71 53 53 69 47 72 36 64 0 72 36 1 56 88 8 41 33 8 93 0 94 2 0 98 19 6 87 49 60 65 30 18 19 9 77 0 40 0 32
0 95 93 88 7 41 20 92 0 7 42 96 59 81 0 0 67 75 12 80 53 37 74 98 11 0 0 91 46 23 91 85 2 28 43 42 14 39 84 96 40 13 0 0 43 33 0 33 90 47 90 0 0 16 66 23 83 60 66 0 0 0 0 0 23 90 0 62 0 45 63 39 0 31 26 0 78 18 10 67 0 69 0 76 0 24 95 97 61 53 28 9 0 0 21 96 61 60 42 52
48 97 82 0 42 98 32 0 40 44 78 0 0 81 67 97 30 0 3 46 50 0 0 85 90 28 0 37 86 30 19 14 55 74 98 59 28 75 79 0 54 18 30 0 0 0 88 0 35 0 9 6 0 72 50 0 33 41 0 85 0 71 18 50 74 8 87 53 0 19 14 81 61 79 0 49 20 80 28 0 16 0 30 98 16 53 4 54 18 56 82 48 39 46 7 48 0 0 87 61
54 71 10 22 11 70 53 85 98 80 77 15 73 0 67 67 30 41 13 36 57 24 25 18 52 63 0 94 80 0 0 58 0 67 0 76 77 0 33 97 38 2 65 49 0 0 59 58 93 10 15 3 77 36 0 28 94 19 84 76 0 98 0 86 60 22 90 83 0 84 86 90 49 8 49 13 94 0 24 50 86 8 59 0 0 94 6 90 2 0 41 51 86 11 0 51 63 19 0 0
12 73 17 0 22 14 34 10 50 19 44 51 21 16 92 95 93 0 33 0 0 98 47 42 26 21 41 24 46 82 93 82 67 0 0 29 45 59 13 63 47 73 84 57 23 0 26 2 0 94 0 98 81 66 0 64 2 0 0 29 10 0 21 77 64 83 59 20 4 76 0 8 72 17 0 71 26 0 0 8 83 3 4 52 69 1 0 79 79 17 40 0 6 0 64 88 85 22 0 57
34 12 85 7 48 65 11 0 57 5 11 25 90 0 72 55 58 44 45 14 10 94 28 52 0 77 54 79 61 24 94 55 58 4 20 77 76 70 55 0 12 0 79 86 31 44 0 99 38 0 56 20 0 0 26 64 36 87 91 65 63 78 83 16 20 29 50 20 0 0 28 51 0 7 46 44 29 26 55 63 65 81 75 89 0 77 89 50 50 91 57 0 0 11 48 9 89 17 30 0
8 69 83 77 30 75 69 60 68 7 0 79 93 15 0 95 62 85 0 1 23 50 9 37 6 44 80 4 99 62 43 21 79 82 0 55 73 59 72 67 64 67 0 0 10 0 0 0 0 62 7 95 65 38 13 44 0 84 59 67 0 0 9 24 97 0 0 12 0 14 5 84 0 56 0 53 20 0 5 0 15 7 10 63 68 65 69 41 35 7 98 21 93 10 82 66 69 36 0 60
80 0 0 0 34 71 80 97 91 28 74 55 0 93 0 0 33 68 0 38 9 2 0 0 74 84 92 43 24 36 76 40 68 82 53 35 21 68 55 0 63 0 0 0 9 15 21 0 0 51 69 68 2 52 38 89 7 61 83 0 42 68 58 68 44 0 93 81 45 45 60 84 0 95 20 79 77 0 0 0 97 13 60 39 71 0 96 63 0 0 0 39 36 29 74 28 9 69 61 82
37 15 31 0 52 24 0 27 67 31 10 29 51 0 62 54 10 39 16 10 92 88 34 79 85 0 0 52 54 45 0 30 91 54 67 0 60 46 60 55 49 57 40 92 37 38 37 86 23 0 28 43 66 83 21 17 26 11 89 86 48 86 10 0 86 84 64 89 0 77 0 0 65 75 31 26 92 42 0 64 0 0 99 65 71 0 36 11 21 77 23 70 35 15 37 36 0 0 56 48
0 22 51 28 83 26 87 16 97 5 76 73 92 54 70 87 63 69 3 1 0 0 17 0 71 0 0 92 72 36 39 91 18 33 96 79 15 40 0 69 42 68 70 0 44 59 22 82 0 90 0 46 78 99 62 0 31 5 0 0 93 0 68 39 21 79 0 69 33 30 74 0 17 84 0 3 91 94 12 44 0 89 61 37 67 47 0 0 47 19 61 45 23 74 71 87 91 0 55 95
90 96 25 39 0 25 58 64 71 12 78 0 7 88 58 0 23 15 11 0 59 99 28 0 24 55 23 85 0 43 4 23 60 0 53 44 0 16 69 0 5 40 42 27 30 0 26 0 0 80 64 0 24 0 28 32 0 49 18 69 67 0 23 8 0 0 54 0 0 76 42 55 39 71 11 28 8 67 11 16 0 58 0 0 14 0 0 0 15 29 0 4 31 17 59 97 44 0 76 88
98 53 0 84 83 73 2 0 0 71 30 24 14 0 5 0 50 0 40 16 51 56 43 0 33 43 27 65 38 65 34 89 34 0 32 18 97 49 0 60 89 70 0 88 89 0 0 80 68 43 39 93 0 0 79 0 0 17 8 65 23 75 98 0 18 48 0 39 68 75 73 25 64 0 99 59 58 89 0 29 22 55 54 48 68 20 21 44 0 3 0 54 36 37 22 34 36 70 17 0
57 95 38 46 51 41 95 14 12 17 17 71 17 38 3 65 11 12 23 10 20 0 16 16 39 35 56 0 0 0 32 76 11 13 33 14 80 0 50 94 42 22 50 68 0 0 86 0 79 19 52 33 32 0 89 87 54 45 0 95 0 80 71 87 23 78 30 1 97 53 11 7 81 19 8 33 99 17 16 21 21 54 84 30 58 3 31 26 0 62 88 23 47 98 42 55 0 0 38 30
0 86 91 13 13 0 23 3 46 45 16 46 97 54 9 0 41 73 54 85 39 0 99 4 83 73 0 76 11 4 19 0 0 79 71 96 0 37 71 95 0 0 40 63 36 70 64 0 8 35 78 40 0 74 0 72 6 55 0 30 0 0 92 69 0 63 21 0 64 0 19 31 0 60 0 36 0 53 74 27 0 10 5 37 67 53 19 10 86 37 89 55 0 52 56 0 0 41 0 26
48 0 36 87 85 13 0 94 55 8 58 87 65 83 49 44 43 31 0 33 78 98 18 56 98 1 55 0 46 0 20 0 68 45 76 0 57 58 87 10 0 37 3 0 21 97 90 49 0 84 90 0 22 89 2 0 82 0 0 22 32 45 81 87 0 11 26 20 0 16 93 26 40 66 0 62 37 79 42 72 0 46 0 25 3 77 0 4 47 88 37 78 53 0 3 0 31 37 0 53
37 27 82 0 50 27 0 20 27 0 23 20 76 0 0 49 35 0 95 0 71 6 41 0 67 58 92 70 91 4 50 26 65 19 0 39 84 60 92 55 37 55 35 55 95 45 52 0 11 57 24 0 59 32 96 72 0 3 6 14 46 22 0 32 61 12 91 70 77 1 44 60 51 28 80 76 73 16 92 18 57 2 5 0 50 0 0 0 31 36 0 74 12 0 84 23 48 20 0 32
60 47 77 11 0 58 82 54 6 0 49 88 31 33 68 65 39 63 83 0 12 92 71 36 69 85 28 21 20 71 0 0 57 36 0 37 84 21 31 0 0 99 97 0 42 86 61 51 85 95 42 23 27 37 25 0 0 0 64 53 0 0 51 94 64 22 98 0 14 18 24 18 16 50 20 0 0 4 59 54 0 92 41 60 22 3 48 54 0 40 35 62 17 26 38 40 70 82 19 78
0 0 85 85 0 14 6 22 51 15 0 99 14 51 43 0 22 25 0 0 0 72 10 14 60 0 75 75 88 55 10 62 5 38 2 39 27 88 65 92 84 69 36 63 0 65 5 50 90 33 52 36 2 40 0 38 95 97 0 51 0 4 15 29 80 40 24 99 42 46 52 78 55 54 38 14 76 12 78 26 97 91 42 14 24 8 7 0 6 72 61 82 3 54 36 78 13 0 92 89
96 0 0 96 15 46 91 0 17 0 94 14 93 55 8 48 19 12 6 64 36 0 19 3 26 99 7 4 79 79 14 0 68 0 0 57 18 47 3 23 11 0 8 0 0 0 0 5 18 0 37 74 48 63 91 29 8 0 55 0 40 0 86 41 25 9 0 7 75 37 36 89 42 3 64 0 3 75 96 26 0 0 34 28 55 45 89 94 26 90 97 0 72 42 0 0 75 94 53 0
42 16 39 0 76 13 81 12 59 15 68 13 54 12 8 0 0 82 0 17 3 62 43 79 0 74 1 91 40 8 98 0 95 39 0 41 36 47 2 79 0 85 58 84 99 1 53 41 0 12 8 0 0 0 67 63 16 75 35 88 0 0 30 28 65 60 39 56 44 71 89 70 52 32 71 82 8 3 99 9 18 77 53 88 28 83 0 0 29 0 0 18 0 83 21 0 90 85 85 0
96 0 48 53 60 0 43 69 61 0 95 91 89 0 31 13 13 21 51 0 55 88 54 42 8 96 52 6 98 0 16 0 56 62 38 7 32 85 0 88 38 18 0 0 28 70 65 69 0 17 42 0 0 26 6 42 3 0 57 18 60 0 10 71 13 29 55 24 45 23 72 4 9 93 38 87 13 70 0 2 0 59 18 3 0 7 94 95 99 0 15 41 0 28 13 71 34 18 23 55
14 87 86 16 95 0 61 61 82 60 4 43 0 99 0 40 79 90 9 25 47 0 38 13 73 23 39 22 76 42 49 0 63 71 77 13 58 45 13 61 75 0 83 96 18 16 0 8 54 0 6 99 24 0 78 20 0 21 53 0 73 0 0 37 52 57 65 0 15 10 74 26 57 0 58 93 72 23 94 43 68 75 0 67 57 94 34 70 71 0 48 0 99 93 43 21 82 63 23 8
79 38 81 71 48 91 14 83 0 92 90 92 69 0 69 56 47 0 45 8 48 0 0 76 64 47 0 89 18 51 9 40 47 12 0 73 0 52 0 64 39 60 93 31 82 33 38 8 38 0 10 39 35 78 53 66 75 16 77 14 20 0 83 0 52 0 32 40 47 85 99 99 78 27 74 0 91 0 50 50 0 64 18 0 17 68 97 86 31 5 35 82 41 35 40 0 81 78 69 58
41 8 15 0 3 0 66 14 30 62 62 89 75 96 0 16 38 0 12 49 20 96 57 16 81 57 14 65 7 46 88 60 81 30 66 29 69 70 9 0 52 49 46 61 96 76 0 22 0 83 33 48 92 75 26 92 53 48 24 0 76 78 89 23 0 70 19 0 0 93 51 77 0 35 30 0 0 61 79 28 44 88 39 32 89 89 33 47 32 82 95 55 43 35 53 0 67 93 27 34
75 36 0 81 23 37 63 3 89 65 18 0 0 11 55 38 61 38 83 76 45 67 0 0 0 18 83 55 44 95 34 47 0 99 38 0 50 42 69 72 6 37 45 80 27 0 74 26 80 57 91 55 0 25 16 89 18 0 29 43 60 0 20 10 58 0 5 0 24 84 33 29 45 43 31 28 13 75 29 0 80 48 50 10 59 0 54 49 84 94 8 8 0 91 30 57 51 55 61 79
40 73 73 0 50 1 90 0 96 0 15 18 0 90 75 25 87 15 70 10 0 74 27 7 38 16 90 79 81 27 81 50 0 11 3 54 0 33 0 70 91 18 0 39 52 71 99 0 2 19 0 0 6 21 58 0 57 52 26 0 22 83 0 83 0 79 0 64 64 31 23 0 10 66 0 91 0 10 75 69 0 12 0 59 85 68 71 0 32 56 9 84 58 17 94 6 24 40 10 0
19 62 65 82 87 18 68 72 41 0 65 0 79 87 29 62 49 60 2 73 89 0 2 0 3 55 88 0 69 6 28 58 62 52 0 35 0 23 8 16 38 41 0 62 42 0 12 12 76 87 0 99 22 0 64 69 0 23 96 40 0 4 4 63 18 41 70 0 57 0 0 95 65 86 34 22 38 13 18 90 29 25 4 4 0 56 0 12 0 0 76 0 38 99 68 48 14 31 0 3
3 0 78 0 50 94 21 46 84 33 90 20 0 18 0 5 46 13 74 93 74 77 86 0 74 97 0 0 0 21 0 48 74 80 92 0 34 2 67 90 98 60 89 0 0 20 0 5 16 18 10 6 8 95 26 22 18 93 19 24 39 66 53 0 0 47 14 25 0 34 73 59 52 22 91 50 49 99 40 5 36 73 92 57 99 0 0 36 86 43 24 83 0 77 11 26 65 49 97 0
75 0 97 5 19 37 98 0 48 0 11 95 43 24 0 24 0 19 0 0 80 45 17 0 0 7 84 22 58 0 0 59 88 81 57 8 0 72 0 0 79 0 0 52 80 53 62 82 0 34 89 51 0 79 18 54 70 19 66 54 49 0 27 9 94 58 57 0 0 0 56 0 92 43 13 0 89 79 64 89 0 78 0 17 42 57 74 14 17 32 25 90 0 4 45 91 0 35 63 97
42 58 0 7 4 23 1 20 27 0 68 4 60 0 0 64 55 65 21 24 16 0 21 97 14 0 12 31 12 1 4 45 47 0 31 90 34 6 46 97 36 77 83 50 17 98 20 67 7 97 66 41 0 8 19 8 95 1 16 67 19 84 0 68 96 56 0 0 33 84 0 1 23 0 0 89 0 0 0 94 30 54 19 0 52 64 20 69 24 30 97 4 55 82 59 64 10 7 96 44
0 0 91 0 53 44 42 67 9 0 14 0 45 27 13 19 0 74 83 91 15 18 10 0 10 0 0 26 0 0 35 7 97 4 12 59 0 87 68 48 0 94 53 1 0 87 34 26 64 1 60 98 28 60 99 30 55 45 0 47 0 31 0 75 21 23 16 0 29 0 99 0 0 34 0 45 4 80 9 11 87 82 28 4 48 23 67 40 8 50 0 66 42 39 71 0 45 94 0 75
52 48 36 0 85 74 46 7 8 39 25 72 45 87 0 24 51 22 15 0 44 72 61 3 91 4 9 49 86 0 42 59 34 71 46 5 0 79 38 87 0 56 77 40 54 62 11 0 5 93 62 73 0 95 18 85 33 39 56 46 52 74 67 36 36 1 0 46 33 30 88 94 0 0 62 92 0 0 89 79 7 65 88 81 22 52 86 50 45 17 24 7 1 35 0 0 76 0 95 10
24 57 68 0 0 0 82 48 0 0 36 24 13 0 7 36 30 83 0 49 17 72 62 0 41 62 82 71 9 21 22 77 23 26 86 51 2 31 56 46 0 75 16 93 66 0 35 10 65 23 56 23 43 93 4 16 93 18 57 32 0 83 44 55 0 0 24 0 36 38 52 38 0 0 79 0 7 0 96 71 16 0 87 3 16 0 93 0 76 0 96 53 21 36 9 55 50 67 56 8
19 65 40 34 66 0 23 16 61 68 71 0 0 24 24 62 45 88 68 53 35 0 76 81 96 81 81 39 0 73 49 75 65 78 65 0 0 0 12 65 65 76 6 90 61 0 98 39 18 27 0 97 44 39 65 0 0 52 77 3 19 54 8 83 18 32 0 0 99 97 78 71 28 69 0 68 15 57 19 79 0 1 5 10 16 36 8 12 89 82 77 41 60 40 0 12 0 61 56 64
65 91 96 1 1 75 0 12 96 45 83 67 59 0 1 0 0 17 91 95 76 93 72 39 32 43 31 32 50 29 41 6 0 51 43 0 0 0 0 0 85 17 0 33 99 0 45 74 0 21 54 0 9 72 69 0 17 0 0 57 73 77 97 34 60 91 28 51 0 0 53 69 66 64 86 0 62 42 63 9 16 9 0 0 96 0 3 87 0 41 24 0 12 41 87 5 84 92 76 79
55 24 52 22 81 60 96 37 33 83 57 77 63 56 0 82 18 0 85 28 86 71 90 41 90 44 14 64 32 27 0 43 52 41 0 18 5 0 96 69 75 0 22 57 2 0 13 5 44 0 84 0 30 0 32 96 48 93 68 0 61 55 31 51 0 67 0 67 69 76 92 14 46 0 0 0 0 69 74 61 0 0 71 0 36 2 78 39 66 96 62 0 73 0 45 43 0 24 72 0
0 80 0 52 8 67 59 0 51 0 92 54 75 21 0 0 0 0 0 93 68 94 0 10 74 79 31 0 45 63 63 45 63 54 30 85 53 9 0 2 17 59 0 19 80 0 0 0 29 0 28 2 32 25 66 27 86 90 30 71 42 21 39 19 72 24 35 0 0 1 65 0 4 75 72 79 3 0 0 26 57 54 0 67 36 81 89 0 0 0 0 57 43 0 0 92 92 0 0 68
55 0 98 16 68 42 0 48 0 73 7 55 25 6 92 17 17 71 95 9 83 56 0 11 9 66 36 99 43 0 0 79 10 94 21 0 2 52 69 17 87 37 0 62 0 4 25 4 0 48 0 4 18 10 39 61 3 0 0 94 62 0 53 80 49 40 77 0 59 74 3 0 26 99 33 4 15 83 0 75 0 81 8 89 89 8 74 85 67 76 30 92 0 0 22 79 0 0 54 0
99 0 26 14 72 0 40 0 30 68 68 86 14 0 50 49 29 1 29 0 18 83 3 0 0 7 48 0 25 0 27 88 8 28 89 73 19 45 64 45 0 19 88 66 50 74 17 0 76 17 92 44 84 0 25 12 67 0 20 70 92 47 96 14 45 82 65 59 0 16 90 27 38 52 41 30 20 6 0 0 18 0 47 28 91 98 0 0 13 15 0 64 65 42 52 0 0 10 74 52
92 68 84 0 51 15 19 51 0 15 54 85 0 3 93 56 85 23 46 75 0 60 69 34 55 0 35 77 14 43 0 4 62 25 96 75 0 82 73 0 0 58 0 23 55 78 0 0 63 42 73 42 25 17 53 86 70 44 15 0 8 28 22 18 26 43 0 0 94 0 93 53 3 0 54 0 75 77 90 87 0 0 22 0 19 22 23 46 89 62 38 39 15 26 3 97 99 31 34 19
51 3 49 9 0 0 6 0 68 10 57 6 0 0 6 67 0 41 32 73 89 93 24 0 0 34 97 0 17 0 53 30 0 0 0 72 70 12 46 58 90 0 93 43 82 48 69 18 69 2 0 28 92 5 70 18 68 46 56 31 79 9 46 50 0 47 46 0 13 78 16 26 94 10 96 93 19 0 44 0 13 0 58 0 77 30 50 74 76 77 9 31 16 66 58 2 83 0 40 97
82 18 79 50 22 60 70 33 98 85 25 0 19 0 92 25 0 0 87 0 0 0 93 85 0 5 89 99 0 64 30 31 11 19 65 0 76 56 36 12 0 95 29 65 44 95 16 30 85 6 80 22 18 75 63 65 58 87 24 58 45 0 0 98 44 0 16 0 7 20 0 0 40 47 3 99 0 39 30 50 0 31 0 0 10 1 73 33 0 38 64 95 84 98 60 98 54 3 0 0
81 10 93 28 40 13 57 95 99 26 0 0 27 59 9 0 0 0 49 55 1 65 0 27 17 3 0 52 0 16 60 24 32 7 76 68 0 0 37 34 8 0 32 10 71 83 33 82 43 31 1 52 69 31 91 24 0 36 7 59 82 97 47 6 75 82 63 53 71 78 64 34 0 74 91 53 0 34 85 93 96 95 71 0 26 0 42 50 99 0 61 53 80 89 68 8 69 43 0 8
22 60 90 25 31 0 18 53 4 27 45 78 18 31 5 0 53 37 22 84 86 5 66 73 0 22 31 96 30 2 0 30 76 66 19 37 0 0 0 72 8 50 6 86 22 0 0 9 50 18 23 14 27 81 60 85 53 0 0 0 47 65 73 37 88 0 15 24 36 68 0 38 70 85 79 0 19 1 0 52 5 0 72 78 0 0 13 96 47 36 49 16 91 26 75 21 40 91 0 34
0 58 0 13 28 12 9 82 18 0 95 21 26 92 65 56 81 47 18 62 84 22 58 9 64 0 46 0 34 0 0 72 39 0 78 68 11 0 65 0 83 44 44 0 97 41 0 52 0 0 30 0 36 9 69 0 73 0 61 55 25 44 0 67 73 58 34 18 40 76 48 65 44 23 58 0 0 65 88 35 81 61 17 18 34 0 0 98 0 97 19 0 48 42 23 5 0 97 0 10
75 65 1 0 98 46 72 39 49 79 99 0 0 85 0 99 46 97 63 84 0 32 31 39 97 46 15 0 44 23 73 0 32 24 14 0 75 0 23 65 76 66 59 76 76 14 25 19 92 0 73 0 0 19 65 31 71 91 59 59 0 47 39 34 0 0 70 29 73 0 67 47 36 22 85 73 51 29 67 84 69 91 0 54 34 0 0 43 48 6 72 9 39 78 79 0 79 49 27 47
84 18 0 59 72 94 92 82 50 72 60 56 0 7 0 0 18 20 77 94 11 84 0 56 74 73 24 69 7 88 85 38 41 49 12 83 50 20 0 62 12 20 5 80 0 63 0 20 82 0 0 0 9 21 0 38 0 78 0 24 28 60 8 21 43 79 42 0 0 17 38 13 20 26 16 52 64 62 68 72 78 46 40 64 71 50 96 0 0 0 48 32 19 30 16 29 57 95 94 7
14 5 7 0 0 12 0 12 1 97 55 7 0 0 0 0 53 17 35 97 0 1 0 2 84 13 53 22 98 47 58 94 28 0 9 97 0 81 0 7 0 0 84 27 2 14 25 85 2 0 56 49 0 87 25 99 24 17 19 83 1 92 0 72 0 75 21 67 64 37 91 33 14 23 37 87 19 12 0 75 80 0 40 0 1 33 58 13 0 34 83 58 87 14 61 76 0 91 0 0
45 80 82 59 0 0 0 61 90 81 41 90 51 61 47 16 99 54 77 51 52 0 18 94 58 65 72 5 61 35 76 96 49 10 86 27 86 72 37 19 84 86 3 18 10 5 49 43 68 0 14 69 0 35 0 0 0 60 12 92 82 5 60 49 56 58 92 20 76 3 10 0 40 84 86 32 96 55 75 28 10 37 0 35 73 93 48 72 37 0 15 0 67 33 96 48 73 73 66 19
30 62 77 35 13 15 80 46 0 41 32 84 90 6 78 9 64 63 10 0 39 0 41 0 57 72 0 39 0 59 64 15 7 80 61 72 51 88 56 94 42 78 30 34 0 79 73 0 0 21 78 87 82 10 0 59 30 3 26 29 96 45 6 0 93 37 98 52 0 50 0 0 23 24 0 24 42 0 59 0 73 49 16 0 16 78 0 50 30 82 0 0 36 71 87 44 22 80 76 80
37 0 27 79 45 78 71 0 64 40 78 68 89 56 0 0 42 68 66 95 65 12 77 0 83 0 5 67 21 90 24 0 6 86 21 45 13 2 53 13 11 46 0 71 74 40 0 17 11 51 34 63 97 82 13 0 0 0 7 1 80 0 95 64 31 82 68 0 92 82 79 54 32 74 35 51 0 3 6 0 0 0 57 58 92 79 72 29 35 0 0 0 80 65 0 55 5 23 0 13
2 77 64 0 60 42 76 74 28 54 82 0 80 68 9 32 0 63 54 4 51 43 25 47 1 97 98 24 27 18 6 70 0 0 35 0 0 0 0 5 16 83 31 69 97 75 8 95 25 11 0 37 0 17 0 9 0 17 66 0 0 63 41 29 8 75 26 66 5 82 73 5 83 20 80 0 6 89 43 59 25 36 0 3 35 68 0 63 38 45 17 0 0 78 62 0 89 0 34 0
0 0 13 20 20 11 90 83 70 67 0 17 47 26 30 93 21 32 25 19 0 0 26 8 61 27 14 90 33 62 53 6 75 23 23 68 11 87 44 6 31 0 7 35 41 5 83 79 81 19 53 0 44 4 54 2 52 17 99 57 19 0 0 95 21 33 12 77 51 96 79 35 79 9 98 18 45 18 8 0 54 0 79 10 42 58 29 31 57 12 1 24 99 0 2 0 40 0 32 74
26 24 22 0 25 58 97 0 92 0 68 98 79 49 0 60 22 0 0 67 0 63 1 54 84 26 5 50 0 80 0 83 82 0 37 42 64 0 33 98 87 95 0 90 68 44 90 7 93 0 95 59 0 85 91 92 49 0 0 68 0 24 33 56 72 58 99 0 42 35 0 97 87 76 52 71 77 0 11 0 0 0 5 41 57 0 91 25 34 0 61 79 34 22 0 60 2 70 29 24
53 25 19 85 12 71 72 62 0 0 63 16 35 74 0 81 44 87 26 67 0 40 0 71 90 46 38 26 91 32 50 46 67 92 35 58 0 79 74 0 68 24 0 36 56 61 59 93 17 95 0 19 0 0 0 0 10 30 0 32 72 98 35 3 78 67 62 58 80 0 75 6 0 0 31 27 30 0 0 28 3 26 28 55 41 0 91 51 99 41 58 82 5 48 40 0 5 33 0 9
0 29 76 0 82 35 0 50 88 0 9 11 64 47 40 70 11 6 71 96 0 14 88 18 64 12 7 22 7 83 31 0 32 0 10 96 0 68 37 0 32 29 69 29 16 64 78 92 41 77 19 34 24 24 0 0 0 73 25 0 0 0 0 0 0 17 60 12 39 0 13 18 40 6 0 57 88 0 68 67 87 50 0 78 55 93 19 0 78 0 0 0 32 87 18 8 0 0 49 98
0 95 80 0 19 75 0 38 0 71 7 46 24 36 47 39 66 83 32 77 45 59 11 95 38 0 0 52 57 0 7 83 93 0 1 15 87 79 93 70 6 40 80 20 24 33 36 34 0 0 2 98 0 68 28 23 38 0 42 77 47 93 48 0 0 20 0 0 98 51 46 58 35 13 43 66 78 0 39 23 0 92 52 45 61 33 32 3 73 90 72 26 25 52 34 55 46 0 71 47
97 0 31 0 46 98 76 51 98 18 72 75 77 64 15 94 9 20 0 96 59 62 21 27 63 0 0 37 77 11 0 8 87 14 35 0 11 0 88 0 71 0 82 0 12 5 55 29 0 95 19 68 69 81 79 23 48 81 0 46 0 63 25 63 0 43 42 99 45 0 71 0 74 67 0 8 0 51 24 71 0 50 45 89 2 64 0 0 0 0 82 21 69 14 8 55 59 99 0 0
14 27 72 48 0 92 4 86 37 76 41 93 34 56 70 46 79 0 82 19 92 95 39 68 45 37 74 58 60 98 45 0 0 84 60 0 73 94 37 57 18 65 5 97 0 92 41 88 60 37 35 34 29 80 52 0 51 44 82 67 24 41 19 0 91 42 75 39 38 92 91 1 38 0 3 68 71 26 95 98 87 88 36 22 0 18 34 99 64 30 84 5 55 62 73 53 69 98 0 0