1
70
0 108 105 56 1 32 1 16 52 17 3 2 135 114 0 0 0 138 33 138 0 46 124 45 111 37 120 137 82 25 31 2 2 83 32 63 12 45 0 26 69 102 123 73 116 17 67 10 25 41 38 34 88 52 1 127 116 80 0 49 0 91 26 118 68 136 1 31 83 123 
69 0 15 1 18 97 34 27 95 25 56 116 133 129 32 131 135 101 123 108 120 133 1 105 72 1 23 57 1 133 18 56 76 0 0 76 66 1 0 68 1 28 9 106 32 120 1 29 0 0 53 69 115 0 0 66 76 97 99 113 23 136 62 23 14 19 1 98 8 15 
41 67 0 1 41 7 102 107 0 30 1 60 110 100 1 0 80 79 19 79 1 51 99 1 60 0 107 12 59 1 33 1 2 1 50 1 125 137 116 1 1 0 55 27 106 43 1 0 107 44 124 93 131 131 55 126 24 59 41 0 0 100 125 33 66 12 61 1 44 11 
0 36 1 0 61 116 35 121 20 0 91 68 1 0 70 25 122 39 109 0 11 0 75 0 116 138 127 70 1 69 120 1 0 39 16 74 65 113 31 1 69 24 1 118 121 18 67 0 0 113 0 92 119 1 80 96 100 60 138 113 108 98 76 121 123 51 128 60 77 101 
95 98 69 2 0 61 1 4 1 33 110 92 69 98 81 80 2 0 14 0 104 25 59 9 121 15 1 0 1 1 86 131 130 127 0 0 94 24 0 81 77 0 37 84 76 127 0 61 0 87 119 0 1 116 41 28 1 126 36 99 51 0 17 1 1 127 69 132 1 0 
112 0 102 87 14 0 48 40 1 81 0 12 1 61 130 124 0 23 61 65 0 116 126 72 95 44 0 1 0 73 7 0 51 1 115 0 1 45 0 120 0 33 0 128 14 1 11 111 9 34 0 1 1 20 1 0 9 138 129 110 128 91 46 120 121 109 85 137 123 0 
81 66 30 110 1 110 0 1 1 67 1 87 1 95 67 1 0 62 31 75 27 47 14 55 0 45 77 103 15 102 68 43 1 42 24 64 1 78 13 65 1 71 136 66 81 1 18 19 0 0 94 128 1 29 48 40 45 105 12 31 108 1 106 27 115 21 4 0 1 6 
0 76 106 42 0 107 89 0 33 54 111 0 19 1 85 1 74 93 25 87 133 117 91 59 77 17 1 33 67 28 26 47 0 3 1 91 0 0 7 136 27 61 44 83 118 41 60 0 72 1 0 1 0 120 31 1 1 109 69 0 1 72 130 1 19 0 64 1 79 134 
84 95 20 93 33 0 78 0 0 68 54 107 106 69 1 0 0 130 2 29 1 126 26 106 71 57 132 70 0 77 103 0 52 30 0 127 139 80 124 94 36 0 0 134 123 65 47 1 12 104 119 87 104 26 1 1 67 113 1 3 117 1 0 33 124 137 0 0 61 81 
30 56 95 0 135 10 18 125 87 0 21 1 36 71 0 1 0 118 38 5 68 28 113 57 0 0 120 80 112 93 1 95 87 0 90 85 36 29 34 0 1 104 1 74 62 24 96 42 0 0 42 5 69 65 63 22 105 89 72 34 13 136 114 137 50 104 57 44 19 73 
76 1 21 40 106 91 63 1 30 0 0 3 26 1 1 1 129 87 126 133 1 41 3 0 85 130 137 131 0 1 1 31 1 94 30 74 1 4 61 1 54 1 113 28 100 75 114 64 0 65 0 133 0 135 0 1 103 73 0 0 115 69 72 72 5 35 1 105 118 138 
129 102 29 104 1 33 1 17 0 118 37 0 0 1 0 110 47 20 81 97 110 81 110 122 0 26 122 16 26 3 21 74 39 35 21 71 50 59 117 135 1 103 80 98 67 14 70 72 54 94 77 77 1 104 44 1 14 35 5 69 81 0 91 31 89 0 4 79 22 62 
77 57 127 99 127 87 11 0 118 2 131 1 0 83 1 6 97 1 66 133 125 74 94 0 21 47 20 11 53 133 1 135 59 114 102 122 102 55 1 36 58 0 0 25 18 111 19 0 0 1 60 133 0 55 75 53 13 8 49 0 114 134 1 131 22 135 58 6 0 15 
72 60 52 1 1 34 44 83 75 1 85 131 16 0 124 49 1 83 95 1 53 9 1 0 1 0 25 92 77 1 121 61 38 35 1 77 11 81 50 112 53 111 46 90 86 0 90 1 138 127 1 95 1 0 113 95 1 87 23 97 130 76 1 1 0 15 79 126 27 121 
135 1 41 63 24 95 126 31 75 1 44 0 0 86 0 114 1 0 55 48 16 1 55 19 66 100 39 0 0 52 115 12 1 111 1 111 25 52 82 63 1 26 107 24 42 103 18 72 1 137 63 96 42 70 116 132 91 130 0 29 1 126 23 11 58 39 95 53 89 24 
114 105 75 81 89 0 0 1 1 3 24 24 0 125 82 0 134 57 53 69 133 5 73 89 1 65 7 109 62 107 138 1 1 72 11 1 133 135 64 23 92 137 0 1 51 27 36 18 17 125 11 12 120 73 108 72 68 1 44 4 17 119 0 68 45 71 45 92 0 112 
93 106 36 126 24 18 97 126 123 1 136 88 66 122 131 65 0 1 51 0 51 55 79 63 5 3 1 0 1 68 19 3 106 128 67 110 13 1 98 83 37 126 19 17 33 25 1 1 53 0 134 0 1 129 10 1 106 89 15 0 0 35 0 54 66 94 22 1 100 99 
38 94 126 119 137 1 82 9 34 34 77 95 107 65 135 65 79 0 3 0 0 139 107 92 102 1 0 1 0 3 54 0 96 123 127 111 0 96 74 1 1 0 73 1 52 83 1 1 93 0 0 55 53 69 76 3 82 1 79 118 1 0 9 1 103 30 110 0 84 21 
59 39 32 25 108 78 0 105 76 5 38 1 28 1 85 73 68 132 0 0 38 52 1 99 1 86 100 97 94 20 72 1 0 1 1 61 40 53 64 0 98 44 99 0 53 17 1 62 1 99 56 38 20 139 42 73 1 1 41 69 81 111 64 43 4 37 101 76 120 0 
112 1 0 93 134 0 97 55 91 59 86 3 17 129 91 68 1 135 107 0 86 131 39 1 1 113 115 64 48 138 131 14 104 108 0 14 121 1 0 137 0 66 48 57 46 38 115 7 48 94 100 1 112 0 1 126 118 0 107 35 22 5 0 82 70 60 130 86 119 7 
81 92 110 4 1 101 76 50 82 122 49 128 0 92 26 30 1 25 0 28 0 60 108 72 15 0 49 94 77 6 0 14 25 54 15 0 5 100 104 37 113 1 1 89 101 29 94 1 5 123 5 30 110 50 63 1 58 90 1 1 11 0 57 40 25 1 38 40 0 0 
95 44 101 12 87 1 87 84 1 0 76 62 1 10 32 80 132 81 134 34 61 0 25 49 5 120 0 82 19 0 35 101 3 18 104 7 109 39 30 10 124 37 67 98 94 102 118 90 132 50 30 21 81 118 122 71 87 0 1 9 52 26 0 40 124 138 48 27 27 0 
104 136 1 40 116 0 115 40 135 57 65 8 1 134 40 138 0 94 65 1 1 1 0 52 1 34 76 123 43 80 36 22 0 24 136 5 101 1 23 42 0 38 36 64 11 88 0 117 91 112 137 41 0 11 130 0 64 28 92 104 59 133 131 48 122 68 64 0 1 122 
92 26 81 0 1 85 104 1 95 37 0 77 123 139 72 118 135 44 1 0 112 82 0 0 0 42 52 12 0 1 33 7 31 1 1 106 81 110 69 34 78 5 130 0 1 0 56 0 11 31 91 79 0 24 18 103 8 8 59 94 0 72 63 116 0 16 95 58 127 74 
77 0 1 1 64 8 100 47 118 44 101 1 106 1 0 38 52 48 34 120 1 0 2 26 0 1 12 4 0 68 17 47 5 1 73 45 104 1 53 51 106 109 1 64 56 64 8 75 116 135 52 139 90 73 92 93 83 42 74 56 67 64 1 0 120 120 86 74 0 1 
88 101 8 20 111 105 26 0 126 55 64 75 53 41 91 79 0 90 126 63 1 35 1 9 90 0 1 81 0 25 32 51 122 0 74 70 57 85 30 1 25 135 1 56 133 0 54 27 79 79 1 125 1 47 48 26 77 65 99 57 110 123 71 0 97 1 1 103 25 70 
0 5 132 51 0 1 98 30 1 71 90 56 36 0 80 57 133 112 0 0 14 0 1 0 48 114 0 1 1 0 0 1 21 131 0 0 91 0 21 110 36 43 41 77 114 98 73 95 62 1 3 106 0 125 13 91 0 109 31 58 101 0 73 7 109 68 3 74 58 99 
43 136 1 5 1 0 129 0 117 73 0 108 99 72 72 5 25 0 0 0 17 84 74 23 20 0 0 0 0 1 102 96 8 1 37 12 136 113 130 136 1 79 0 23 127 97 60 62 41 124 126 0 0 122 17 18 8 79 90 60 56 5 1 47 0 73 72 47 31 126 
5 98 20 51 118 24 0 119 47 69 85 110 137 38 1 61 15 134 40 26 134 118 0 35 58 98 55 0 0 60 54 49 56 56 109 93 111 0 30 128 116 0 136 98 1 0 60 1 26 1 86 57 99 1 48 5 72 74 133 74 25 55 103 125 23 103 14 1 95 33 
1 139 44 64 76 81 0 93 72 7 0 136 69 0 119 104 53 35 1 1 58 50 0 70 139 89 100 118 87 0 20 119 1 118 43 112 120 82 59 72 7 88 33 39 18 108 87 80 25 2 66 36 123 1 61 63 86 100 75 137 11 84 37 111 116 36 1 29 32 43 
131 127 1 36 43 82 53 17 1 124 69 51 87 54 65 53 127 99 133 105 125 1 1 19 36 1 42 0 76 131 0 131 41 96 60 27 54 99 97 20 20 21 2 67 58 81 125 0 53 82 129 67 1 20 8 0 95 138 26 12 120 62 0 138 120 1 0 0 5 38 
48 137 37 1 25 95 77 6 96 0 0 1 86 80 111 38 114 102 49 0 137 74 31 15 92 0 1 22 1 72 1 0 46 0 20 35 115 76 83 122 69 32 56 108 114 56 1 113 77 0 0 104 105 37 0 68 1 61 38 134 64 1 107 126 0 64 112 1 69 0 
122 57 75 37 0 109 71 11 0 0 48 77 7 14 54 40 21 0 1 11 7 96 93 43 136 93 137 21 101 0 24 107 0 1 100 82 106 42 28 32 1 48 125 42 19 71 54 115 138 9 1 52 44 98 24 11 80 6 76 44 96 36 52 120 2 40 5 64 0 115 
117 103 1 0 115 0 0 0 0 99 1 40 16 24 32 104 65 109 131 116 60 77 1 1 73 120 1 83 1 10 27 8 43 0 107 35 41 19 1 114 119 0 69 28 83 1 34 98 102 105 0 1 94 0 100 2 64 36 0 47 54 63 4 109 1 17 57 1 25 35 
87 59 86 84 111 11 0 38 0 113 136 0 73 76 0 0 21 27 126 60 30 99 0 18 35 30 134 124 99 0 80 83 40 1 0 129 56 0 104 58 31 63 85 138 28 100 24 0 101 14 0 0 106 45 131 69 60 8 19 0 136 71 0 84 0 88 76 57 14 108 
24 19 88 64 0 24 106 94 95 1 0 19 33 26 79 85 83 0 26 133 14 75 77 88 51 49 96 0 24 86 112 93 7 88 1 0 78 16 118 102 0 19 75 57 96 18 49 129 34 2 4 12 73 117 97 15 139 17 37 21 55 95 26 49 129 53 122 94 33 0 
0 37 68 0 17 34 105 63 135 23 135 30 0 123 11 90 9 134 122 45 74 65 0 32 132 15 72 84 69 129 25 0 60 16 132 119 0 13 82 32 25 64 0 111 47 60 1 36 1 13 14 0 124 97 9 127 85 138 97 0 7 1 40 12 103 1 32 0 77 56 
55 31 23 107 63 55 19 128 25 6 11 48 0 123 71 130 119 76 1 49 0 122 0 1 71 30 85 92 97 102 48 30 2 0 0 0 138 0 70 103 40 111 84 1 116 0 121 25 43 2 101 70 30 97 1 7 75 138 0 0 0 43 33 59 125 3 14 0 4 29 
1 0 41 85 40 1 48 41 62 86 8 115 0 123 35 87 37 70 106 0 1 80 49 0 124 129 0 1 1 0 130 15 20 123 29 0 102 120 0 20 100 1 119 89 79 80 64 7 123 130 1 93 112 94 0 0 138 0 97 38 122 17 87 25 102 137 23 0 7 32 
1 0 0 51 14 31 127 90 25 0 0 1 76 97 0 10 139 75 107 99 108 1 75 11 58 6 136 1 62 139 128 81 36 112 26 29 49 48 23 0 1 105 101 106 133 98 36 9 0 10 36 1 32 32 115 0 7 40 31 11 61 4 69 10 98 123 71 41 13 0 
1 3 132 85 1 94 34 1 134 67 131 17 1 1 1 73 1 47 0 99 1 1 26 121 0 134 18 136 86 14 1 72 41 0 95 100 126 99 131 134 0 69 79 0 0 115 59 115 103 101 0 121 65 4 0 54 78 104 0 0 1 44 56 1 26 48 84 130 0 31 
1 69 93 109 13 84 2 128 0 95 30 78 74 8 80 36 109 70 40 0 80 1 113 0 0 0 1 99 73 132 71 126 102 28 108 13 139 133 1 67 54 0 29 1 29 36 6 33 19 38 87 62 114 81 110 84 38 70 73 50 63 96 48 76 0 0 1 0 81 0 
41 44 97 109 1 56 64 127 121 42 25 1 26 85 83 119 130 54 0 56 105 24 0 0 28 121 26 36 67 6 109 40 42 50 131 34 1 71 1 29 14 67 0 26 21 0 64 82 123 3 20 6 15 0 27 15 0 5 2 64 1 0 136 136 127 126 1 2 105 134 
68 6 36 128 63 9 90 47 3 1 78 68 130 102 106 85 111 102 0 108 52 1 101 51 106 105 1 27 0 0 33 124 118 1 38 112 38 125 71 0 68 138 104 0 1 0 11 27 124 66 0 34 133 128 1 52 55 45 85 24 116 0 103 51 102 1 20 99 0 135 
0 63 38 66 15 1 0 27 97 31 2 0 130 0 14 59 1 0 134 109 95 61 3 72 29 1 0 36 53 67 1 106 36 1 58 111 16 23 100 132 79 99 80 133 0 136 118 0 1 26 13 125 16 0 105 96 82 88 84 20 134 112 16 96 0 2 60 84 99 77 
114 122 55 133 1 119 0 29 91 42 43 15 1 0 76 99 12 126 0 28 95 56 9 3 34 104 50 92 1 112 13 26 115 29 91 1 1 0 122 14 56 65 138 121 38 0 30 103 90 120 0 86 18 1 3 88 75 107 1 120 76 43 58 132 112 20 131 1 91 0 
59 1 1 1 50 59 29 38 65 27 41 62 9 0 48 1 71 9 1 18 59 110 103 54 82 14 46 117 1 132 101 56 93 117 38 111 100 48 53 1 11 64 106 115 105 62 0 9 26 1 75 138 97 6 139 1 39 40 4 111 72 0 84 0 110 95 97 11 31 65 
27 29 1 125 129 1 120 1 0 104 1 74 111 33 116 125 128 84 47 132 33 22 0 65 101 0 86 99 11 1 4 73 57 80 61 0 132 15 51 35 36 57 99 96 58 137 0 0 112 21 64 39 57 23 87 96 9 90 0 44 0 121 83 78 118 82 23 43 116 67 
52 102 29 108 1 101 122 5 48 0 0 91 97 96 64 1 44 0 138 84 87 0 127 75 109 72 136 49 1 1 0 0 0 57 56 101 77 87 84 114 55 84 104 94 125 84 40 0 0 1 1 131 81 1 1 135 54 51 1 49 46 64 129 1 113 28 23 60 0 103 
83 1 98 124 44 10 1 84 128 1 0 1 48 0 91 1 0 94 46 106 136 114 20 60 24 16 1 32 128 131 0 0 0 45 100 16 1 30 137 13 124 55 12 124 138 32 133 102 104 0 16 1 1 12 0 130 75 107 0 95 131 40 15 90 127 117 36 52 72 45 
67 55 46 78 89 20 133 78 0 69 136 109 0 47 36 72 19 0 118 3 0 0 129 67 118 0 94 0 1 134 58 89 1 1 95 7 82 0 126 9 99 87 9 137 122 134 1 79 73 23 0 30 107 134 122 1 55 1 14 1 1 94 1 1 123 5 91 1 1 57 
99 1 19 80 1 117 0 127 26 0 1 85 1 0 9 85 52 42 101 95 52 21 1 1 109 73 0 34 90 95 15 25 5 60 95 21 52 0 31 61 0 48 0 32 83 62 71 101 0 6 116 0 85 59 13 110 63 29 1 41 1 35 71 0 67 1 74 31 29 10 
1 84 92 55 92 122 86 133 45 26 138 98 0 107 119 117 0 1 103 1 27 112 58 50 56 121 90 12 23 135 59 28 16 0 112 125 116 130 1 11 1 58 1 87 48 108 125 0 0 0 1 1 0 1 123 45 5 17 91 0 45 115 0 35 54 83 29 60 0 53 
0 64 136 1 0 118 71 56 1 113 82 0 87 67 52 54 47 0 133 31 70 35 134 136 81 0 110 108 86 78 47 17 54 61 1 31 95 64 23 112 126 27 19 39 68 130 77 103 103 23 122 10 1 0 114 55 41 52 123 0 135 41 0 76 19 1 133 125 1 1 
26 1 3 87 59 4 5 105 106 55 1 27 41 0 25 44 44 0 0 0 0 34 0 47 0 96 120 16 29 67 75 40 69 0 97 117 71 109 63 30 14 117 40 78 122 49 0 74 69 60 41 126 0 5 0 0 82 34 125 120 64 0 99 128 97 0 76 65 96 24 
96 57 48 35 1 32 111 96 73 74 54 107 32 109 0 0 71 0 21 68 55 0 33 90 90 10 22 0 138 6 77 101 112 2 0 17 1 55 101 0 2 55 98 91 1 1 0 42 89 124 55 28 1 120 113 0 0 20 114 85 77 103 121 100 25 139 132 126 0 15 
0 85 1 1 117 26 111 75 2 0 51 1 21 1 1 37 0 56 111 4 0 0 77 0 96 67 1 85 0 75 23 1 67 36 80 0 0 80 121 0 0 128 51 49 13 49 1 134 27 53 0 1 0 1 32 30 0 1 66 121 109 42 0 116 4 137 135 98 35 20 
46 116 57 49 96 0 15 124 68 13 0 82 98 15 112 98 1 107 124 71 0 106 1 48 0 28 0 65 33 75 52 71 74 123 36 1 7 91 79 1 113 56 54 1 90 7 34 129 15 41 33 53 1 129 95 56 93 0 98 22 100 22 53 114 78 1 78 0 137 121 
66 0 66 70 38 1 65 120 0 1 97 54 106 21 55 33 90 28 46 12 17 1 127 135 126 127 43 50 110 108 110 62 49 95 130 121 25 16 1 39 14 29 3 1 91 40 134 0 114 14 0 29 7 12 48 127 84 99 0 127 70 66 0 101 1 127 11 128 117 30 
41 128 79 53 25 1 6 118 135 1 118 127 57 79 36 31 104 107 101 26 40 73 84 1 73 64 139 120 95 95 137 63 24 1 28 13 17 62 1 138 1 67 89 134 11 1 135 0 49 90 33 131 41 15 0 106 76 33 107 0 66 137 108 1 125 100 116 11 130 99 
0 123 111 97 122 1 0 102 46 8 1 1 11 44 67 53 137 60 41 14 54 69 0 0 27 1 1 1 38 0 73 46 133 130 1 53 90 51 0 94 70 0 1 17 119 90 131 17 15 120 32 25 43 125 1 8 77 89 9 48 0 106 85 42 1 0 0 0 47 5 
9 116 125 1 106 14 134 12 23 0 1 0 39 41 50 98 1 1 114 125 97 85 138 0 50 53 91 97 105 35 32 77 0 81 70 0 0 125 24 58 79 95 121 96 110 63 1 1 0 94 120 51 0 0 1 81 114 134 1 1 133 0 22 1 1 76 71 72 33 101 
1 113 0 0 8 1 9 69 6 64 137 89 71 30 59 116 47 1 60 131 0 0 1 66 5 91 10 18 1 56 69 0 31 138 107 52 116 103 115 103 32 1 72 36 138 22 28 0 1 117 60 1 46 5 81 0 100 79 75 77 14 30 0 20 107 138 0 20 76 7 
1 6 68 130 54 75 59 7 1 90 30 1 98 104 39 60 110 23 1 24 1 1 1 68 30 104 56 96 100 9 1 7 19 33 130 113 114 89 35 123 122 0 55 1 0 0 117 21 55 72 11 77 43 0 77 52 20 0 86 1 9 40 39 0 0 133 93 100 30 113 
40 1 36 94 110 80 33 48 17 1 0 54 57 30 0 0 89 1 69 112 93 51 39 103 1 36 0 41 102 56 32 30 90 12 1 59 96 75 82 72 4 1 1 124 131 9 102 66 86 1 88 41 62 37 134 47 33 1 0 71 17 18 6 0 0 79 0 103 83 1 
81 56 1 109 108 31 113 133 128 1 97 0 92 0 78 88 82 23 54 55 49 127 133 122 72 37 0 1 35 98 8 24 62 2 1 47 133 132 20 129 138 111 1 125 135 96 9 70 100 1 0 26 114 0 48 114 49 72 1 132 135 6 1 87 55 0 68 2 128 1 
70 81 72 72 0 13 119 34 131 131 1 0 138 132 7 1 7 121 113 49 109 115 64 0 83 112 73 88 38 64 132 15 0 0 64 31 9 40 115 123 66 128 19 1 126 0 0 1 3 78 54 23 41 51 117 113 61 5 63 59 1 22 91 1 99 93 0 46 72 122 
2 10 38 76 92 82 98 60 43 90 62 71 11 106 28 90 15 80 129 1 1 1 1 48 69 0 124 131 103 1 11 139 107 26 1 105 39 139 124 70 0 46 34 79 76 0 25 59 14 56 24 69 114 1 70 138 90 41 18 1 0 68 1 47 90 26 58 0 50 46 
37 7 6 25 36 1 1 85 84 0 7 48 5 101 34 37 59 87 63 139 43 0 1 44 40 0 29 0 126 1 1 0 132 40 87 114 39 119 106 20 30 77 30 51 50 56 1 69 0 105 115 0 118 132 1 121 23 7 126 126 96 58 26 113 1 38 66 68 0 44 
138 16 1 33 125 27 68 1 119 45 1 0 74 1 0 101 13 1 1 127 19 0 1 113 47 0 1 79 25 95 56 73 84 109 129 134 60 20 0 83 53 117 24 15 30 1 56 56 135 75 0 130 1 130 132 80 51 0 1 48 115 75 120 122 17 104 117 130 77 0 
