1
60
0 0 41 0 1 94 101 88 27 119 76 77 1 80 8 95 97 47 9 94 16 1 92 1 99 22 45 1 106 1 83 118 0 1 116 104 90 19 18 1 48 0 22 17 89 0 24 98 106 112 0 52 17 88 50 95 34 0 40 56 
97 0 0 1 73 102 38 1 61 42 95 1 74 23 44 1 68 0 102 16 61 0 0 55 1 1 103 67 116 0 36 107 1 1 48 87 18 92 62 10 9 102 51 96 0 29 75 52 95 104 41 0 0 37 80 16 22 63 77 98 
71 10 0 103 77 38 68 77 23 105 109 59 99 1 4 102 44 47 54 0 1 29 29 119 16 110 0 14 27 47 100 72 1 1 109 17 103 1 117 36 77 1 78 79 67 71 88 113 116 94 76 20 98 1 108 1 117 45 118 1 
20 99 1 0 0 28 61 33 0 98 0 1 87 10 119 97 64 56 0 102 40 59 12 1 30 111 99 67 116 1 0 0 82 22 44 16 117 1 39 16 88 0 72 40 1 22 47 36 26 24 2 81 33 32 67 95 68 59 30 65 
10 1 32 25 0 13 88 63 61 1 80 106 0 1 49 84 1 24 110 32 2 16 0 24 78 103 1 8 0 6 109 117 88 0 66 1 0 87 0 11 80 0 1 14 10 84 0 78 60 90 41 1 0 31 108 19 10 0 0 28 
98 1 102 97 1 0 26 114 1 69 64 44 79 0 103 105 1 105 30 54 117 4 45 33 118 91 90 116 15 1 56 32 0 1 65 1 1 20 98 59 0 35 0 118 86 0 35 56 112 84 56 97 20 95 32 34 44 63 0 107 
0 52 19 10 0 11 0 20 70 102 1 85 13 71 0 92 25 97 1 30 112 53 0 0 38 0 0 21 31 2 39 0 38 114 57 117 0 0 0 1 58 1 1 0 90 21 83 32 116 39 75 85 78 65 0 0 96 1 103 23 
84 11 71 1 70 1 7 0 1 90 73 35 36 12 118 1 0 6 11 16 33 78 17 19 1 18 118 26 0 69 1 0 33 77 109 30 112 84 116 37 57 119 77 47 59 6 45 0 18 0 116 1 6 37 100 80 14 10 45 15 
83 106 113 114 0 84 73 38 0 1 1 0 87 26 42 1 13 103 41 44 0 64 0 49 20 25 87 116 1 83 0 84 1 65 106 97 74 101 85 27 0 9 40 33 51 7 21 1 67 55 90 117 76 81 41 78 0 61 1 19 
96 90 95 0 49 1 0 1 81 0 41 107 1 1 75 0 108 24 30 103 14 1 99 87 117 0 42 40 81 102 14 50 57 109 1 0 1 42 82 0 54 79 0 0 0 67 12 117 119 1 1 58 6 2 0 29 75 59 63 84 
1 105 1 1 12 103 11 0 63 58 0 60 64 76 94 0 0 110 0 103 116 110 43 43 109 94 1 0 43 113 0 93 97 0 98 75 54 1 92 101 1 61 0 0 3 9 7 8 8 82 57 1 31 5 29 72 14 114 85 0 
64 0 96 53 61 28 49 26 1 51 109 0 31 0 34 103 0 89 1 114 6 96 15 1 64 114 50 77 1 21 53 0 12 104 53 25 0 65 117 63 43 18 64 52 79 0 62 114 98 37 62 0 106 0 60 0 15 1 68 93 
71 37 67 52 0 25 79 22 97 70 94 34 0 1 112 19 118 51 8 1 115 50 17 78 36 1 5 79 107 58 52 32 0 4 33 3 1 85 2 25 0 97 105 1 51 117 44 103 19 89 39 32 1 72 42 89 77 31 117 97 
1 66 104 17 12 13 118 57 99 104 51 15 0 0 39 58 53 26 64 117 19 98 0 0 62 10 62 115 10 81 46 20 14 18 59 0 84 60 0 23 110 52 1 0 26 38 28 37 43 105 22 85 0 68 107 1 52 85 82 32 
94 39 54 59 106 43 21 37 118 31 1 79 51 117 0 22 0 0 27 109 49 78 75 60 0 39 17 1 15 84 71 37 39 87 108 36 78 1 36 115 115 92 88 30 101 75 70 111 1 118 82 23 94 0 47 16 0 54 40 67 
0 1 85 69 112 33 1 99 45 87 0 2 116 10 1 0 32 102 111 1 1 1 105 53 33 117 59 63 0 1 100 22 100 56 0 95 28 89 2 47 34 55 107 5 0 16 20 90 48 114 33 2 0 1 0 114 113 75 54 0 
0 119 54 110 1 48 48 70 0 1 87 15 0 55 74 47 0 76 0 25 1 0 0 48 59 112 62 71 94 1 46 1 77 3 48 36 100 1 93 95 1 67 0 1 18 73 2 119 114 1 79 0 40 92 1 22 48 101 96 60 
1 14 0 65 49 1 1 1 0 1 81 44 80 50 39 50 1 0 105 8 55 1 17 78 43 53 0 1 57 1 61 111 30 5 1 0 34 1 1 105 1 1 2 0 55 99 16 43 1 1 0 26 103 26 104 77 17 23 1 103 
96 6 77 67 0 22 1 1 8 1 31 36 85 14 1 74 11 0 0 119 8 1 58 9 0 48 42 0 1 116 14 102 1 0 68 69 73 0 107 0 92 112 30 27 46 1 3 31 55 38 106 47 113 4 82 0 51 3 39 20 
80 68 0 33 112 1 35 2 1 113 1 87 107 43 0 106 80 96 73 0 73 0 36 0 0 1 23 0 65 38 85 29 37 84 1 38 33 51 29 100 72 26 76 45 116 84 2 0 0 112 0 42 82 9 1 115 45 0 119 49 
88 80 74 73 0 11 0 67 82 0 84 1 112 95 99 6 119 89 3 0 0 65 46 108 44 22 111 81 32 96 29 37 43 105 0 93 33 2 22 71 27 60 118 17 104 119 40 63 37 104 10 0 33 45 39 82 111 86 1 0 
71 86 65 27 14 89 92 53 79 94 113 19 15 0 57 79 60 0 41 81 117 0 45 0 0 117 0 40 98 80 48 41 0 0 1 42 81 96 1 0 99 1 1 41 18 95 99 111 33 0 98 115 0 29 97 89 49 76 117 30 
1 29 66 0 0 100 57 56 48 89 10 34 79 112 97 1 0 61 20 1 67 30 0 87 14 1 77 1 119 47 0 69 88 46 87 114 114 112 31 45 0 62 63 46 0 51 1 17 69 43 0 107 1 0 76 110 109 71 75 96 
90 1 86 30 1 82 62 51 1 103 0 1 17 23 1 1 1 1 100 49 61 38 100 0 11 91 0 97 0 38 68 58 36 21 53 1 0 36 13 0 1 68 12 88 111 24 0 5 91 52 78 83 37 0 77 52 111 22 59 57 
7 92 51 1 58 0 101 35 105 13 23 25 0 4 90 51 1 64 88 24 65 30 47 0 0 3 66 73 22 50 67 1 1 96 4 85 0 86 10 16 91 9 15 81 116 109 13 10 32 6 59 9 37 84 1 0 108 92 49 118 
10 30 1 110 91 0 51 90 27 26 11 91 60 0 1 1 22 15 16 102 49 13 101 64 110 0 109 104 44 71 118 0 10 85 88 1 74 11 0 77 44 114 0 48 75 48 2 14 1 48 58 55 113 84 10 38 111 1 97 108 
1 72 0 36 0 74 0 66 98 1 28 106 117 3 110 39 66 49 18 99 0 30 50 107 86 105 0 17 96 35 41 112 98 1 84 1 15 1 118 4 1 0 7 119 21 3 1 20 87 1 101 25 18 113 83 1 31 10 0 36 
32 83 2 0 47 34 0 98 10 118 50 0 116 75 1 76 118 30 1 103 114 109 66 119 0 1 1 0 61 1 0 87 78 32 8 80 13 90 69 1 1 99 111 0 40 1 102 115 60 79 0 29 52 91 55 34 31 71 1 89 
0 115 25 0 83 97 53 74 64 24 70 32 67 112 27 41 26 85 1 1 92 88 19 1 105 60 94 47 0 1 41 1 3 0 77 2 117 11 55 39 25 0 25 38 106 0 57 117 30 104 68 1 34 56 0 47 0 0 39 7 
72 57 100 1 1 10 7 68 119 2 0 2 46 52 102 97 0 7 119 47 3 16 13 107 52 47 87 1 41 0 0 14 9 84 44 1 97 0 75 41 1 59 26 109 76 6 34 10 12 11 35 74 0 30 18 1 48 12 78 1 
30 39 65 74 36 52 90 68 1 51 1 27 70 11 79 0 35 92 99 109 1 48 107 82 53 28 108 37 88 1 0 102 1 115 23 95 104 85 112 56 91 93 105 0 83 1 113 44 21 1 105 17 14 4 29 1 47 38 37 55 
82 4 110 45 71 51 0 14 0 0 106 17 70 97 51 17 58 0 0 2 104 49 92 23 1 4 41 57 47 49 62 0 1 0 26 99 83 1 0 1 118 107 61 25 118 0 0 74 102 66 21 86 71 61 110 37 36 0 90 0 
28 21 43 113 1 104 76 111 60 95 48 95 62 0 113 1 18 31 1 11 0 1 1 28 0 0 0 69 75 55 74 46 0 17 62 41 83 3 111 53 0 63 49 82 102 1 1 107 1 54 18 79 0 73 0 0 1 6 104 20 
90 99 76 37 0 49 1 70 27 83 55 106 80 0 7 47 0 32 13 1 119 67 1 0 1 118 79 5 44 52 1 15 82 0 78 30 113 0 1 119 104 29 112 0 105 55 57 108 10 0 1 4 0 90 81 0 1 50 51 26 
0 13 87 50 108 38 26 6 30 35 62 1 99 59 7 29 19 1 0 107 57 8 0 57 46 15 0 1 43 31 57 1 115 0 0 25 8 19 97 116 0 108 24 11 11 36 6 109 107 24 116 10 0 31 119 1 0 1 46 90 
21 17 119 21 52 118 0 65 56 1 0 33 74 67 49 115 49 87 82 78 91 80 103 91 1 43 6 1 96 36 44 25 54 112 1 0 52 118 3 0 41 41 51 50 0 19 94 22 0 0 1 50 1 0 72 60 105 3 0 31 
50 35 1 103 1 19 46 15 1 46 1 81 33 114 54 1 1 40 76 1 70 114 112 79 59 44 6 52 40 60 41 1 16 100 22 110 0 97 103 25 0 1 8 80 80 41 108 57 39 11 27 85 0 14 88 50 6 1 114 93 
0 100 58 1 0 103 22 84 53 27 26 114 100 63 0 0 53 29 106 117 50 28 23 87 37 20 119 105 0 110 30 66 118 17 105 10 93 0 44 119 73 1 0 37 93 19 1 1 100 20 71 59 27 29 48 55 0 62 97 23 
113 77 0 30 84 27 37 78 50 111 9 58 43 2 0 71 33 0 61 1 9 2 1 44 16 69 7 0 18 50 93 110 30 0 38 42 101 76 0 10 88 117 61 0 40 87 1 0 116 1 75 113 5 18 84 26 94 8 15 86 
19 1 32 15 0 1 86 1 77 0 98 91 1 1 1 17 1 0 0 92 65 14 92 0 87 115 0 43 0 1 68 0 9 0 69 0 0 42 86 0 32 1 59 1 22 112 90 31 12 43 1 0 0 10 82 119 20 26 50 50 
17 111 11 49 1 109 26 66 97 47 0 74 28 62 114 1 0 20 80 9 1 58 6 81 17 48 76 85 45 75 13 6 80 0 116 1 118 23 3 15 0 71 77 43 99 50 88 1 33 1 69 110 1 8 26 113 115 21 114 23 
0 59 1 12 114 102 0 81 0 93 0 0 1 30 31 27 0 29 0 98 28 71 88 98 68 33 49 26 102 1 110 60 115 0 6 39 108 18 93 1 66 0 52 103 58 12 53 64 80 0 50 26 60 98 26 88 44 28 46 17 
50 106 100 67 14 34 115 29 99 38 28 115 1 1 12 73 67 104 56 6 93 28 5 0 109 0 36 24 29 69 112 1 18 38 32 72 60 60 107 0 64 0 0 69 77 8 35 119 46 87 16 101 110 118 1 16 0 38 107 2 
57 40 1 18 1 68 71 74 55 30 52 45 81 0 9 1 11 38 25 0 37 119 103 0 111 1 94 36 69 55 43 21 92 1 0 0 4 13 4 98 46 22 15 0 108 12 74 10 117 1 106 25 94 73 95 1 119 14 1 20 
0 25 60 69 32 113 27 64 68 31 1 19 92 96 1 79 110 85 42 36 101 91 56 101 78 1 73 88 90 15 32 49 21 0 69 10 1 1 76 92 1 6 38 9 0 9 99 1 1 37 104 1 0 59 52 105 80 60 110 40 
107 1 0 12 95 1 1 93 84 53 0 59 98 35 1 0 17 0 101 43 113 1 50 6 0 1 33 39 109 0 101 9 81 2 32 86 3 29 72 22 24 1 76 89 66 0 89 0 1 0 26 24 20 56 97 47 1 37 6 53 
81 10 44 103 45 1 62 4 0 6 36 47 110 1 48 0 53 58 42 20 34 74 38 15 1 96 1 11 44 0 51 30 60 0 1 1 0 83 101 88 3 81 45 103 119 5 0 5 74 67 19 64 78 31 1 86 0 45 101 76 
67 1 100 88 63 46 1 104 92 75 35 6 3 0 47 46 1 0 95 0 111 28 83 55 46 1 5 68 34 18 1 16 96 1 62 38 117 108 83 113 0 19 29 110 0 106 1 0 56 99 11 104 84 102 0 110 0 94 61 13 
111 114 66 16 78 101 65 9 100 97 59 1 115 15 109 36 74 0 42 0 1 42 45 105 95 1 11 1 1 30 117 36 85 39 110 71 63 76 91 0 58 95 99 5 0 1 51 88 0 12 21 1 43 14 0 114 48 99 0 74 
0 46 1 114 103 0 19 0 81 58 48 39 76 0 41 1 7 10 89 1 62 48 76 36 6 0 62 76 108 14 95 37 91 32 115 101 51 3 48 0 71 97 78 10 22 68 98 33 72 0 117 1 1 74 0 85 2 1 1 47 
74 47 1 16 1 105 66 105 17 54 69 91 0 54 118 92 57 0 117 29 33 39 116 0 92 1 109 46 60 118 64 8 83 56 105 19 55 1 66 18 41 10 17 3 64 0 103 30 39 4 0 1 55 1 0 89 50 97 44 64 
106 17 56 24 109 51 1 6 1 109 45 72 24 103 77 45 0 92 8 31 1 93 0 69 103 73 50 78 94 63 10 118 97 68 0 6 4 54 105 0 90 82 33 76 84 92 0 90 91 0 30 0 75 94 1 85 109 49 80 67 
90 10 110 0 1 54 66 0 7 1 51 109 0 54 1 98 0 63 0 110 1 31 0 69 23 1 5 91 57 57 44 13 1 91 81 1 1 5 1 6 109 73 1 28 18 13 6 44 0 99 118 0 0 76 89 46 86 74 95 111 
1 41 39 27 102 0 0 97 63 87 1 0 22 103 28 18 114 5 1 1 1 5 0 70 1 96 115 1 35 9 92 1 2 1 85 57 24 0 1 106 46 108 105 98 0 115 15 116 21 21 64 66 0 0 111 73 0 76 1 55 
89 111 0 79 0 28 0 22 1 6 55 75 96 11 91 84 60 1 1 29 55 45 75 31 16 96 104 73 0 8 31 0 0 44 66 69 54 111 47 1 11 5 47 89 1 97 12 52 45 98 18 1 1 99 0 94 1 1 35 19 
21 103 65 71 6 115 0 1 30 0 20 1 18 89 1 26 82 20 113 55 0 0 23 43 116 0 44 14 33 19 73 83 117 43 1 14 51 56 47 2 17 79 0 113 0 45 1 0 1 56 1 12 53 1 24 0 9 45 41 114 
73 1 36 108 62 20 34 1 0 63 37 103 48 101 91 0 1 98 13 59 118 99 70 98 110 83 1 1 0 0 69 69 11 19 46 70 98 94 0 21 7 1 49 32 113 79 54 1 69 90 91 36 119 80 31 0 0 80 108 78 
5 46 40 14 97 78 79 118 100 57 61 96 59 0 80 70 73 112 10 1 70 57 25 0 0 109 111 51 38 1 20 63 0 77 1 89 59 0 0 1 92 1 15 1 87 119 119 23 0 1 74 62 92 94 0 24 56 0 60 116 
66 48 76 116 1 37 1 0 84 67 58 1 23 100 47 1 75 18 15 93 71 88 47 36 119 79 69 6 44 84 74 117 33 92 87 0 36 118 0 50 1 72 30 89 15 2 59 18 69 74 84 4 3 62 66 98 103 106 0 13 
0 59 105 68 0 58 87 96 66 46 1 58 1 27 0 5 79 117 44 99 75 40 51 110 99 111 1 87 46 25 37 104 93 88 105 104 1 9 67 113 113 0 43 115 11 87 94 68 77 99 1 109 44 95 0 63 107 41 8 0 
