1
40
0 0 0 1 60 34 61 0 0 8 26 18 34 1 50 63 71 0 65 1 78 18 61 60 2 43 68 46 46 17 0 0 44 1 30 6 1 0 12 35 
7 0 36 17 76 60 62 0 11 31 1 4 1 0 76 45 27 14 63 73 50 0 56 54 16 55 53 4 64 0 56 10 0 9 20 47 1 70 8 73 
2 50 0 1 71 72 31 1 58 1 11 0 1 38 33 67 79 1 38 42 19 30 0 53 0 28 0 44 47 3 1 78 64 77 14 76 39 37 25 14 
1 35 7 0 11 16 0 0 0 38 13 0 70 33 52 58 63 27 18 61 40 1 1 42 0 18 49 54 68 6 63 1 15 62 63 37 50 12 1 28 
1 25 10 40 0 34 13 6 11 64 17 1 0 12 1 21 1 23 56 31 65 36 60 47 29 50 30 59 36 22 34 35 9 54 43 61 1 27 1 24 
50 1 78 0 13 0 51 33 59 73 31 66 1 0 0 31 12 76 50 66 7 1 75 65 1 32 1 0 63 0 10 24 21 11 53 11 0 55 57 77 
0 70 1 3 0 2 0 6 58 50 8 36 58 25 49 59 73 0 33 12 37 1 39 68 44 49 27 1 51 15 1 28 32 0 40 0 19 1 3 71 
65 0 13 0 0 21 0 0 68 24 64 79 66 78 0 26 1 70 1 57 79 47 68 60 56 32 1 1 36 41 31 8 8 24 77 2 0 0 61 8 
12 35 3 1 62 2 1 43 0 27 1 78 5 9 58 1 36 52 1 0 68 78 0 23 62 0 18 38 0 0 21 54 34 25 46 75 6 16 48 72 
50 77 23 0 66 7 16 15 0 0 0 30 6 58 0 55 9 64 48 74 2 4 77 35 12 8 0 73 77 34 19 16 51 32 47 50 36 10 0 18 
38 0 70 60 1 52 2 15 59 39 0 1 1 77 70 0 51 68 0 17 1 52 70 1 45 22 66 71 35 58 24 34 24 57 21 1 51 14 53 1 
40 62 14 75 6 1 73 64 21 34 37 0 26 22 61 15 0 55 17 63 1 0 8 68 66 6 23 63 8 0 12 47 49 57 76 73 45 1 65 41 
46 1 1 22 8 72 9 31 70 19 14 0 0 0 0 0 1 0 3 26 1 0 1 18 75 0 18 49 24 61 17 1 61 75 33 13 0 56 0 41 
44 62 11 53 47 57 1 1 1 0 64 49 1 0 37 18 1 60 5 67 37 1 55 56 71 21 64 38 55 52 15 31 1 27 8 15 0 67 1 76 
21 78 8 12 16 67 11 79 14 23 53 1 1 63 0 31 71 1 66 23 0 56 24 25 1 55 15 0 34 1 53 7 67 1 78 32 20 53 76 7 
45 24 22 13 3 23 12 54 1 9 41 45 19 1 55 0 17 1 55 36 41 10 1 6 20 1 7 72 52 58 1 64 0 11 0 58 1 1 39 1 
1 23 76 18 21 1 21 30 31 22 72 30 0 29 0 13 0 69 20 30 0 1 1 41 29 52 16 28 27 54 43 37 62 1 1 43 41 1 0 46 
6 12 24 68 9 51 0 14 49 0 17 0 54 37 0 57 13 0 1 43 52 23 43 6 49 52 0 2 10 0 0 28 4 5 19 61 1 40 1 0 
12 0 13 0 4 0 6 59 40 38 44 58 9 5 1 29 76 34 0 70 43 1 69 46 19 1 1 49 28 31 11 1 1 0 37 0 15 14 8 69 
47 1 1 46 4 1 37 45 44 75 1 0 61 1 7 6 30 57 0 0 60 1 7 1 0 4 25 8 1 41 44 42 58 54 3 33 78 64 22 70 
0 26 3 1 0 0 74 9 1 13 34 55 0 9 1 1 0 16 0 36 0 39 59 0 69 26 44 34 23 13 0 4 53 16 70 0 0 67 4 44 
12 1 0 75 1 66 23 10 66 55 1 3 68 15 59 50 33 0 2 48 0 0 7 41 60 0 67 41 10 58 1 18 13 24 14 60 62 7 30 1 
60 73 40 23 37 7 0 17 12 44 25 60 62 61 0 0 17 34 39 55 1 12 0 39 29 37 16 3 10 0 60 78 34 26 1 43 16 10 74 0 
56 52 8 0 18 50 40 25 1 21 0 15 4 31 0 1 14 58 4 37 38 5 22 0 31 0 55 8 0 0 61 59 10 14 0 15 1 20 77 0 
41 1 33 12 4 16 33 1 0 34 76 21 74 23 1 52 41 1 31 68 22 29 77 21 0 1 24 58 45 51 12 1 14 1 74 0 28 32 0 0 
23 59 44 7 0 63 1 60 30 67 29 24 79 0 58 1 52 21 76 20 1 48 23 1 41 0 62 42 49 1 79 72 47 1 2 77 11 63 73 0 
64 69 72 1 0 0 47 56 50 1 48 60 24 39 66 43 1 13 72 68 29 28 74 51 16 74 0 25 79 35 8 39 8 61 31 67 48 51 17 15 
32 37 58 36 74 67 61 12 6 4 46 0 55 1 67 26 1 73 9 70 50 1 66 1 16 0 35 0 1 54 53 43 71 74 37 0 1 40 29 41 
0 56 0 1 60 1 39 73 9 67 0 49 21 0 68 24 7 8 1 16 23 60 53 61 59 67 17 68 0 4 54 47 9 5 1 1 1 34 40 73 
1 63 10 57 4 31 45 7 0 56 0 72 35 0 62 14 57 47 10 1 49 7 0 0 58 42 7 42 60 0 0 44 1 26 45 7 48 1 37 22 
1 1 8 18 45 31 30 4 41 0 62 1 0 0 1 6 15 17 64 34 1 0 61 0 48 26 0 60 20 29 0 42 9 34 20 3 0 45 13 1 
29 20 1 63 77 60 76 7 52 65 12 2 22 4 0 70 24 19 64 53 73 78 16 77 47 67 1 0 18 56 1 0 31 40 37 36 0 17 27 35 
58 44 55 34 49 42 67 54 76 58 1 13 49 1 13 1 79 24 13 16 53 51 1 0 74 23 0 52 35 43 1 1 0 48 4 42 68 41 26 64 
59 0 1 1 0 49 13 55 45 42 18 65 78 29 49 25 13 32 36 1 23 24 29 46 1 1 77 17 49 0 34 13 35 0 1 27 20 73 41 66 
76 12 2 68 9 1 1 72 56 19 17 28 17 52 50 1 5 1 0 13 57 37 21 2 43 44 0 49 56 30 72 32 20 6 0 53 20 12 0 0 
0 11 15 79 71 62 44 0 0 67 71 62 50 30 19 30 5 55 23 75 1 74 51 19 5 17 20 1 69 12 20 1 42 59 66 0 44 34 54 33 
42 15 1 23 0 1 37 68 1 11 8 73 29 1 74 1 30 0 77 72 12 63 44 40 50 6 79 25 42 7 53 13 0 9 62 21 0 59 0 1 
0 45 1 69 27 63 42 9 19 30 67 19 1 39 19 45 1 68 60 9 1 39 19 76 44 69 70 29 64 73 20 0 63 71 75 3 17 0 52 74 
8 43 29 36 22 1 0 5 16 38 0 32 52 69 46 4 40 14 1 1 37 69 55 38 0 37 66 35 58 1 17 21 18 22 1 33 0 10 0 0 
73 26 34 50 77 34 27 54 1 21 9 0 0 1 0 55 51 24 1 42 52 69 55 2 1 17 8 1 26 34 69 1 6 10 63 38 1 54 64 0 
