1
100
0 166 151 94 189 0 120 45 29 171 6 53 116 112 116 0 194 117 0 160 60 143 0 61 162 104 71 0 31 39 54 48 54 37 78 13 35 0 128 182 88 42 6 148 98 16 111 175 167 0 55 0 6 7 75 0 33 121 37 84 0 40 173 0 179 151 123 13 5 100 31 144 100 196 0 46 164 173 97 48 150 162 71 16 0 108 81 0 0 109 94 4 187 0 10 41 0 168 140 31 
180 0 42 104 119 23 152 160 0 41 0 172 0 145 53 194 0 50 87 23 152 50 0 138 0 0 0 73 125 100 199 34 172 0 134 0 0 0 128 196 143 81 0 170 0 128 99 125 120 0 111 13 107 64 6 100 167 97 15 124 154 37 0 48 138 174 124 0 61 140 161 180 45 0 105 82 42 162 68 36 11 0 41 194 0 64 0 63 1 0 145 44 97 70 0 102 107 73 0 72 
169 0 0 174 29 117 129 72 158 121 88 70 130 0 121 45 0 77 0 0 22 149 34 199 58 125 81 23 87 106 0 55 99 0 142 0 0 148 162 89 20 17 64 195 120 68 101 195 18 136 8 0 0 123 175 110 187 0 17 0 0 137 185 178 19 153 97 146 4 6 106 33 142 14 136 152 2 120 0 65 71 0 0 0 180 183 0 6 5 144 6 121 159 0 177 0 0 107 137 0 
100 190 0 0 132 167 0 0 8 166 180 29 2 182 153 0 68 0 72 0 185 119 31 97 5 0 79 123 22 153 14 0 133 66 110 104 139 175 98 148 65 13 194 86 126 0 0 53 171 72 38 191 0 130 145 0 0 69 106 50 179 0 19 80 0 40 53 98 153 85 145 180 11 196 0 147 0 94 2 79 194 54 33 26 125 0 184 0 97 130 65 135 162 50 0 0 105 122 66 27 
39 168 124 93 0 90 12 121 41 37 0 11 0 136 125 0 158 0 53 111 69 89 4 186 185 56 191 104 63 0 0 90 6 163 0 0 0 16 0 40 170 103 145 21 111 10 31 30 74 174 70 57 0 89 0 53 20 171 155 0 26 32 24 173 127 137 74 168 72 167 57 9 174 0 0 137 105 148 116 154 35 172 130 0 186 93 53 141 0 46 139 136 0 121 186 90 62 0 4 10 
77 98 0 0 35 0 100 170 55 27 133 178 146 92 0 149 172 76 126 174 59 0 115 78 0 180 179 166 20 8 51 154 139 180 78 26 163 0 0 199 142 198 0 0 39 0 0 9 129 103 82 177 34 115 165 88 177 157 60 0 136 143 23 149 173 0 160 181 97 187 148 116 108 141 20 168 22 89 0 90 93 8 120 168 101 74 61 92 97 184 83 120 122 156 198 195 90 89 0 150 
20 0 165 115 96 0 0 112 78 66 0 127 46 143 163 163 8 139 34 98 188 65 0 29 0 165 0 135 33 0 0 81 93 25 29 179 24 177 151 22 28 123 182 122 97 75 61 79 161 153 99 0 146 25 169 20 112 189 26 18 119 41 178 196 87 89 196 195 127 103 0 126 109 1 139 27 0 145 147 133 183 0 64 75 59 36 107 133 85 36 0 0 73 161 179 78 0 0 0 26 
49 156 182 58 159 137 131 0 67 68 187 0 70 0 67 87 146 0 5 0 96 165 84 121 143 0 64 30 146 0 151 35 95 157 40 48 186 22 159 68 0 144 153 100 10 119 107 112 4 117 82 131 142 130 149 51 44 129 0 0 0 0 165 96 147 163 83 0 113 62 198 190 154 0 181 50 0 24 33 136 16 149 48 186 0 114 0 51 190 8 94 0 0 0 179 88 142 96 61 159 
0 193 36 47 143 198 115 42 0 0 73 0 119 178 65 82 0 186 137 155 87 51 143 0 192 0 165 0 0 141 159 173 104 196 1 79 146 177 25 182 160 0 161 102 0 20 48 0 11 160 6 91 85 147 17 55 83 175 108 0 0 88 1 169 170 195 50 128 0 21 194 54 67 0 195 84 96 51 0 17 162 0 132 75 124 141 134 0 166 126 77 188 113 87 33 0 146 176 40 78 
0 82 68 112 188 120 185 58 155 0 0 158 189 0 78 111 23 102 46 0 195 70 117 83 143 77 0 135 0 44 61 31 0 45 142 0 14 192 114 108 0 0 109 103 178 0 172 141 119 139 4 0 0 0 174 170 89 4 0 178 45 54 0 185 47 164 38 0 38 160 147 10 182 88 161 69 107 152 0 0 65 97 171 36 122 104 63 0 75 199 119 154 160 0 109 65 109 0 16 163 
155 110 46 170 26 0 94 39 40 181 0 0 0 52 85 34 53 85 147 145 0 57 142 63 39 148 12 0 65 9 151 120 139 97 175 180 170 148 155 35 13 124 90 21 23 34 122 197 83 181 61 35 198 191 98 0 121 0 78 128 64 183 27 12 65 81 0 0 0 129 0 125 0 176 4 52 101 12 30 60 5 20 145 0 59 5 112 128 168 108 73 44 53 198 3 74 0 91 26 139 
0 45 0 0 189 92 137 70 79 74 74 0 68 65 90 0 146 0 125 0 49 86 168 88 89 0 161 14 0 196 143 146 146 145 157 6 60 76 41 0 0 0 0 114 170 0 0 4 150 0 141 31 0 174 89 3 61 189 131 39 0 172 94 24 179 14 62 133 172 159 126 194 0 31 195 112 128 100 143 160 107 42 120 0 192 125 118 42 142 3 10 0 138 0 6 18 87 164 156 53 
0 32 52 48 70 76 154 152 54 0 95 91 0 0 0 41 47 118 124 0 2 180 185 0 129 0 78 42 187 128 90 75 0 157 81 34 48 22 0 133 0 0 53 95 0 0 40 159 5 16 108 71 163 95 0 1 0 97 19 114 125 0 0 152 167 25 46 0 0 175 1 20 0 126 49 0 0 49 80 93 37 11 167 169 16 71 118 91 190 81 105 0 0 136 140 70 168 0 0 188 
186 20 175 0 34 139 130 157 71 161 63 0 164 0 0 161 69 79 0 113 118 165 11 0 139 166 42 121 38 103 0 0 0 79 71 48 41 0 61 192 67 84 72 28 169 158 79 0 0 0 137 20 3 119 8 95 44 0 1 30 158 166 0 0 19 67 171 25 136 191 0 71 119 44 63 141 158 175 132 174 127 191 147 74 0 168 51 158 59 163 34 0 83 10 180 159 0 136 2 100 
92 47 31 25 0 0 0 0 74 0 40 105 0 88 0 94 186 0 124 180 139 87 15 87 0 9 121 28 0 0 156 57 90 35 24 32 1 186 152 25 0 127 0 11 61 122 10 152 91 124 70 14 0 100 112 68 82 193 59 96 130 0 64 30 41 0 134 113 0 105 22 93 0 73 160 64 66 0 167 178 103 90 36 178 0 191 0 101 0 171 0 50 38 148 0 16 103 61 0 166 
49 31 0 170 0 154 0 74 57 142 0 56 19 0 6 0 185 148 81 79 121 113 90 14 193 13 187 55 3 94 0 128 0 59 148 0 62 34 189 46 151 0 44 141 194 1 164 192 6 54 178 0 49 183 0 182 39 190 45 20 0 77 85 61 112 122 21 0 179 174 21 134 74 134 102 16 69 166 43 141 56 152 0 83 163 0 0 11 0 41 0 190 129 118 165 0 68 54 0 181 
0 166 12 173 67 122 50 0 0 74 0 52 143 72 11 152 0 15 175 136 0 74 123 0 103 12 71 20 17 16 95 126 171 56 174 41 81 69 34 0 0 187 49 11 90 151 73 46 0 0 0 29 19 64 185 114 0 45 70 47 17 0 0 128 165 0 85 0 83 43 0 7 146 174 60 82 146 195 0 170 0 79 0 59 39 93 106 155 12 69 17 19 197 5 14 184 81 14 0 181 
193 170 164 154 83 17 79 5 141 192 0 11 173 198 138 148 148 0 141 141 147 115 95 8 0 188 61 16 197 5 145 0 0 166 107 119 0 15 42 190 123 194 84 77 14 0 18 0 140 187 36 107 35 28 198 109 0 0 119 190 165 168 167 195 0 142 67 97 102 42 120 154 0 80 0 160 0 116 60 54 73 19 116 35 0 118 197 0 105 127 0 0 74 123 143 149 80 0 0 0 
93 63 179 134 0 2 126 16 15 159 39 52 123 0 55 170 118 129 0 45 115 81 126 0 130 164 57 191 0 151 182 39 163 48 122 12 95 183 0 195 92 0 146 56 0 0 134 196 184 108 139 44 0 102 107 189 162 0 53 20 0 29 137 149 106 163 0 108 183 4 0 0 68 174 78 54 0 45 19 110 93 141 45 165 0 0 197 140 183 162 163 43 80 0 164 37 26 0 0 144 
47 0 0 125 0 58 85 0 40 0 25 157 0 163 15 18 159 0 76 0 185 46 0 143 124 167 106 124 0 93 173 28 46 0 199 58 73 100 161 93 122 4 159 161 111 190 24 141 89 68 159 151 110 82 145 0 87 0 55 83 0 0 152 0 51 0 0 85 171 0 129 95 66 0 40 3 60 88 12 30 0 143 169 28 129 0 62 196 1 100 156 0 193 159 171 117 22 0 0 0 
0 118 8 85 112 35 0 172 101 29 0 143 84 186 125 0 0 197 0 136 0 162 39 0 93 0 103 43 118 84 77 1 0 23 59 0 0 82 42 105 81 0 27 0 68 147 1 16 138 102 46 54 0 0 115 146 105 172 148 0 151 0 0 52 105 70 0 150 26 0 0 50 172 150 179 26 150 191 172 39 71 0 42 130 131 157 114 0 0 17 0 63 59 8 21 172 111 20 97 97 
102 2 137 89 0 67 0 0 47 134 0 0 35 30 0 90 0 175 0 19 182 0 152 0 62 147 0 132 21 181 5 50 0 0 27 185 97 158 133 47 167 0 0 11 37 135 0 11 165 0 165 176 14 128 139 45 85 139 152 22 195 0 71 35 81 2 171 15 172 172 140 28 0 0 14 124 129 0 172 179 0 53 69 64 0 0 184 72 26 195 0 58 123 41 0 41 86 19 126 151 
113 0 136 138 27 0 141 8 174 0 96 143 110 0 82 0 87 16 24 88 183 34 0 48 24 129 36 0 139 4 62 69 97 0 135 176 162 5 5 38 24 133 63 68 0 90 0 33 0 49 66 54 145 70 0 7 116 29 116 138 132 0 179 159 145 22 82 92 45 140 158 170 89 13 116 133 0 60 99 0 0 0 104 19 158 126 36 154 81 111 144 54 126 7 124 51 162 72 31 199 
0 90 23 71 0 73 176 96 31 147 29 4 0 79 88 196 193 87 161 152 88 136 0 0 188 12 119 21 0 40 55 106 88 66 139 84 0 112 41 0 161 144 59 0 75 165 124 0 108 76 173 48 0 0 119 144 0 193 75 0 25 39 68 145 4 136 26 75 0 111 43 166 60 1 161 58 147 81 112 97 136 84 0 0 71 73 0 0 199 82 133 195 46 149 0 39 0 0 0 55 
0 159 71 104 118 142 148 3 10 122 0 82 95 0 13 182 180 166 134 59 7 144 179 105 0 72 153 75 73 193 57 110 171 0 103 37 120 188 149 178 159 0 177 17 189 66 0 188 165 87 28 137 178 0 100 0 102 53 58 113 151 0 71 7 147 96 166 116 197 136 79 91 77 97 154 113 78 0 50 69 31 0 197 8 26 7 73 148 183 72 37 0 179 156 21 28 98 60 0 0 
0 175 108 80 29 79 142 165 110 29 144 87 137 0 103 6 5 54 124 0 0 159 197 18 134 0 9 83 95 0 68 138 132 0 135 0 0 0 21 0 143 81 117 162 97 0 49 0 126 149 186 36 90 110 0 195 27 168 0 14 89 98 0 0 128 70 122 1 199 144 90 70 109 17 0 0 178 113 180 34 0 80 76 0 100 115 0 170 68 144 147 31 0 150 177 12 121 103 168 56 
34 0 95 8 66 103 46 160 174 11 57 0 171 99 121 158 3 56 115 170 198 66 161 120 0 165 0 38 39 30 72 2 85 197 0 186 93 25 57 51 183 142 0 190 170 15 182 58 0 147 15 0 39 177 186 29 58 114 159 62 98 155 155 0 66 42 191 31 119 159 48 153 130 2 190 62 0 37 194 25 114 70 14 48 192 0 78 23 131 199 69 105 124 50 173 0 0 132 26 143 
147 122 38 114 6 115 39 153 131 57 166 165 183 94 70 0 147 0 30 0 170 122 0 118 61 84 0 0 158 149 155 19 33 0 39 10 5 167 176 137 84 125 55 16 25 6 0 195 0 0 133 0 74 0 146 131 133 195 0 72 4 80 96 145 62 164 126 62 131 12 76 151 83 143 77 0 108 101 112 0 0 56 62 84 0 133 189 10 121 169 66 94 80 114 144 184 0 112 0 0 
144 67 56 20 70 0 191 0 0 111 0 0 29 25 77 10 0 153 0 95 185 68 160 84 186 0 134 0 0 129 127 88 0 84 0 182 195 71 55 141 122 43 149 147 192 167 13 152 176 154 103 93 59 166 76 136 86 0 80 41 0 154 56 0 71 85 78 28 133 129 171 0 3 156 80 34 9 0 158 0 0 21 11 127 75 163 182 107 0 147 187 0 0 195 87 148 166 101 98 145 
171 86 52 82 170 101 194 135 94 8 57 84 29 104 158 89 177 179 78 52 0 137 144 0 0 120 102 0 78 0 74 187 42 3 107 187 21 81 85 155 93 64 0 28 0 52 194 155 0 84 25 5 35 27 0 5 166 198 35 195 70 51 64 15 55 147 0 117 0 139 125 0 0 59 0 0 187 164 177 67 19 178 0 7 106 170 185 112 35 142 22 47 1 160 125 106 62 0 126 49 
195 27 169 163 137 188 0 118 0 48 0 0 85 133 0 180 7 133 110 1 138 99 174 141 168 6 127 37 18 0 0 10 85 0 64 73 141 141 58 0 111 52 87 119 0 0 112 78 0 0 176 119 73 82 120 196 183 139 0 179 182 134 0 194 126 68 0 17 109 63 0 135 181 92 84 42 0 88 32 0 58 146 0 65 0 171 140 2 0 0 109 176 0 0 118 0 107 36 49 31 
74 85 194 104 28 0 78 0 30 128 67 0 154 15 141 167 178 30 110 126 68 173 67 78 186 180 172 131 45 155 81 0 18 186 80 0 61 26 58 126 103 0 35 109 142 132 65 110 181 181 103 88 156 186 37 77 100 192 124 48 127 0 0 0 113 197 20 0 92 96 114 109 196 125 199 102 6 190 132 42 24 154 63 0 48 0 110 70 91 159 0 100 0 0 0 97 0 190 0 91 
0 93 25 67 0 108 129 0 121 72 56 0 0 151 8 24 72 160 159 115 0 166 91 0 78 27 24 145 124 112 158 92 0 132 175 94 29 197 0 136 45 0 157 167 138 65 143 124 0 6 106 84 160 100 0 0 61 139 71 45 179 70 185 32 85 115 33 188 5 51 5 150 0 163 52 71 194 164 139 140 72 121 151 190 182 99 7 11 114 189 68 0 93 6 21 100 170 118 175 29 
0 120 0 160 128 108 183 0 53 30 16 0 181 132 161 184 76 0 12 25 0 149 39 87 168 185 138 20 183 108 176 0 28 0 54 8 166 0 7 2 141 48 48 64 74 0 172 7 178 20 27 0 106 50 99 1 117 0 55 0 144 97 182 0 162 0 87 0 0 0 0 162 0 0 0 0 167 0 136 113 124 60 198 129 130 106 0 98 85 0 29 22 0 107 0 106 83 56 149 66 
64 105 0 22 116 65 48 0 180 97 90 65 188 183 174 179 0 165 77 61 58 0 100 160 85 193 94 55 65 15 82 72 42 153 0 129 78 85 79 0 111 73 191 136 135 140 0 102 55 146 0 113 110 11 26 173 0 149 0 0 196 113 33 129 123 50 6 138 73 94 0 0 144 37 0 0 143 118 134 0 100 161 126 181 147 34 0 199 27 141 157 46 97 89 0 17 95 86 192 64 
127 87 17 75 63 0 129 67 85 166 132 63 170 0 137 77 106 108 0 185 0 127 55 188 9 141 23 45 73 92 137 11 55 111 122 0 19 189 0 185 146 179 38 62 86 118 102 0 74 18 126 0 164 181 27 182 49 64 122 76 0 96 36 26 16 192 0 50 0 38 27 95 143 39 137 167 86 169 122 82 25 147 181 93 152 44 152 60 15 0 100 181 113 141 114 26 58 199 0 0 
19 107 0 25 22 106 58 172 119 199 104 71 136 178 13 58 0 99 56 0 42 120 53 68 59 167 155 134 51 190 0 130 149 79 197 0 0 187 53 17 61 33 163 124 4 0 0 0 77 0 77 0 0 137 47 171 81 159 20 184 141 161 158 154 132 54 156 0 0 0 0 0 141 9 115 126 167 100 0 0 23 30 157 76 8 146 174 0 89 92 47 0 57 107 0 168 0 0 181 118 
77 0 124 0 177 46 192 0 0 0 103 88 41 0 174 87 193 0 177 107 87 0 183 21 4 145 59 158 134 62 75 29 41 4 154 72 96 0 0 0 0 118 125 137 63 47 106 160 180 191 175 0 2 105 193 0 148 131 0 118 0 105 168 176 94 70 19 0 0 108 192 146 113 156 81 47 136 125 0 18 183 2 0 24 55 105 104 162 7 154 61 168 58 15 168 24 75 94 0 156 
145 164 0 0 26 187 157 66 13 19 24 166 153 0 158 143 0 198 178 176 22 0 146 0 163 0 150 0 20 0 80 66 0 0 165 0 100 0 0 100 56 193 133 102 145 105 195 166 98 34 26 75 196 38 116 0 116 0 0 16 127 78 12 2 0 140 146 171 0 0 96 134 119 168 188 0 6 125 31 160 62 169 87 188 86 0 169 100 104 51 167 51 74 10 0 0 0 137 96 148 
0 67 3 110 99 181 125 0 62 171 47 125 12 80 90 161 117 198 0 125 29 0 102 0 182 91 0 177 18 66 87 190 164 176 55 158 73 0 1 0 51 186 196 125 90 117 92 66 0 144 0 131 98 59 33 18 169 182 47 0 117 43 115 198 149 15 168 96 136 184 25 71 81 114 157 140 67 191 49 29 3 0 0 144 147 113 61 0 174 56 150 188 35 193 66 0 0 73 0 121 
133 0 176 109 94 189 0 148 175 174 0 96 52 51 80 0 153 177 0 122 39 109 178 150 69 32 7 65 0 0 139 74 0 51 133 40 7 40 28 25 0 128 110 0 65 90 0 49 60 102 132 0 56 176 116 117 0 183 185 142 6 0 31 36 195 0 0 117 181 86 179 62 108 149 0 0 149 121 19 2 157 86 151 84 0 120 17 19 125 166 19 0 157 109 0 28 79 37 124 0 
146 56 52 197 171 0 126 149 148 0 136 137 137 0 41 136 143 33 0 31 46 0 0 0 97 20 64 139 0 9 4 91 0 0 119 3 0 19 0 18 0 0 163 21 8 54 97 0 76 88 132 95 109 115 60 193 175 131 82 0 185 44 124 90 0 147 96 0 0 0 0 162 152 0 176 22 36 107 79 99 188 28 84 173 76 49 88 69 0 87 162 20 0 19 53 0 130 102 81 0 
13 118 20 103 7 20 0 130 105 154 186 100 141 0 49 11 1 135 49 140 116 75 21 139 84 0 83 62 27 144 64 110 52 89 124 74 49 133 118 150 51 159 0 40 0 49 0 105 96 46 35 159 192 169 70 97 28 143 187 74 134 0 158 62 61 120 4 0 189 198 10 55 146 25 0 0 133 28 0 0 130 171 53 154 137 18 60 65 162 0 8 157 19 0 67 182 56 0 129 141 
0 50 89 182 199 183 25 134 0 2 121 159 178 0 10 156 57 189 168 124 175 0 112 86 148 36 190 110 41 120 182 114 101 50 58 76 0 89 77 0 138 0 0 0 78 153 0 194 181 80 167 59 60 20 166 34 106 0 127 73 134 0 112 198 71 105 76 167 193 187 25 54 12 0 107 16 103 5 131 177 88 44 124 73 131 0 0 24 62 0 14 167 170 27 0 57 50 81 191 6 
195 176 124 66 41 33 24 80 96 82 0 191 165 70 87 179 103 92 178 189 181 194 90 140 0 146 82 129 118 106 123 135 14 12 3 158 130 126 8 52 93 58 0 102 0 5 136 41 0 73 95 0 0 1 0 0 169 59 187 31 15 34 156 33 0 0 118 184 0 171 169 25 173 79 173 178 103 182 160 115 0 113 96 0 77 55 121 52 41 163 69 0 153 138 85 0 83 22 74 13 
74 0 112 68 70 62 140 12 0 77 125 169 113 157 139 70 0 81 106 170 49 0 0 22 12 151 0 0 0 103 50 56 106 0 190 10 116 0 60 102 103 29 137 81 145 0 20 0 0 0 101 128 151 37 127 19 191 0 163 138 60 60 0 198 179 82 182 188 9 98 106 0 0 164 195 47 138 147 0 0 31 132 0 0 0 0 103 165 28 69 148 72 150 184 8 0 181 76 123 185 
188 0 11 102 85 45 64 0 166 155 124 53 93 0 0 0 125 68 57 0 0 35 89 147 110 116 83 80 66 164 189 0 39 197 127 43 158 56 3 152 151 88 37 151 197 12 0 152 150 82 55 194 170 78 15 0 139 26 95 0 20 111 0 169 75 157 51 0 115 0 127 97 0 56 169 51 106 0 84 63 0 189 117 55 21 0 74 170 22 129 0 18 164 171 135 179 1 159 80 55 
1 34 91 46 177 105 55 0 197 138 175 196 52 0 43 104 183 185 113 63 160 0 2 149 62 68 0 0 48 36 93 75 101 168 14 0 115 0 172 11 39 165 20 101 76 92 132 0 84 67 77 15 99 159 151 120 57 13 105 27 0 0 20 2 0 113 74 16 23 75 69 0 62 72 0 18 0 113 127 85 43 85 100 64 7 159 92 171 160 0 32 177 42 41 0 119 109 66 126 1 
59 90 34 145 117 127 41 133 161 25 111 124 154 134 156 105 51 0 78 0 181 31 140 172 186 9 0 126 0 0 16 0 93 66 84 158 64 42 83 0 0 33 0 114 49 0 95 187 0 0 174 0 0 94 22 75 15 0 14 2 137 14 147 17 69 27 0 99 100 109 55 0 137 0 87 0 114 66 74 59 177 56 42 0 83 188 17 58 0 44 48 164 0 133 12 78 111 117 0 107 
174 0 121 130 11 0 148 171 48 96 83 0 105 190 22 25 0 139 0 0 132 143 32 0 186 0 189 95 15 51 73 154 86 67 20 190 0 0 131 180 167 163 45 31 174 22 40 59 0 0 54 23 17 194 65 58 0 16 186 58 101 107 193 36 112 0 165 64 123 94 86 195 38 163 119 97 14 0 195 0 91 95 0 0 143 81 97 98 176 133 99 145 194 89 108 56 197 0 48 35 
50 0 0 78 141 28 178 0 92 151 187 0 0 74 162 181 96 47 56 40 129 110 77 68 65 0 41 198 0 194 21 15 0 113 183 57 154 0 0 35 135 24 36 84 9 26 71 42 1 0 0 6 0 18 64 171 173 190 21 0 0 121 50 48 0 57 0 127 167 40 108 62 0 0 124 97 112 138 48 56 11 12 52 0 127 57 0 81 111 173 19 179 58 0 71 196 35 170 138 0 
67 0 126 122 66 87 14 190 36 193 0 133 53 122 77 22 24 113 57 4 155 0 100 100 34 20 0 133 148 156 80 0 51 79 0 114 168 0 0 157 179 68 0 181 48 55 153 0 0 79 30 0 153 75 153 0 0 96 114 39 143 0 166 52 199 78 192 59 62 57 51 0 68 153 104 42 177 2 107 73 88 174 0 116 12 12 141 8 1 115 76 24 91 0 141 112 57 17 142 0 
0 167 0 92 0 4 86 116 171 0 157 76 13 114 45 25 0 95 0 81 76 0 88 148 161 93 91 0 112 58 13 0 120 0 130 117 56 140 182 3 154 182 36 64 0 174 129 180 174 94 122 133 0 134 9 23 66 20 0 0 26 174 63 89 0 97 0 3 75 129 0 68 163 0 0 61 180 198 112 179 0 142 109 76 4 180 7 116 24 168 51 167 0 9 21 74 159 140 158 0 
128 107 0 53 99 87 66 175 0 124 139 105 29 183 0 62 102 120 119 34 14 24 59 3 48 177 77 155 177 0 77 0 0 0 0 111 0 115 57 137 60 99 0 45 0 0 193 139 72 175 151 34 172 0 157 50 86 0 129 183 70 90 11 158 112 57 123 97 151 90 87 181 76 87 107 46 157 66 28 0 0 136 190 0 109 191 155 51 109 96 0 97 72 64 151 82 0 84 5 183 
0 0 7 118 198 192 159 59 124 0 27 74 6 173 4 147 0 0 33 156 96 194 37 10 139 191 28 61 61 33 153 29 153 0 73 18 111 150 0 0 13 118 0 189 178 26 0 111 104 118 163 35 0 4 0 61 139 129 18 33 96 0 28 153 93 142 147 13 0 18 145 60 195 65 115 0 160 0 70 159 97 28 136 96 0 96 23 0 6 49 0 110 35 166 166 199 100 70 191 163 
73 0 0 163 38 75 57 65 58 125 106 74 190 144 80 151 32 0 152 124 110 73 0 0 136 107 24 115 0 88 129 8 0 56 0 104 165 41 0 5 108 111 125 129 73 152 0 8 0 37 195 128 112 0 160 0 41 108 10 193 0 112 111 46 62 148 11 102 55 66 136 114 0 163 109 0 27 0 81 93 3 0 168 36 22 128 85 149 162 0 0 0 0 199 45 0 33 48 149 28 
191 0 0 98 140 67 25 173 0 51 0 40 4 0 0 13 13 146 190 48 0 174 158 175 180 0 78 172 0 185 124 0 0 136 0 17 133 0 88 107 108 8 112 188 136 78 0 16 63 83 150 40 147 168 5 108 0 0 0 58 152 27 0 62 148 94 100 139 41 104 0 19 0 0 56 0 58 91 0 0 69 95 0 69 125 173 0 167 44 69 153 51 155 61 99 176 0 10 0 74 
24 4 0 108 0 24 184 129 89 0 194 51 166 118 156 0 180 57 195 47 147 65 99 145 167 46 0 111 136 114 91 55 21 91 153 5 173 0 0 188 0 134 111 128 90 0 177 69 38 166 64 85 9 45 32 43 93 0 14 113 0 28 191 181 145 74 114 163 163 47 44 0 78 57 102 147 14 155 134 171 120 45 131 154 29 16 0 28 144 49 0 145 0 0 48 2 18 9 0 81 
0 165 0 123 74 4 122 192 0 85 120 66 0 0 153 125 100 120 17 0 67 35 174 143 107 144 51 188 0 47 66 11 138 178 113 87 0 80 122 152 172 28 30 70 76 0 56 140 105 144 178 52 50 111 27 142 187 187 0 0 152 32 57 0 175 70 46 0 0 135 105 175 75 32 32 170 34 139 5 80 0 41 120 70 160 93 182 79 185 0 162 52 27 186 19 0 19 62 17 72 
121 0 62 183 93 0 155 43 127 0 183 0 152 0 169 92 61 134 47 27 96 34 55 115 61 83 32 115 198 0 93 109 66 0 0 38 119 0 79 35 94 0 152 134 126 115 0 189 138 120 158 0 84 24 0 0 0 0 0 0 75 148 127 6 0 0 175 143 51 73 80 110 82 76 194 10 193 167 167 155 29 0 182 0 21 159 33 0 116 166 181 16 0 0 104 184 0 26 29 180 
139 22 0 0 22 125 135 0 93 191 195 0 0 38 159 88 0 189 161 96 76 140 0 0 70 0 174 0 0 0 106 134 127 39 87 43 77 6 0 55 0 119 73 0 110 0 129 109 103 0 189 172 192 0 120 62 118 0 0 87 0 0 2 25 85 158 43 175 70 175 0 167 0 142 0 11 1 42 188 168 24 187 5 29 35 26 79 198 104 0 0 54 177 60 64 83 8 92 0 0 
101 128 56 78 72 6 91 19 0 112 134 111 175 0 0 0 66 188 0 198 28 36 0 103 181 76 89 68 45 64 0 0 158 169 0 96 98 66 168 66 141 44 0 0 0 104 17 49 18 18 0 52 0 11 33 12 19 20 39 128 110 0 170 128 138 79 74 123 131 180 0 0 124 148 0 0 123 68 95 199 0 149 40 0 138 72 172 30 72 117 47 0 31 124 0 0 17 32 12 79 
194 113 0 0 0 111 0 106 184 0 171 0 181 70 0 131 9 16 173 173 179 160 156 36 142 154 77 82 105 93 24 0 150 24 50 0 14 176 0 170 158 48 0 75 137 0 96 56 73 0 5 177 144 170 0 61 0 66 15 0 67 154 0 95 0 0 119 165 0 87 112 115 162 0 63 2 0 170 147 17 132 193 0 129 179 0 0 180 10 57 0 16 196 0 133 70 77 97 72 91 
40 120 7 0 0 181 196 2 0 35 6 98 56 104 188 111 19 114 58 47 83 134 99 109 0 0 165 87 180 0 6 75 152 0 66 6 58 0 70 110 0 0 7 50 146 0 52 165 51 0 199 154 0 172 199 178 10 0 86 157 120 150 66 0 110 105 9 28 0 0 164 27 38 128 177 96 188 194 143 48 43 58 56 6 0 35 154 171 37 39 126 0 172 135 95 198 0 168 20 0 
191 16 147 0 0 55 0 30 199 0 143 0 142 59 0 106 11 91 45 53 115 188 197 180 26 80 89 0 141 106 38 72 103 29 27 0 129 33 122 82 33 190 151 76 39 168 65 167 0 81 138 8 62 0 17 43 29 89 105 47 180 133 121 0 0 187 23 0 109 25 47 4 18 83 0 0 152 22 119 0 7 107 126 181 67 160 166 128 10 0 183 158 114 0 95 189 196 0 141 34 
85 150 68 189 49 55 41 0 48 3 1 22 100 30 1 153 3 74 147 136 33 181 0 0 124 175 195 144 152 170 90 152 168 94 90 49 0 70 4 165 23 197 91 108 137 186 31 63 92 0 31 78 37 47 145 70 61 76 22 0 0 36 9 0 147 0 164 169 161 4 158 0 0 0 0 0 27 134 0 139 130 133 133 138 112 117 142 0 28 178 17 164 162 105 95 112 0 105 133 59 
92 19 0 32 0 84 94 194 21 158 192 189 127 78 128 101 57 103 143 135 0 83 41 47 162 77 163 183 125 0 0 14 112 6 196 124 186 114 58 58 102 100 150 129 33 0 165 74 40 149 173 5 49 0 24 117 188 0 0 89 54 70 0 42 16 14 0 14 0 187 18 0 184 160 196 3 0 89 0 3 1 151 67 0 0 188 52 146 4 137 50 191 19 36 19 46 169 49 25 0 
14 0 39 190 0 127 124 149 102 184 142 105 112 114 55 91 176 32 16 0 0 147 0 0 86 197 121 141 0 154 58 181 43 125 68 21 0 0 126 88 86 0 51 42 137 198 56 20 47 132 96 141 0 151 170 190 133 7 116 144 10 148 0 176 11 98 0 0 52 0 87 78 96 194 196 13 121 174 149 36 0 17 0 3 188 0 118 158 99 79 106 42 136 142 168 150 165 139 75 133 
179 0 194 0 159 61 0 37 26 0 140 148 98 92 0 0 0 0 148 182 126 127 22 162 139 134 62 74 0 75 182 0 108 30 30 0 185 51 51 136 85 184 0 122 142 67 72 112 198 188 181 0 84 135 49 109 23 4 0 0 149 145 7 70 143 68 168 132 0 0 58 14 197 89 0 0 109 43 42 19 186 108 142 81 32 0 32 80 19 84 188 0 98 121 69 0 107 0 71 0 
177 0 186 113 65 0 0 140 131 180 0 0 0 44 67 50 148 105 99 198 143 199 94 145 187 49 85 82 6 56 70 29 0 34 59 89 27 3 58 89 51 0 185 135 0 0 0 191 68 6 97 112 98 28 83 186 39 57 81 81 0 180 152 63 14 81 0 52 113 0 0 93 141 21 195 32 195 177 85 0 178 0 91 50 157 127 107 134 91 36 68 184 123 74 183 83 88 185 6 137 
0 91 0 0 0 160 106 0 59 97 16 70 0 22 0 0 101 138 0 85 0 14 128 181 64 0 55 140 79 95 89 0 77 6 85 64 8 57 54 39 0 0 0 0 131 32 146 26 197 7 39 167 177 98 0 198 180 74 30 189 0 62 158 92 160 68 144 88 15 38 0 20 152 155 132 0 60 110 0 160 0 137 7 176 122 118 53 37 11 0 160 97 160 82 44 0 0 70 16 50 
178 90 184 52 105 20 51 0 118 141 146 35 0 32 182 196 171 56 185 117 58 0 0 193 167 83 92 0 16 187 133 0 67 132 83 0 17 58 0 0 153 145 0 24 19 140 4 155 82 7 104 194 79 112 130 70 0 76 134 75 46 0 0 24 0 0 158 161 183 190 38 0 142 113 111 54 61 194 0 0 0 163 84 185 0 84 166 98 137 0 108 136 199 149 6 0 0 159 34 15 
0 53 0 0 139 11 104 107 89 7 33 167 0 6 6 21 0 0 28 134 29 170 0 76 71 170 0 11 58 0 86 197 51 26 77 134 122 185 0 36 42 12 42 41 121 0 8 128 3 20 190 0 83 0 181 163 18 58 0 0 110 28 8 91 129 0 48 45 171 103 184 135 0 114 0 7 96 10 0 192 147 147 158 92 162 22 55 0 20 15 48 0 132 173 173 163 135 56 0 66 
20 154 0 183 179 28 76 188 128 40 88 29 91 177 77 166 2 48 151 0 0 41 24 168 77 184 0 124 192 0 167 135 0 150 58 0 180 71 145 128 123 0 0 149 182 0 169 24 102 121 0 28 117 0 28 160 136 149 145 191 195 136 124 98 0 102 196 0 60 91 0 148 176 0 84 0 11 140 97 150 19 0 0 0 10 142 11 0 173 114 0 5 99 0 49 23 0 0 121 60 
108 77 130 0 146 193 93 41 137 145 173 0 125 9 0 2 85 124 0 136 0 0 95 37 169 7 52 105 130 19 0 0 128 139 170 70 28 0 64 90 121 177 95 0 199 88 140 0 27 65 0 145 0 195 56 86 145 179 108 136 199 0 0 133 157 168 21 31 124 69 4 191 0 75 0 80 42 0 124 125 120 0 7 0 176 135 122 192 88 18 129 0 0 107 0 29 0 103 0 191 
171 72 17 121 74 9 135 188 173 102 111 119 140 69 62 156 155 100 0 106 20 51 90 114 61 150 0 153 0 0 193 49 168 116 108 33 177 157 164 6 140 22 38 0 47 174 31 8 164 113 117 38 79 9 76 0 0 0 173 0 0 95 133 0 144 198 0 188 116 48 36 166 26 136 74 0 161 0 45 67 66 0 97 159 90 170 41 0 15 38 0 105 138 126 98 161 0 112 147 91 
0 119 105 169 195 114 66 0 139 25 62 0 27 0 51 0 17 7 20 120 65 156 127 85 195 80 66 155 178 14 40 0 195 0 124 0 51 171 18 86 22 13 0 74 0 12 26 160 38 132 10 101 168 107 11 24 6 151 147 110 167 75 20 173 71 0 116 181 0 0 115 0 0 97 0 0 0 64 193 181 186 50 153 155 106 120 0 4 116 0 80 137 177 65 0 199 57 3 112 45 
95 130 17 62 39 153 33 14 80 0 17 138 52 36 197 149 60 0 162 114 0 0 108 151 149 0 0 0 0 170 60 163 83 73 144 0 144 45 0 159 0 11 35 6 133 150 131 0 107 21 82 111 32 0 0 142 190 13 0 111 0 93 0 4 104 0 0 170 83 124 108 56 59 179 118 159 57 0 16 91 186 156 42 155 44 165 10 27 0 166 102 15 5 125 0 5 46 59 0 0 
88 0 123 67 0 166 70 0 0 96 0 130 109 109 104 199 110 151 72 82 122 194 31 154 0 151 88 27 144 88 87 155 56 0 38 167 192 149 0 0 39 57 92 45 25 0 66 164 31 0 120 128 0 115 0 68 0 0 0 182 0 133 121 187 105 0 53 0 171 157 56 76 197 26 156 96 197 67 0 92 1 132 165 0 0 122 0 43 143 102 125 195 193 199 29 72 42 8 114 0 
5 0 19 88 0 48 60 97 109 148 173 0 0 0 154 147 152 0 0 86 41 0 151 35 136 30 0 104 0 104 86 35 124 0 162 0 0 145 123 183 100 132 0 36 194 0 27 130 29 0 78 101 84 124 63 0 0 0 0 0 99 131 198 137 0 190 113 100 149 41 97 143 184 155 0 5 28 40 187 0 163 69 189 171 184 159 0 174 0 0 38 171 75 15 1 53 36 53 151 0 
0 165 37 169 10 0 0 84 140 48 9 0 79 116 52 157 173 60 0 0 0 33 127 192 0 0 25 127 0 84 0 0 0 0 47 107 6 55 0 23 0 35 111 133 162 58 67 180 186 21 190 99 186 83 38 104 0 4 186 180 113 101 131 0 151 0 0 140 78 122 154 171 0 79 8 172 61 185 61 170 0 0 0 194 95 65 69 151 164 0 107 0 119 0 103 0 87 181 0 0 
0 32 32 0 0 146 145 0 33 0 102 0 89 172 169 18 12 0 130 54 53 35 90 117 94 105 129 182 135 24 0 116 0 101 37 64 38 0 0 101 103 196 11 86 142 131 35 0 132 190 0 7 0 0 3 0 173 38 179 163 187 0 156 0 0 0 149 53 0 168 73 92 92 135 141 156 135 143 36 187 37 0 110 0 0 161 0 52 118 42 42 197 23 169 130 0 0 0 79 180 
181 197 143 187 135 61 25 46 48 108 166 134 0 133 121 81 82 10 159 0 48 98 0 69 10 172 0 175 111 113 0 4 57 4 26 111 0 0 37 51 4 123 194 169 11 157 0 87 195 41 54 63 127 81 133 78 187 0 167 72 33 21 169 181 169 61 195 0 35 95 157 89 199 196 190 153 59 97 131 0 136 75 0 140 166 132 137 3 0 79 89 72 30 138 121 196 6 59 2 70 
173 122 0 0 0 10 41 158 0 35 67 50 49 95 170 25 44 188 25 0 105 91 91 88 140 130 0 0 128 125 171 121 0 97 0 0 21 152 122 180 88 62 9 84 123 53 86 81 176 66 177 0 0 168 0 5 149 15 42 39 136 153 104 162 0 98 8 196 61 34 0 40 0 139 101 50 30 52 0 135 20 0 169 0 0 27 167 1 124 86 185 0 194 175 20 113 188 176 138 196 
109 0 140 0 0 137 89 0 119 0 86 194 165 64 0 169 88 20 99 0 175 28 178 0 0 6 112 22 54 36 136 1 151 165 116 0 192 68 0 95 52 46 0 151 0 167 78 53 176 13 73 136 138 0 126 123 0 183 34 0 172 21 158 113 166 135 63 0 183 75 52 193 137 180 147 0 50 52 104 28 0 149 58 68 0 105 145 180 70 159 33 87 148 91 83 67 13 188 119 139 
29 186 71 11 168 38 173 51 151 83 56 169 127 0 65 126 31 106 164 77 84 0 172 67 192 0 191 121 124 7 0 0 106 190 159 2 9 44 59 0 140 96 176 185 0 196 85 0 92 145 121 174 0 0 151 76 70 193 4 66 15 156 19 0 45 184 15 118 46 0 36 184 22 198 0 32 38 0 35 146 187 190 0 176 82 0 170 0 194 128 183 150 64 47 0 147 71 0 192 187 
0 127 25 117 12 186 0 109 0 143 169 0 0 121 0 103 0 100 145 91 0 151 174 60 0 0 0 0 125 183 114 45 69 103 62 168 118 162 97 197 66 54 22 96 0 102 189 28 31 171 55 42 0 188 116 100 105 26 185 128 0 92 10 108 156 0 4 35 88 54 87 44 32 0 171 0 0 0 118 161 125 167 0 166 40 181 0 119 189 47 20 34 0 31 0 0 0 31 47 66 
26 121 145 154 171 5 182 45 131 192 113 104 10 185 102 108 93 30 0 148 33 0 61 33 60 141 94 71 128 40 0 159 188 60 0 0 17 143 0 4 60 86 62 190 80 154 138 0 62 0 92 146 76 181 119 44 166 149 0 135 82 84 157 126 80 91 0 106 9 3 0 0 49 152 185 114 131 71 181 47 186 173 71 0 21 177 118 0 105 0 114 166 0 0 0 109 31 65 47 146 
0 0 0 137 73 173 90 27 26 27 56 0 5 191 0 93 0 48 153 81 78 10 85 50 56 102 0 34 34 99 24 159 109 149 126 0 0 148 162 104 18 0 193 23 0 81 157 6 17 75 149 0 104 0 0 135 59 0 0 76 101 54 158 4 184 62 129 28 58 154 173 33 128 148 160 156 179 0 156 0 43 163 55 147 178 0 117 195 0 0 142 119 32 11 74 65 47 136 71 56 
78 56 92 3 0 111 90 111 37 98 61 185 153 0 7 145 189 0 49 148 155 0 76 194 66 129 83 0 142 65 91 89 0 129 125 51 15 172 0 27 97 154 164 183 30 0 11 156 0 37 57 70 12 120 29 179 75 34 172 31 0 25 197 131 152 165 110 152 18 116 100 0 68 0 179 107 43 105 0 65 0 0 13 0 0 92 63 163 7 0 0 28 163 0 26 188 30 136 39 32 
85 135 107 15 10 0 0 146 42 95 0 103 174 155 93 158 0 32 73 65 106 37 160 31 87 33 22 94 0 69 80 152 135 56 190 42 122 188 0 188 141 25 130 49 116 79 0 165 189 73 50 136 135 22 78 187 129 0 68 141 101 97 13 189 35 147 57 158 0 91 92 59 0 182 149 0 185 3 57 136 150 0 173 165 0 81 0 0 0 97 0 151 102 15 107 0 81 14 81 98 
114 117 6 182 180 171 121 49 79 67 115 153 6 0 100 185 107 70 143 182 160 152 0 129 0 48 35 112 42 11 0 149 53 181 82 58 0 55 0 24 53 102 180 101 0 82 196 75 155 55 0 108 27 90 115 129 11 26 58 146 95 98 0 1 40 153 0 3 0 152 3 189 0 170 48 77 42 185 168 74 36 71 157 0 0 73 0 110 106 139 174 0 98 0 0 146 132 38 0 167 
168 194 7 171 160 16 0 138 0 24 0 172 68 180 148 163 145 195 147 96 0 152 0 85 86 142 143 155 61 8 138 0 163 104 0 6 177 1 63 44 130 199 165 0 180 0 2 165 78 22 0 0 0 29 159 196 82 0 51 1 151 0 173 87 143 19 150 24 116 54 0 20 71 81 146 0 194 54 105 91 32 189 199 185 0 3 97 133 121 176 0 97 0 164 0 42 167 48 111 34 
22 0 127 29 1 92 48 120 13 60 0 0 42 8 37 0 2 8 180 16 74 87 180 37 7 51 0 31 80 131 66 0 126 20 131 29 89 165 0 165 187 45 93 0 56 120 185 68 180 109 19 62 153 101 0 105 158 5 26 141 190 155 103 135 0 53 62 26 94 0 194 53 42 84 107 0 0 0 0 32 0 0 117 70 121 120 48 72 21 0 0 78 37 0 0 84 52 0 90 122 
0 0 0 5 147 22 74 177 150 46 148 96 119 0 14 16 33 185 27 36 112 0 28 167 97 186 108 16 161 175 63 178 192 11 23 196 194 0 64 0 0 174 134 84 141 184 0 111 0 50 99 121 39 176 144 162 88 144 0 88 125 5 32 36 58 123 0 107 0 0 0 135 83 135 62 0 81 167 71 0 106 0 168 0 81 48 67 6 74 0 0 74 127 129 0 91 0 0 31 166 
150 16 198 0 7 0 89 53 0 0 77 0 48 34 183 110 84 0 162 42 23 67 168 42 175 42 105 10 138 30 157 81 171 72 110 79 92 120 50 90 115 66 71 159 6 142 99 146 101 143 0 63 13 171 78 0 177 71 0 11 37 199 0 0 66 0 143 131 100 181 69 197 0 45 0 33 187 0 171 59 55 29 132 0 0 77 0 156 193 14 179 3 106 49 0 0 173 164 174 136 
0 97 74 95 20 170 0 149 42 142 62 192 49 0 174 108 144 183 111 30 105 0 127 183 183 60 40 58 4 117 119 56 0 0 103 80 108 0 74 59 65 194 147 93 50 182 81 144 0 112 0 198 105 64 54 0 71 84 139 162 155 193 134 42 151 0 133 0 0 0 153 114 156 122 0 0 5 11 9 189 147 186 156 19 172 67 78 176 127 25 73 0 0 81 67 83 0 167 88 85 
143 119 93 111 0 143 145 0 165 0 102 76 0 0 0 26 157 0 6 34 76 182 178 0 66 0 0 0 121 0 0 101 0 36 127 66 161 0 49 0 0 72 122 132 154 184 176 35 4 77 113 183 32 0 0 0 3 53 17 50 56 52 0 196 60 57 0 75 55 0 184 0 0 66 0 182 101 196 103 0 106 146 138 0 186 0 59 29 175 0 3 23 158 34 62 35 185 0 143 115 
69 118 3 85 140 11 171 0 184 149 0 182 89 11 0 12 56 17 105 195 0 116 112 0 64 85 129 0 154 110 167 98 0 7 20 89 191 118 150 15 22 73 170 0 151 25 26 49 0 176 3 69 68 27 0 121 55 38 37 159 130 0 0 0 180 196 48 158 0 170 179 171 171 162 0 0 75 128 7 17 120 165 143 126 181 138 173 16 13 169 0 173 35 129 143 133 97 117 0 20 
36 139 48 0 0 148 144 120 82 63 24 1 0 0 0 0 162 33 157 196 120 0 179 175 0 143 199 62 0 9 33 37 159 0 184 49 107 87 107 0 87 126 85 0 115 0 62 54 0 0 60 8 151 0 170 0 96 72 33 85 0 164 76 174 129 185 30 37 145 193 156 78 69 99 169 113 196 166 81 0 12 17 137 15 0 134 169 56 0 130 24 42 0 73 191 120 195 130 54 0 
