1
90
0 0 153 121 62 70 65 14 93 169 111 58 36 99 35 0 167 73 85 93 134 1 0 93 70 35 86 0 84 0 94 84 14 155 81 13 171 74 31 95 72 151 158 111 86 0 0 153 1 0 104 115 5 11 1 42 0 0 141 154 155 179 149 14 179 166 80 1 14 35 72 129 129 1 29 100 12 161 2 139 109 116 92 153 100 68 123 1 0 70 
154 0 133 114 123 11 1 0 23 1 101 139 131 17 57 18 19 87 0 58 173 19 139 142 165 87 0 146 1 178 128 107 168 56 25 154 164 106 1 78 1 179 1 1 54 142 167 133 135 94 160 65 36 53 65 122 110 3 20 112 112 28 20 42 171 151 1 52 64 19 128 113 28 0 90 136 116 0 88 156 0 150 131 79 87 89 20 1 59 48 
0 1 0 114 83 86 78 1 101 4 5 69 104 1 0 0 158 27 86 80 58 159 136 72 170 17 1 1 1 145 69 89 37 49 1 99 1 96 77 110 172 1 113 0 0 0 0 108 15 131 0 14 124 127 108 2 114 88 120 0 99 150 174 60 170 1 145 1 142 17 0 1 101 113 30 57 63 61 0 79 28 0 1 145 96 143 31 20 87 82 
0 0 170 0 153 38 0 50 101 95 0 0 123 64 104 125 141 105 125 164 85 103 144 1 114 44 40 178 1 0 90 39 158 51 0 35 1 17 1 166 47 176 0 56 26 128 100 1 173 0 165 0 1 0 111 93 14 1 136 174 60 1 0 111 59 159 171 47 55 1 22 130 171 19 44 64 55 6 174 100 118 171 79 144 56 2 0 119 22 99 
65 71 81 85 0 0 0 76 35 21 1 72 93 148 70 4 60 45 50 169 173 159 0 79 101 15 1 87 40 154 16 1 98 141 1 64 0 139 13 44 116 5 1 102 60 157 169 152 1 66 131 0 122 118 112 29 156 119 38 111 99 0 66 116 86 165 79 47 64 0 1 46 142 0 120 17 90 82 53 117 168 174 157 0 29 69 163 0 68 80 
153 58 3 156 33 0 69 31 102 118 0 128 53 77 149 0 1 0 145 79 1 1 14 89 1 76 56 3 146 91 130 121 1 32 1 175 54 140 130 25 22 0 138 174 0 81 0 0 168 1 0 23 0 24 0 1 1 23 152 1 45 3 71 174 173 166 136 102 52 14 80 98 7 16 156 111 41 75 50 11 134 34 56 1 0 1 132 63 111 75 
70 71 176 0 149 1 0 75 121 28 0 1 157 64 51 171 114 59 134 1 20 112 53 99 26 1 1 82 179 131 20 1 119 0 59 90 124 177 1 1 1 113 110 108 0 77 0 135 126 64 175 46 101 62 172 61 14 1 110 70 149 175 0 1 21 1 69 105 43 1 12 0 80 142 0 0 48 1 173 99 34 37 151 3 65 0 14 139 0 8 
0 24 35 59 131 155 1 0 11 1 177 40 165 163 157 14 164 1 119 25 0 1 167 146 59 50 70 64 1 96 97 7 38 51 165 0 5 0 1 30 132 24 54 1 0 79 111 165 13 50 136 129 92 27 1 0 91 57 87 112 59 105 102 152 112 144 0 61 44 0 160 63 1 1 162 0 1 50 157 148 11 0 21 148 15 0 150 65 1 137 
15 12 97 1 150 2 64 14 0 55 105 0 82 104 86 1 0 124 0 137 122 122 30 0 124 0 99 1 103 133 124 170 126 89 0 19 140 1 39 127 86 34 1 1 105 1 178 1 133 44 94 36 0 1 79 50 12 21 19 175 118 46 16 60 1 65 9 1 58 172 0 121 145 0 93 129 98 41 1 93 175 1 8 155 41 98 107 76 25 45 
113 100 19 44 85 90 0 126 19 0 128 134 14 72 48 94 33 98 29 6 69 0 35 3 173 162 44 159 19 169 158 78 118 141 46 15 0 34 164 155 67 158 1 173 78 145 154 39 49 95 156 92 57 157 119 95 0 35 123 143 90 0 131 165 16 115 0 0 21 75 142 0 43 91 1 24 45 162 73 30 1 52 73 66 0 78 49 172 42 68 
33 22 16 85 162 120 167 0 15 100 0 123 16 1 76 179 167 172 0 0 14 1 16 61 157 162 72 1 0 42 64 0 179 93 97 63 33 171 155 1 87 101 87 64 43 1 153 52 22 0 0 0 57 128 10 26 1 19 169 179 1 149 31 0 1 1 113 44 176 54 68 1 1 0 140 1 97 170 63 0 8 115 165 109 125 91 120 179 2 68 
7 0 157 0 0 0 1 17 164 1 153 0 78 58 16 149 125 131 28 121 0 134 66 2 0 100 156 162 98 17 79 100 0 1 96 111 39 17 18 1 114 0 168 108 0 1 124 59 1 68 128 150 157 15 59 68 163 28 179 43 50 76 0 161 156 45 0 125 175 138 150 20 1 95 134 21 1 0 152 113 162 0 2 69 68 97 1 129 61 178 
126 130 0 0 1 0 38 100 144 29 1 157 0 108 59 1 157 134 64 31 25 162 0 140 76 81 0 81 124 135 0 136 40 97 174 1 145 141 117 0 65 168 95 107 1 0 0 149 0 173 72 161 72 64 150 78 0 96 0 114 44 2 0 128 0 120 55 108 1 10 0 60 36 32 4 116 118 40 1 77 99 0 1 128 103 53 35 0 152 105 
54 1 165 83 137 133 1 1 142 40 79 120 19 0 1 102 31 13 67 115 0 81 144 124 112 0 0 167 149 131 123 147 146 69 52 110 1 86 75 117 0 101 178 123 117 0 1 176 150 96 0 107 34 1 77 75 165 12 1 1 33 174 148 0 0 148 118 61 33 26 66 75 97 54 116 23 1 35 0 116 9 155 142 67 125 1 77 170 20 60 
166 58 40 0 1 44 33 119 1 1 40 158 29 141 0 0 43 152 8 63 1 1 82 72 42 173 164 151 90 55 5 105 1 49 123 0 0 79 43 1 22 62 42 61 120 119 173 89 16 135 128 0 58 67 8 56 53 1 50 157 1 84 15 11 107 69 28 74 18 1 150 1 101 54 159 0 130 38 150 25 68 88 11 108 160 114 103 120 171 93 
144 145 0 38 75 22 68 0 110 129 112 68 90 102 1 0 1 143 0 139 1 106 0 47 23 66 17 76 143 70 101 146 0 1 111 1 35 1 75 43 0 117 44 135 13 80 140 144 146 0 71 177 1 81 20 86 55 1 149 74 149 1 71 51 73 0 65 141 73 155 32 9 83 96 127 131 104 178 109 1 141 1 167 169 122 121 167 164 142 0 
22 97 165 130 141 89 6 16 131 0 172 13 54 91 115 54 0 68 1 1 153 1 20 1 136 166 113 0 162 0 164 0 1 119 143 131 35 1 43 153 0 78 76 8 22 6 32 137 0 69 56 50 106 71 99 169 128 110 127 52 1 34 0 110 56 126 15 63 7 58 101 126 163 1 66 52 18 37 95 141 136 122 65 111 1 56 38 35 1 1 
176 1 51 41 88 121 50 0 0 160 48 82 166 89 1 43 0 0 0 179 0 116 1 63 93 57 154 0 1 54 46 7 92 39 1 0 0 31 107 124 160 146 146 128 50 151 99 76 13 1 62 90 40 0 136 174 1 62 77 138 0 0 87 141 97 177 179 126 94 1 34 68 95 1 38 1 0 1 95 73 69 111 62 92 31 138 64 0 1 79 
1 1 38 47 54 100 27 93 68 1 52 75 16 1 66 87 157 164 0 84 164 0 147 45 168 54 8 10 0 1 17 9 134 0 152 108 169 55 124 110 0 1 158 147 76 149 149 133 0 63 1 1 0 73 1 99 39 158 53 1 11 71 160 93 0 71 0 157 56 177 117 79 137 19 40 13 34 0 178 100 103 66 69 1 88 60 64 89 175 0 
76 79 102 161 153 166 1 165 16 133 0 0 129 1 1 127 30 103 159 0 0 73 1 1 164 0 11 0 123 151 143 128 171 52 179 52 71 167 1 31 132 155 164 16 143 165 52 38 160 162 1 77 62 126 1 54 76 1 108 0 39 1 47 1 18 78 1 83 169 173 13 53 1 65 28 55 38 64 147 170 27 1 58 8 1 161 0 0 107 168 
151 34 104 40 0 112 44 89 1 18 92 0 137 27 99 167 96 153 114 1 0 166 0 136 123 32 57 105 168 129 1 1 0 1 83 103 98 17 128 138 97 0 148 27 1 1 1 47 1 1 142 103 0 1 1 0 1 1 120 43 0 62 163 119 121 147 174 94 113 1 122 100 95 0 0 1 0 54 1 1 74 2 1 80 73 1 129 104 112 100 
158 37 34 162 95 29 66 98 1 9 68 66 98 89 74 0 74 88 146 59 0 0 0 176 77 16 29 125 0 43 0 91 131 168 34 34 0 22 1 5 107 147 0 158 36 53 1 128 132 60 118 0 10 0 110 43 113 44 43 107 1 62 0 0 0 1 101 139 7 34 138 156 0 0 57 33 75 0 1 0 12 76 6 65 118 99 63 43 94 27 
102 103 0 0 58 1 146 177 90 1 32 35 45 7 122 154 7 29 1 88 1 86 0 6 145 62 161 98 28 1 95 0 52 1 69 18 1 140 62 15 83 169 79 149 0 1 91 1 82 0 104 9 63 141 129 88 72 129 167 37 30 115 127 124 32 135 145 88 50 1 1 146 9 161 7 35 132 1 6 111 14 88 48 162 17 1 46 0 9 68 
1 167 77 82 1 0 17 142 44 45 1 1 0 1 86 164 118 30 1 100 127 0 25 0 174 121 43 6 79 70 75 132 41 86 1 0 51 0 98 0 6 68 110 93 87 108 1 90 1 1 119 73 153 69 64 165 144 0 149 0 44 45 0 10 100 142 138 7 1 114 161 1 39 1 22 0 134 0 2 105 145 87 4 91 165 1 98 25 158 150 
0 1 146 11 44 128 144 91 152 145 1 33 113 1 122 86 136 0 0 1 93 1 65 0 0 113 84 179 7 0 1 146 117 76 1 92 141 66 0 67 1 146 0 113 158 1 139 166 69 31 112 82 79 47 0 71 145 114 144 162 0 0 64 31 0 151 91 12 117 4 65 15 130 0 144 94 109 77 1 93 6 141 1 0 52 1 88 26 0 172 
114 132 128 1 4 1 168 1 127 109 86 0 150 59 1 147 92 1 0 90 0 4 171 13 41 0 10 1 86 67 0 52 17 169 86 14 12 70 45 50 94 151 149 116 62 141 0 97 15 1 0 60 66 169 173 172 96 1 65 0 2 106 45 1 0 156 53 0 124 47 14 116 32 0 33 157 95 111 19 0 0 1 0 126 173 148 83 20 0 60 
47 135 1 135 1 27 121 97 96 128 115 0 0 103 44 106 165 1 106 176 130 43 154 1 13 26 0 1 93 114 1 45 167 77 1 69 1 0 177 1 93 19 122 101 17 165 1 0 139 9 179 149 72 86 109 1 1 57 0 86 52 0 121 0 132 1 110 6 152 149 42 1 11 175 120 166 59 7 126 160 107 1 28 1 117 0 78 14 0 118 
31 99 109 0 44 1 1 59 155 31 44 47 23 167 88 179 60 5 68 13 0 41 1 97 72 5 1 0 111 94 150 0 1 79 0 134 110 45 73 67 65 1 1 161 131 93 1 61 131 80 53 43 105 132 98 1 63 75 98 89 0 1 133 96 1 9 149 39 92 153 179 156 147 19 3 142 0 95 0 105 23 101 7 26 110 31 1 0 1 0 
113 133 128 46 88 70 0 36 35 0 6 141 58 174 0 45 54 178 45 29 13 26 74 125 177 34 108 0 0 60 170 153 1 36 1 0 0 137 82 106 149 60 50 105 80 30 113 158 170 106 72 111 164 68 82 101 73 25 151 48 145 47 19 130 1 114 161 61 145 36 0 127 115 81 78 59 9 1 1 0 8 152 15 67 66 0 1 1 153 0 
7 51 42 1 1 1 0 1 0 51 43 155 1 137 82 80 100 0 130 74 13 105 54 88 93 36 100 85 0 0 1 0 49 153 69 170 137 8 1 1 4 1 114 41 163 67 67 6 150 72 70 171 15 0 103 0 118 1 1 90 138 94 171 21 117 98 1 158 0 78 0 42 1 145 91 118 21 0 1 62 1 26 161 116 109 122 115 125 70 44 
127 0 0 52 25 1 0 1 0 166 87 174 0 0 1 12 9 162 0 144 146 0 158 0 28 48 124 161 46 20 0 1 112 0 156 17 110 136 103 32 78 140 0 110 0 0 18 1 173 167 57 160 127 0 75 130 121 0 81 169 145 66 18 82 178 34 117 28 125 66 174 83 36 28 43 172 122 158 84 1 97 118 27 29 134 0 29 1 99 155 
159 118 8 32 175 1 173 1 108 24 3 156 160 57 28 44 77 50 146 6 57 169 157 1 54 100 146 1 0 45 132 0 139 77 142 178 141 141 0 28 0 136 16 26 86 1 0 155 0 149 45 71 48 1 34 151 74 1 0 39 5 1 164 1 131 155 140 74 19 151 0 38 125 87 1 1 171 170 179 1 1 168 133 60 38 36 79 55 118 0 
26 0 160 45 1 0 0 174 70 0 76 125 164 59 76 13 0 0 115 105 150 0 52 59 22 0 44 9 0 68 48 126 0 130 0 1 58 0 24 118 118 1 93 44 43 49 52 16 93 39 106 11 1 130 0 71 146 105 1 106 138 108 158 154 76 45 98 80 0 17 88 53 136 30 0 1 97 149 15 0 64 117 52 55 0 145 37 1 173 15 
0 44 75 168 0 167 1 87 69 0 1 100 130 28 80 0 1 1 96 0 45 51 9 40 19 1 53 25 77 82 123 56 0 0 0 66 75 0 146 43 12 14 153 1 47 1 125 178 1 82 62 77 29 83 144 97 79 90 103 0 0 106 1 0 151 51 149 65 158 0 74 93 57 129 149 60 54 46 117 172 126 143 110 151 1 116 95 0 82 1 
68 1 0 61 104 11 92 29 0 1 1 0 72 0 137 118 162 104 1 1 75 109 148 47 66 24 100 172 160 1 94 121 39 27 0 0 9 143 149 104 0 134 0 43 116 55 127 77 131 56 28 125 72 51 41 61 118 99 45 102 1 0 121 0 178 165 16 147 0 43 92 0 140 41 162 132 111 105 132 16 0 111 53 1 178 0 97 93 130 0 
141 49 132 129 93 33 65 27 0 113 126 122 1 1 98 1 1 145 35 154 177 24 144 83 66 91 58 54 26 46 44 25 18 158 1 0 97 114 31 1 165 45 20 0 108 135 145 158 156 128 132 43 138 5 61 0 94 45 57 145 114 65 8 115 15 165 0 167 1 172 47 174 87 1 142 125 0 42 0 44 5 55 37 146 90 85 41 1 63 1 
120 1 75 1 64 100 64 29 6 5 2 0 141 123 1 7 0 124 81 115 5 40 111 87 41 25 7 59 73 108 106 116 173 1 8 117 0 71 1 118 63 141 124 27 80 96 1 82 135 51 0 0 108 156 0 0 1 0 0 0 64 27 72 68 50 67 126 175 149 24 1 0 1 85 118 39 0 0 85 0 74 68 1 43 24 47 46 53 105 153 
118 143 131 73 0 114 116 118 1 14 15 63 3 47 83 6 22 1 126 93 9 106 1 159 15 63 1 110 87 64 52 39 72 170 110 0 138 0 126 0 107 54 137 118 21 69 1 144 1 109 47 59 99 161 0 0 17 0 164 78 124 101 53 176 172 34 42 1 123 64 36 0 1 1 96 50 10 1 77 93 2 77 139 1 1 0 152 1 109 73 
0 56 6 50 1 124 127 43 114 0 89 100 0 1 26 0 145 1 83 0 4 59 145 80 152 1 139 135 112 69 13 102 69 52 48 103 4 88 0 28 67 131 100 0 101 46 63 1 141 1 34 0 85 77 65 28 1 36 0 78 25 9 108 71 0 48 174 7 105 100 150 129 55 173 54 103 139 85 0 120 109 94 159 41 153 0 89 105 1 24 
85 179 69 0 97 30 44 120 0 1 130 144 76 38 71 95 72 36 20 54 1 117 1 161 50 136 34 63 80 151 173 1 85 45 138 114 154 107 120 0 3 0 175 1 124 0 121 166 98 72 173 65 0 83 87 62 105 178 20 125 84 141 1 48 0 123 1 71 0 0 0 76 107 26 82 162 76 102 98 130 14 56 1 0 25 1 108 22 48 12 
43 90 16 26 0 112 14 23 92 26 8 0 74 0 85 0 108 0 162 164 90 75 0 111 78 123 133 0 156 70 52 104 63 1 48 91 133 0 61 155 0 157 0 54 76 1 3 0 0 119 1 157 1 1 13 3 1 1 137 101 1 1 102 59 1 112 34 66 64 43 160 0 107 126 107 0 0 174 1 71 29 108 147 48 25 29 73 157 0 49 
0 148 1 0 1 63 86 54 88 174 38 45 120 137 19 39 67 154 144 1 82 32 47 78 81 85 0 24 1 0 112 125 88 1 100 159 106 178 24 170 142 0 72 0 119 166 0 11 175 1 106 1 136 1 25 0 133 57 8 64 148 71 57 1 49 132 146 16 105 153 94 153 49 101 45 22 175 112 93 128 151 17 157 68 70 154 50 6 23 1 
134 1 121 154 68 1 38 161 115 1 120 151 63 173 72 106 94 14 88 22 7 1 146 38 61 65 123 1 0 1 131 178 174 131 177 0 96 76 0 54 0 77 0 21 1 53 32 91 3 36 0 152 81 117 56 50 94 1 118 42 0 166 18 25 1 115 0 138 110 116 1 0 18 1 17 83 68 128 88 1 140 68 122 0 1 51 1 50 0 0 
104 159 84 0 85 153 33 151 1 121 30 0 84 137 151 165 0 0 29 0 1 6 128 36 28 77 28 101 108 32 0 9 1 47 114 0 64 57 24 27 1 16 110 0 49 138 102 175 33 160 1 0 111 46 1 88 88 125 3 0 1 174 99 0 1 66 0 109 94 0 1 177 0 137 1 47 8 122 152 1 54 0 169 12 143 1 178 172 154 173 
1 57 92 1 114 75 120 70 96 137 9 169 85 170 138 133 1 27 1 64 1 113 155 1 0 77 177 82 125 63 65 173 31 20 64 1 155 77 68 52 149 14 1 64 0 1 92 1 132 20 36 1 139 110 75 25 27 112 140 0 97 107 84 0 0 65 6 94 0 0 0 0 74 14 0 166 53 35 35 96 130 7 0 127 1 169 100 99 81 0 
0 26 179 0 37 1 52 159 12 0 70 67 8 176 37 1 0 30 38 37 139 92 114 44 81 167 7 59 0 142 0 129 23 0 46 0 48 60 173 8 1 170 0 55 89 0 83 15 123 0 51 176 149 167 155 39 20 1 148 155 18 0 67 138 150 135 1 53 1 3 174 136 99 40 0 76 108 57 81 132 30 1 1 0 0 156 28 78 1 48 
171 123 56 1 72 1 138 178 71 1 66 137 1 68 0 67 0 136 69 126 161 45 94 98 1 31 169 114 151 106 3 92 162 100 0 94 81 140 102 76 0 162 0 148 1 15 0 63 1 11 1 0 93 58 19 0 2 0 1 106 157 155 69 0 91 98 97 102 65 34 169 169 0 30 119 64 71 125 20 139 154 15 74 116 178 55 56 48 29 53 
170 157 68 89 78 128 76 1 134 179 119 155 22 10 102 0 0 1 1 31 1 104 0 0 1 92 59 0 48 22 1 0 73 1 8 156 110 18 11 1 100 162 132 36 1 75 27 0 58 112 1 119 0 18 135 158 157 82 1 1 171 142 108 179 27 120 87 12 1 66 148 26 0 1 156 0 1 170 130 152 84 141 132 27 107 142 61 53 42 1 
0 62 1 41 94 29 0 4 4 176 177 92 173 101 50 164 0 173 67 64 0 73 88 0 93 0 53 140 0 10 84 89 56 96 48 113 96 169 24 81 112 128 105 122 3 74 124 151 0 139 19 41 76 28 75 1 71 65 42 172 151 120 77 105 157 90 115 67 23 1 1 147 74 156 59 1 13 59 83 53 82 1 0 75 65 110 60 1 24 8 
71 78 157 0 44 85 66 153 5 18 149 1 166 80 0 50 160 67 143 0 157 0 167 0 81 89 155 24 142 44 1 123 66 66 85 23 25 172 98 115 156 1 151 161 27 140 1 34 104 0 90 172 1 110 13 7 13 136 64 155 47 133 31 158 1 127 80 1 134 0 123 149 54 128 172 0 1 0 10 72 40 20 132 145 11 1 30 18 145 161 
90 138 129 22 111 164 0 53 141 111 114 131 91 159 120 160 161 18 39 1 157 7 101 1 96 0 0 89 41 74 78 7 0 48 144 34 21 156 21 108 96 1 178 8 123 97 30 161 0 1 0 1 72 27 0 3 73 14 78 146 24 1 0 130 6 0 83 10 0 138 47 0 1 22 31 7 73 168 83 148 1 1 14 0 92 1 103 139 0 17 
85 2 119 147 86 133 97 0 148 0 13 1 100 167 23 93 0 0 135 171 86 1 6 68 33 0 7 138 90 45 111 165 19 151 85 11 97 20 17 162 119 136 18 28 1 32 1 95 171 136 59 0 71 130 1 174 110 56 167 120 157 14 164 0 123 159 0 20 0 58 24 61 44 36 1 20 118 48 89 86 26 177 161 174 122 20 162 0 1 77 
0 124 103 107 91 78 167 1 158 30 38 115 1 42 157 173 120 60 11 105 136 74 117 71 72 52 35 27 121 75 0 47 110 136 101 1 7 55 0 2 115 1 156 169 100 3 87 0 8 0 82 3 0 53 41 100 163 0 88 47 1 78 129 127 1 46 0 60 17 146 154 66 142 138 0 155 39 79 48 90 0 0 0 25 6 171 179 170 51 1 
27 153 174 77 1 130 51 149 87 106 133 54 38 21 71 176 170 1 79 172 163 52 40 1 97 163 129 164 1 1 126 0 39 63 0 51 0 88 0 0 1 1 1 55 38 73 132 177 0 124 15 9 1 0 46 0 55 35 171 0 78 0 83 171 131 1 1 4 30 73 97 0 78 169 0 102 53 0 81 154 170 0 123 178 97 1 9 142 53 50 
49 1 9 0 53 59 1 1 89 126 127 62 22 82 51 128 1 0 51 6 55 44 100 107 55 170 1 0 42 81 0 1 169 1 122 13 123 104 47 0 124 95 24 127 25 53 152 57 67 166 166 91 82 0 0 82 8 70 106 74 0 161 68 83 149 0 178 103 0 0 42 107 81 61 76 121 78 0 167 121 65 23 1 0 153 127 109 174 0 0 
144 113 1 23 5 38 19 0 0 11 153 74 76 162 82 161 172 53 82 30 0 169 1 92 142 1 20 143 154 19 88 173 26 152 119 68 175 85 0 104 135 111 155 139 78 170 28 26 13 24 0 75 160 10 95 0 177 52 0 142 101 0 109 64 120 5 145 143 98 6 75 146 27 163 107 69 80 0 98 34 68 1 53 168 173 0 148 47 124 125 
0 1 0 39 158 131 126 173 64 1 127 12 48 77 24 1 119 175 41 152 24 156 0 7 65 0 0 42 62 76 13 14 163 34 1 176 159 124 111 87 101 161 22 41 92 22 144 78 48 110 116 177 53 45 167 160 0 92 25 160 9 146 0 0 1 1 114 99 0 66 66 117 0 121 125 140 0 156 20 107 87 29 77 76 70 1 26 57 155 23 
18 78 91 126 0 1 17 24 86 160 1 167 77 144 1 0 33 6 171 9 1 11 47 1 20 1 83 1 80 1 6 147 43 0 169 72 151 146 112 32 99 0 35 0 24 133 0 1 41 0 136 24 25 0 165 137 84 0 48 0 0 22 155 1 118 94 54 142 176 0 1 0 72 87 1 106 139 123 3 68 0 109 145 1 0 0 144 45 100 173 
79 124 28 116 35 52 1 5 90 91 69 128 13 138 0 1 51 1 76 130 28 19 1 79 50 20 142 0 99 13 0 74 163 85 60 134 75 66 1 53 38 135 0 1 26 57 171 156 106 0 110 24 67 51 94 130 1 27 0 2 65 116 154 43 1 179 106 0 79 64 14 108 1 0 0 0 55 165 65 1 159 72 40 0 1 41 141 1 165 63 
45 125 0 39 31 120 94 152 172 0 52 1 65 84 14 0 85 0 129 0 84 125 0 108 0 103 42 89 2 1 163 164 1 16 0 109 77 83 0 114 177 1 1 111 82 147 1 68 116 176 0 94 105 118 40 33 0 0 1 0 100 149 117 1 70 1 96 27 177 1 0 124 37 40 140 0 69 137 26 0 166 1 1 1 27 84 1 169 76 0 
0 56 0 113 155 179 116 142 53 144 0 82 172 125 7 0 135 170 1 175 15 73 93 102 127 93 77 161 127 31 27 126 1 107 9 74 83 173 1 49 173 154 7 166 78 174 40 0 1 50 58 0 8 0 171 83 16 44 96 80 0 2 179 0 160 124 60 86 1 49 100 127 80 0 0 1 1 139 0 63 1 92 1 45 55 69 66 0 141 167 
48 10 1 136 1 2 123 0 136 68 110 132 1 73 162 15 13 0 77 162 115 42 1 43 140 116 6 158 148 115 169 162 20 126 133 1 106 84 48 69 1 1 141 78 0 93 0 177 172 1 1 70 0 16 137 47 99 44 17 39 179 0 161 41 121 171 153 1 132 0 83 0 1 24 134 72 1 166 175 94 21 78 49 112 9 1 160 171 59 77 
148 88 55 72 179 45 115 157 86 20 71 108 115 100 65 141 71 99 121 93 141 1 149 125 30 131 110 39 69 47 30 68 47 1 159 69 3 136 26 21 0 160 0 0 0 102 71 46 131 0 67 1 110 90 11 43 81 103 41 124 139 1 0 153 49 61 53 174 151 1 43 123 70 1 16 138 0 157 121 0 0 138 95 1 25 143 63 133 110 123 
30 131 65 1 0 160 170 0 71 1 39 143 1 125 80 144 93 85 137 46 158 78 173 13 174 0 107 118 100 0 68 74 42 157 1 20 160 4 49 1 59 35 20 47 64 136 107 82 46 65 85 90 151 0 51 0 162 66 146 72 119 110 0 0 110 107 116 161 1 0 0 91 35 1 129 63 158 72 145 174 60 48 0 15 18 1 135 36 65 23 
42 0 93 105 147 35 0 78 176 24 74 0 15 1 26 37 39 100 113 30 161 17 108 77 59 0 134 37 0 122 77 146 129 27 88 175 106 153 128 92 88 179 1 129 122 38 115 0 0 108 35 128 36 1 101 20 96 0 2 19 110 98 150 65 0 178 107 174 0 40 122 1 61 142 0 0 26 170 170 96 99 1 75 158 98 86 33 81 50 99 
1 175 85 2 88 135 0 91 105 0 143 133 88 63 55 99 42 141 169 120 166 34 106 132 163 99 151 63 65 1 56 78 14 145 132 79 0 5 90 0 1 81 0 67 1 90 42 26 0 0 0 48 92 0 68 68 95 1 66 109 4 165 42 171 57 0 174 29 32 1 0 145 16 50 130 1 119 98 164 11 176 0 93 66 84 31 1 62 68 151 
18 10 1 81 22 8 12 59 93 16 92 0 0 65 1 111 129 137 46 56 145 71 142 15 1 130 0 74 1 0 0 160 17 1 40 101 119 125 0 75 0 1 172 94 113 0 0 176 61 0 162 156 0 175 25 0 78 154 123 33 1 144 177 51 94 7 0 140 1 14 2 16 19 74 131 131 0 42 124 156 10 13 141 132 35 93 1 66 13 73 
84 173 0 59 70 167 63 81 54 73 36 125 65 49 1 23 133 7 91 130 105 58 1 128 142 0 172 17 14 160 147 130 14 1 0 84 176 15 168 55 1 70 157 0 12 153 14 54 25 24 1 1 93 0 0 50 94 100 1 65 1 153 50 1 123 105 5 0 1 36 8 0 18 143 52 13 16 35 66 0 65 174 160 52 26 10 0 130 101 123 
3 61 95 11 144 60 1 169 44 1 59 158 81 83 50 18 1 16 62 0 51 56 11 17 109 45 153 32 93 152 150 1 76 0 53 135 6 114 77 108 39 50 0 1 1 127 29 100 69 68 169 8 170 166 111 40 147 0 155 0 87 52 136 62 1 127 0 0 0 45 118 154 0 58 160 0 125 96 0 95 0 47 29 0 75 1 1 19 0 122 
0 151 138 110 150 131 0 66 92 8 0 110 126 170 7 30 86 120 79 1 159 1 132 1 156 0 45 95 0 171 1 148 23 0 51 124 0 25 17 10 153 160 64 0 104 0 0 58 102 0 1 77 153 171 132 106 0 158 163 79 30 84 1 52 107 173 0 140 47 0 133 42 155 21 44 51 0 160 145 53 91 1 37 0 100 57 120 122 115 151 
170 93 0 1 73 1 1 162 53 11 95 79 138 90 174 144 71 158 172 47 90 127 0 1 75 87 45 122 28 82 64 130 157 1 100 99 163 37 0 144 1 82 153 151 113 38 79 170 172 73 33 4 1 143 1 2 117 125 30 0 125 37 144 62 1 104 35 129 0 44 0 0 123 76 108 66 0 160 132 139 64 99 0 174 166 179 0 85 145 1 
175 105 0 2 0 62 77 78 120 178 105 96 67 108 0 119 1 0 26 163 25 49 17 27 89 128 103 42 1 0 71 99 11 87 174 157 1 169 66 55 56 56 73 5 26 136 47 41 114 104 173 167 0 71 22 17 1 149 99 142 1 68 1 163 1 120 118 26 83 122 156 0 121 38 1 26 30 124 139 21 46 1 88 98 125 5 13 3 91 0 
28 1 165 150 18 163 31 170 0 47 30 167 142 92 161 1 41 171 110 157 146 113 168 0 142 0 28 159 0 1 2 0 175 0 11 0 26 48 84 1 130 99 58 90 18 68 68 4 99 102 0 116 80 131 99 80 166 124 1 92 135 15 158 96 83 0 61 58 25 84 120 1 0 1 41 46 49 133 90 1 111 20 49 163 23 46 22 125 0 0 
89 168 25 153 22 39 30 0 18 115 1 121 61 100 18 125 1 170 76 138 96 18 20 50 6 148 145 62 16 88 93 16 10 123 93 134 178 64 72 140 1 2 154 0 0 121 99 138 1 9 56 17 26 0 93 1 0 1 106 172 162 49 47 121 145 171 25 175 0 21 1 46 1 0 66 108 60 14 72 60 1 82 57 28 12 175 1 65 29 1 
83 90 1 94 4 58 175 179 85 147 38 36 121 148 154 175 84 81 35 0 170 177 121 160 0 99 0 1 0 148 113 63 79 0 37 85 34 174 171 123 1 115 12 159 10 162 53 179 39 50 122 48 169 165 169 0 10 157 4 177 36 60 86 142 58 1 66 63 92 44 19 85 25 163 0 127 0 29 1 98 166 177 1 113 0 21 29 13 161 63 
153 0 1 0 44 136 1 168 8 12 38 68 0 169 38 26 0 177 79 0 1 65 2 3 153 106 121 0 113 62 140 1 0 113 82 109 113 129 107 17 104 43 134 67 44 57 162 162 28 54 47 123 1 64 147 178 35 148 126 1 0 1 172 21 61 1 1 1 148 109 168 26 137 1 0 0 29 1 159 122 98 25 166 64 86 0 149 168 1 124 
0 141 131 39 43 172 0 27 36 65 96 1 10 168 34 118 0 98 175 0 65 75 1 124 0 39 0 0 127 45 42 166 0 3 76 145 96 87 1 66 72 14 0 80 127 0 76 76 120 90 0 150 135 0 1 161 35 98 34 0 33 115 0 81 163 134 53 0 152 0 132 157 40 153 59 1 0 22 109 126 84 64 118 37 32 0 146 163 0 38 
139 134 1 1 161 49 22 86 74 34 1 143 23 27 0 0 1 0 0 1 1 59 117 83 0 1 1 1 1 112 0 71 116 1 4 0 1 103 166 21 173 0 122 129 1 39 136 1 0 120 135 39 78 169 172 160 84 157 0 0 1 170 67 84 73 14 73 14 17 133 175 15 150 91 6 92 109 0 13 177 102 37 0 57 1 113 13 0 124 78 
133 167 56 73 160 103 0 137 51 173 88 83 110 164 68 1 111 105 3 158 3 156 119 133 1 1 56 76 100 151 11 97 45 44 1 19 60 147 161 1 153 93 90 79 140 80 0 176 106 59 70 21 0 110 0 97 1 113 99 140 34 80 0 164 62 0 0 59 126 40 20 158 66 133 52 96 1 1 0 0 1 59 0 155 136 84 0 74 0 119 
22 37 29 96 36 55 1 144 74 0 100 82 74 115 165 45 150 128 171 0 1 0 171 136 90 71 121 38 0 94 0 85 106 139 146 97 169 1 90 146 101 135 172 39 42 41 70 1 50 1 47 119 133 143 122 38 2 65 65 11 162 47 173 0 127 58 1 53 66 14 1 1 14 112 142 0 107 56 158 0 1 12 23 0 171 81 17 88 17 174 
139 62 0 0 87 0 83 102 0 74 12 1 21 132 1 0 84 58 10 35 145 78 0 109 167 16 169 87 70 0 1 0 179 79 6 40 171 160 165 148 118 10 66 39 179 116 0 12 0 1 1 116 1 7 42 0 2 1 93 1 126 78 120 1 21 0 116 77 171 1 127 167 43 1 0 128 95 78 96 1 0 22 1 3 23 1 86 143 78 151 
46 60 0 76 49 84 151 81 177 1 32 176 54 47 34 142 41 2 17 24 98 136 71 1 42 27 139 1 101 1 20 70 105 1 146 93 86 0 55 134 105 123 0 20 160 71 154 0 168 137 86 30 0 101 54 168 1 148 160 83 142 37 23 1 1 77 1 158 93 0 82 72 116 154 0 87 1 0 6 34 97 0 4 132 0 66 0 22 151 148 
136 0 6 78 13 36 11 78 144 89 111 113 0 107 13 11 166 9 148 94 1 176 0 136 1 2 156 171 132 155 145 1 128 68 0 97 145 90 95 1 1 88 0 14 111 131 134 56 1 165 0 0 1 160 2 43 0 41 27 48 0 86 73 102 115 2 1 1 0 0 0 68 1 79 161 1 1 62 10 110 31 76 0 169 113 46 156 1 26 0 
1 130 160 1 3 171 60 1 176 19 0 144 38 0 172 56 33 132 6 111 0 114 12 47 0 107 57 67 20 92 78 53 166 1 2 36 144 125 59 150 29 57 47 173 29 179 1 0 19 100 117 124 9 33 0 0 123 0 94 78 69 176 169 1 20 20 0 106 143 68 163 126 18 90 0 0 0 1 102 9 1 14 59 0 94 0 28 164 59 9 
1 0 72 0 103 66 172 128 19 3 174 101 176 5 98 55 16 170 1 153 64 42 1 62 1 60 114 75 32 56 48 13 105 0 148 11 95 1 1 78 0 1 162 0 97 7 160 169 48 161 1 1 0 0 97 51 0 97 104 76 13 166 171 136 154 0 19 16 129 125 15 113 60 20 141 19 27 25 49 31 106 7 1 166 0 72 0 173 1 45 
1 82 90 104 122 0 134 1 0 1 175 0 31 99 6 63 70 7 132 103 155 1 164 0 1 151 105 0 24 83 8 1 130 55 158 1 0 175 71 73 19 151 160 1 96 1 75 77 96 94 73 69 148 35 72 89 135 135 147 0 40 17 98 34 134 60 0 106 0 59 20 147 25 117 0 121 90 56 0 19 149 152 1 124 27 0 169 60 36 147 
90 47 15 18 93 0 0 112 94 124 134 91 153 164 39 36 70 167 144 0 0 0 1 0 115 14 84 1 71 68 100 9 50 135 94 42 1 76 135 111 146 0 121 151 104 29 171 0 179 1 175 66 91 64 42 93 93 102 0 0 1 44 1 102 118 1 109 1 27 58 54 26 0 0 1 74 90 110 131 103 102 179 120 137 0 1 0 2 107 117 
151 0 1 1 0 22 34 20 1 175 8 122 1 178 154 14 0 63 1 1 1 0 65 103 0 54 167 129 1 63 164 5 122 109 100 1 41 1 53 29 179 0 0 142 1 0 149 134 105 127 74 0 119 66 1 1 173 126 41 153 32 157 0 80 169 1 175 147 58 28 42 163 1 110 1 177 34 16 22 60 144 140 26 42 22 71 0 0 1 25 
95 72 79 104 25 12 37 167 73 62 22 145 1 0 134 42 63 98 152 75 7 1 18 45 6 12 1 49 119 0 68 118 28 84 65 0 63 16 93 107 115 69 123 0 0 93 11 166 67 0 122 172 117 1 0 143 98 147 68 49 0 0 73 114 92 6 132 106 168 38 36 72 154 85 81 136 136 37 59 134 26 1 116 25 171 111 144 89 0 133 
0 106 30 108 164 122 23 61 83 166 0 1 163 103 1 77 1 127 1 1 1 0 67 145 137 146 0 58 8 164 114 30 50 123 80 143 2 82 1 0 1 176 179 86 115 0 83 18 88 12 16 1 0 149 121 88 0 0 67 99 172 0 165 137 0 160 125 139 76 0 45 113 124 154 112 9 0 71 0 0 83 52 158 1 71 0 0 89 1 0 
