1
50
0 85 85 1 1 2 77 86 97 30 0 1 24 1 0 81 21 1 6 0 44 2 92 0 0 48 0 84 19 80 81 2 80 38 42 15 0 24 97 95 1 59 44 33 95 55 1 48 0 44 
61 0 90 97 1 98 29 37 84 73 86 0 83 83 47 0 39 41 69 0 87 81 7 68 25 23 5 0 75 71 0 65 0 16 68 4 4 1 0 31 46 5 82 62 56 0 79 1 56 9 
93 25 0 0 84 94 64 0 79 81 6 28 70 47 8 0 1 47 56 54 65 1 86 96 8 1 9 85 0 47 0 27 0 91 56 1 46 1 95 9 16 38 18 28 73 1 1 79 34 41 
0 37 68 0 16 6 72 52 39 74 71 61 1 48 75 13 1 0 43 13 79 60 9 42 1 7 47 0 7 43 80 73 52 38 1 44 63 97 1 1 90 90 45 36 12 49 52 1 0 6 
1 99 65 0 0 52 5 34 75 35 1 97 16 1 1 75 8 30 0 25 27 46 36 1 17 66 32 60 53 61 34 91 1 99 39 58 49 96 10 37 14 1 47 43 57 28 50 7 97 4 
21 2 60 67 96 0 3 47 40 80 97 8 9 31 7 23 82 71 20 10 30 0 83 31 1 28 85 77 66 0 86 11 7 84 16 10 34 11 22 85 30 61 0 97 17 0 60 16 90 26 
68 42 62 37 28 81 0 17 98 53 67 1 0 36 20 1 0 2 48 78 94 49 95 63 0 8 46 26 15 62 1 5 16 26 59 1 1 0 73 10 0 95 22 2 23 0 1 64 1 69 
45 1 20 1 8 48 13 0 59 98 17 87 65 2 67 3 0 20 37 57 68 35 1 67 23 19 77 46 18 1 60 42 51 41 27 0 12 8 0 53 1 18 91 26 0 1 6 88 71 33 
14 41 92 52 65 91 1 70 0 68 65 42 13 0 54 1 21 82 1 12 43 61 0 37 1 0 1 31 89 16 1 1 1 1 34 1 0 42 51 0 1 19 33 34 32 70 0 70 98 46 
0 24 51 75 19 0 73 39 28 0 96 65 0 43 9 30 46 87 66 0 2 67 51 20 88 1 1 14 63 98 81 68 0 46 99 74 61 77 31 0 76 0 0 0 76 23 8 57 32 31 
1 1 70 35 80 92 0 4 28 0 0 4 0 68 1 57 72 77 0 25 1 20 0 47 26 29 14 62 11 46 66 26 46 96 99 43 2 99 44 0 90 55 74 12 47 38 63 56 54 61 
48 6 62 0 77 90 50 40 2 11 30 0 49 28 53 44 76 4 10 0 0 86 67 0 1 0 25 11 98 57 30 24 0 1 2 83 61 48 47 83 0 23 42 1 0 91 37 0 54 68 
69 63 12 55 46 23 57 1 38 1 19 88 0 7 46 66 19 1 92 98 74 82 1 42 81 89 43 37 0 20 0 32 18 1 60 1 84 23 75 10 0 0 0 50 52 24 98 64 15 46 
99 34 0 70 68 66 25 82 1 0 0 0 39 0 31 64 89 43 68 60 93 3 1 29 46 42 0 39 0 8 57 20 98 21 50 67 0 0 1 1 0 69 5 63 0 32 56 5 76 0 
0 0 19 13 1 80 1 72 87 75 56 1 1 80 0 46 0 43 23 79 44 44 65 75 28 86 0 3 10 28 13 2 43 80 77 1 73 4 17 44 46 51 20 0 1 32 77 61 1 84 
91 1 84 50 27 69 0 12 33 0 20 68 60 9 51 0 0 55 71 40 1 0 0 6 46 20 84 1 43 0 80 0 33 3 98 51 30 1 57 33 53 46 1 43 79 43 49 25 53 75 
0 11 21 32 83 36 9 4 31 42 17 14 2 89 67 34 0 28 6 35 66 77 24 72 0 1 28 76 0 1 79 6 73 53 66 3 20 9 0 62 50 1 4 0 0 86 74 61 84 26 
34 0 81 55 15 0 6 23 81 82 9 72 56 67 71 0 79 0 77 18 69 50 51 0 43 90 41 75 1 95 5 77 50 21 78 92 26 81 30 0 59 83 27 96 41 27 17 1 0 37 
12 88 2 28 76 1 55 0 1 89 67 0 0 20 1 0 0 17 0 41 48 77 40 97 70 69 16 42 42 88 21 0 32 3 14 39 0 0 7 82 67 1 21 1 45 98 85 1 0 91 
9 82 8 52 46 87 2 72 1 1 54 11 35 33 42 1 50 39 42 0 76 1 96 78 1 0 52 34 88 87 60 88 2 0 23 0 70 1 52 0 78 1 79 49 86 1 20 27 42 19 
76 1 33 74 13 36 25 1 97 35 1 41 83 0 0 18 75 38 62 63 0 1 63 39 62 26 14 51 85 40 87 67 54 95 33 51 88 76 0 0 1 1 38 56 68 23 10 23 1 1 
9 16 66 81 88 65 34 0 84 63 65 27 78 56 32 10 92 71 1 45 23 0 0 0 44 79 1 4 11 41 1 59 32 0 0 75 1 48 14 51 1 1 31 27 90 0 36 99 52 55 
14 62 1 57 53 81 75 66 95 42 95 14 1 33 0 63 8 26 73 5 1 82 0 70 41 55 79 17 35 13 53 69 94 1 29 65 13 0 27 1 34 41 67 45 83 73 1 1 1 1 
1 99 24 94 1 89 78 19 33 35 72 68 1 81 33 68 1 22 37 0 10 0 63 0 47 24 0 87 26 0 29 9 50 1 90 74 48 1 1 43 25 17 72 0 54 32 1 0 0 65 
0 89 1 0 80 14 67 38 0 49 45 76 95 28 28 92 19 30 60 54 0 79 65 38 0 78 98 1 0 0 57 34 51 1 10 60 96 19 1 1 1 9 95 5 22 25 0 0 21 24 
10 4 14 72 1 64 1 93 50 88 43 0 44 94 20 0 42 1 1 0 1 28 38 0 50 0 0 97 55 91 1 1 25 36 67 67 99 0 17 25 75 35 2 76 12 60 60 6 21 83 
4 25 0 86 0 50 71 23 62 1 91 86 37 33 0 40 82 11 65 94 38 59 1 71 13 91 0 54 89 9 98 51 19 27 86 52 65 55 15 94 86 0 52 0 45 0 36 63 1 6 
64 46 1 62 1 5 58 88 46 38 73 1 0 0 15 48 2 0 71 1 0 1 52 0 81 55 71 0 35 10 1 0 84 12 1 10 56 84 1 50 84 83 99 26 1 50 0 15 17 86 
0 69 56 89 35 79 29 2 0 1 51 39 30 1 1 0 70 77 29 41 63 19 73 1 25 11 79 1 0 97 51 48 4 72 91 1 21 74 33 0 33 99 62 80 93 12 46 0 12 80 
18 13 34 82 26 95 4 38 73 1 0 1 71 92 40 3 30 1 70 80 64 82 55 59 29 38 0 27 1 0 22 91 92 90 63 0 78 3 1 0 0 5 23 84 1 64 20 1 6 0 
26 1 82 68 3 4 74 1 41 51 76 0 0 16 51 18 58 55 74 1 18 81 47 27 22 17 28 28 24 17 0 0 4 66 0 99 89 0 1 1 83 92 21 1 78 11 39 21 28 0 
60 22 31 79 63 48 30 51 60 86 86 0 0 9 21 1 96 1 1 78 13 49 50 67 69 46 1 47 89 31 62 0 76 20 38 0 25 65 83 84 1 44 33 1 10 20 55 63 1 1 
66 50 40 17 52 71 10 47 62 21 1 7 0 0 90 46 96 27 64 1 46 59 71 93 60 63 20 81 19 19 0 30 0 79 36 14 41 9 54 3 62 1 22 43 62 77 6 68 83 1 
1 1 74 45 1 85 93 84 45 58 4 92 30 0 15 46 28 0 13 1 1 92 88 1 42 63 26 86 45 42 65 83 38 0 61 1 0 0 29 97 5 71 12 93 39 1 96 32 97 73 
5 0 46 18 43 49 12 41 42 94 10 0 0 20 75 5 89 60 48 29 50 88 92 97 8 47 17 55 1 1 58 1 57 7 0 19 1 16 0 62 1 37 92 53 90 83 1 0 46 1 
30 71 48 1 1 75 0 70 54 82 91 0 1 1 1 3 94 67 72 55 92 32 10 74 78 33 11 57 1 93 97 81 24 94 42 0 11 20 96 72 32 49 3 0 24 0 0 60 79 4 
68 2 15 59 0 1 57 19 1 47 0 63 90 41 1 1 75 81 0 34 0 1 71 8 0 95 79 26 26 52 40 99 9 23 72 89 0 78 0 82 0 71 27 82 1 0 1 10 5 40 
2 1 37 16 46 46 43 0 31 37 85 37 0 0 12 96 23 1 71 92 67 6 68 61 1 43 78 71 40 1 58 33 42 75 87 16 63 0 1 1 0 5 1 90 41 8 48 88 45 97 
1 68 93 85 48 64 42 60 97 70 1 72 0 15 0 1 87 43 81 3 71 0 53 2 81 80 1 0 10 1 95 12 1 0 3 0 89 28 0 21 63 29 99 87 98 85 60 29 55 90 
84 69 83 86 91 60 0 63 68 83 40 62 4 16 3 17 75 4 30 83 0 28 19 1 55 29 96 1 47 56 35 21 46 92 60 85 42 7 0 0 31 0 16 1 19 1 0 0 0 63 
34 1 0 1 44 88 54 56 96 58 0 37 88 0 1 52 12 85 1 0 30 67 16 1 35 62 59 54 16 66 42 19 29 3 26 9 71 22 85 0 0 41 10 6 9 74 34 1 30 3 
66 20 1 89 6 25 0 0 95 1 20 27 31 0 1 0 7 37 30 61 29 1 50 0 15 23 0 39 1 52 81 81 39 85 68 1 38 85 1 97 72 0 0 93 0 83 60 1 47 82 
61 9 99 1 0 0 1 1 8 53 0 91 93 0 84 75 64 33 65 65 53 69 0 0 1 48 87 40 54 81 30 55 38 89 0 22 48 0 53 88 8 81 0 1 99 89 0 20 76 0 
2 78 0 1 98 50 16 1 82 66 1 15 0 17 1 50 25 32 23 48 1 55 47 69 87 94 27 6 5 61 73 61 96 8 85 21 97 62 1 51 17 29 8 0 0 2 15 1 29 50 
53 21 25 99 14 92 59 63 14 1 0 92 1 25 31 0 57 59 0 41 94 0 92 56 0 32 28 98 58 1 41 1 34 95 62 54 95 75 48 1 0 1 1 98 0 1 85 55 77 93 
18 4 95 45 59 63 53 51 1 94 14 1 77 64 53 1 0 58 56 18 1 63 6 59 0 0 1 99 1 88 14 83 31 19 0 34 0 1 0 20 1 24 0 63 33 0 0 25 3 0 
20 85 65 46 95 95 95 0 89 28 3 0 91 89 63 71 36 98 54 88 1 22 61 1 1 18 12 23 1 1 43 16 98 0 79 98 55 34 98 54 1 99 57 62 36 67 0 53 25 99 
24 45 55 75 1 0 64 0 75 55 73 95 0 45 58 26 8 92 44 71 25 55 63 52 62 84 43 82 53 11 67 30 0 12 1 43 21 1 76 64 32 93 60 10 33 1 97 0 0 50 
0 83 81 0 4 71 64 1 19 72 1 43 31 0 87 0 1 35 90 76 40 94 28 0 1 22 72 1 53 1 37 42 49 0 79 11 34 31 0 90 55 0 28 1 76 0 0 54 0 49 
73 11 27 38 50 0 46 40 60 59 76 89 47 58 39 61 4 23 1 1 33 1 18 90 56 26 1 88 1 29 1 3 25 0 1 39 0 0 47 1 37 24 9 78 90 83 38 94 60 0 
