1
40
0 78 59 70 35 75 31 37 11 53 14 39 35 45 1 8 1 61 19 66 1 1 73 55 40 47 22 1 1 6 7 32 65 23 1 7 23 33 30 1 
32 0 3 39 16 63 35 0 25 12 27 23 34 53 1 1 0 9 66 0 23 39 38 49 19 0 12 45 36 0 50 0 13 21 71 37 1 71 42 6 
59 69 0 30 75 25 43 5 23 1 38 53 79 41 2 1 73 1 63 33 0 34 0 48 1 29 1 50 25 72 6 24 67 73 79 71 69 1 64 56 
52 75 41 0 61 59 28 41 14 0 63 22 0 15 38 42 76 62 10 1 11 78 76 0 9 29 0 1 20 4 13 49 1 50 25 1 0 14 8 0 
11 27 9 15 0 11 49 0 25 72 27 1 29 13 69 7 48 1 0 35 10 8 6 1 53 5 49 0 41 12 62 64 79 48 47 74 76 37 54 6 
79 0 59 58 13 0 56 1 53 51 70 0 34 12 36 11 63 48 7 54 76 1 1 39 78 1 13 35 76 74 27 29 65 0 0 8 27 24 9 75 
1 60 2 47 4 6 0 71 0 1 12 22 18 21 0 70 8 28 13 24 41 45 48 59 31 71 36 7 1 52 74 69 12 41 26 7 62 0 59 56 
27 71 16 38 4 9 29 0 30 1 36 44 43 11 38 45 38 9 35 1 78 30 71 0 78 37 8 29 57 13 1 0 54 2 40 49 47 18 34 44 
3 0 18 62 40 38 21 42 0 1 69 56 76 22 45 33 74 74 20 65 22 5 20 18 19 19 25 47 6 38 1 57 70 0 63 10 1 49 56 2 
6 42 44 67 0 71 65 53 39 0 1 1 39 1 54 22 15 1 58 8 27 62 37 1 66 77 1 43 15 46 23 1 44 53 1 3 37 5 1 25 
1 10 1 66 0 7 75 1 67 64 0 63 70 62 33 61 50 0 4 27 62 74 25 16 49 32 0 0 20 15 11 0 14 0 38 14 18 0 76 15 
29 18 40 36 52 66 1 36 38 31 10 0 31 52 2 52 13 15 35 38 4 72 1 3 34 13 1 61 5 73 20 78 1 63 57 48 1 68 50 27 
78 1 0 49 1 55 0 1 54 35 70 44 0 74 0 70 62 1 1 48 10 42 53 74 1 79 43 1 53 45 42 73 73 0 75 63 42 30 70 13 
53 42 1 37 11 66 70 0 20 63 49 57 26 0 25 21 63 33 42 15 5 53 0 13 26 0 0 8 76 1 20 1 10 0 37 37 75 1 53 32 
37 1 68 46 1 41 29 56 3 21 61 61 31 75 0 1 71 48 33 15 1 79 38 49 65 13 23 5 0 49 1 57 34 0 0 16 0 13 0 63 
74 69 43 64 31 60 4 14 0 24 51 0 78 66 59 0 1 76 5 1 77 0 5 53 1 4 0 21 50 28 14 29 62 71 54 34 0 37 45 0 
17 74 0 69 0 1 56 5 73 16 1 0 1 1 69 33 0 1 44 20 20 16 14 22 14 73 2 10 14 56 44 3 1 1 19 15 61 18 0 45 
30 65 0 69 0 31 59 78 22 59 36 1 21 77 13 71 20 0 41 0 31 9 1 1 75 59 59 47 0 9 10 78 21 20 16 50 17 73 0 28 
19 0 5 56 0 44 60 67 29 0 0 43 4 32 48 11 6 72 0 44 46 1 0 62 0 60 4 8 10 65 0 75 31 1 0 1 0 58 19 0 
0 43 10 33 58 30 79 70 4 1 63 34 75 58 12 1 0 16 1 0 24 0 13 13 20 74 58 19 25 72 4 27 47 13 8 27 0 0 22 34 
1 34 66 10 23 74 61 65 72 14 27 1 0 1 10 17 52 79 62 0 0 1 1 51 13 0 29 76 29 36 2 1 0 0 45 50 1 51 1 48 
56 75 1 42 0 10 26 51 64 54 12 4 70 60 6 61 0 40 47 64 10 0 44 55 67 30 59 59 1 2 57 1 1 72 1 44 30 62 21 73 
22 65 28 0 1 1 16 47 1 0 74 53 4 0 3 60 0 72 54 5 54 51 0 39 0 56 3 30 0 17 4 28 30 58 14 46 28 35 15 16 
39 23 30 31 0 2 34 28 1 1 0 43 40 49 57 51 18 1 0 12 41 1 41 0 53 1 26 76 50 0 67 24 0 45 1 53 12 20 1 37 
0 22 16 1 72 75 0 53 68 0 52 29 1 20 63 35 6 1 0 19 15 68 0 79 0 60 0 41 1 55 13 1 15 63 33 1 16 0 47 73 
1 12 49 30 26 78 6 71 54 16 3 52 12 38 5 13 29 55 61 1 61 13 0 0 70 0 45 7 58 0 33 20 1 55 44 20 40 66 0 62 
0 5 2 1 1 39 45 25 1 10 46 32 23 24 0 8 0 70 17 0 56 77 54 1 1 1 0 1 1 37 72 57 0 0 67 1 34 13 65 1 
35 18 63 21 78 36 0 56 33 36 51 13 49 0 2 53 1 42 28 44 10 0 79 70 2 1 41 0 1 21 63 33 6 58 0 40 1 0 33 57 
0 44 0 0 74 0 72 52 59 0 75 19 54 44 38 1 41 0 1 60 40 53 0 70 13 39 65 1 0 0 8 32 1 41 1 59 11 66 6 4 
1 14 4 46 8 44 0 17 0 26 6 26 29 21 65 58 24 60 34 59 0 13 1 1 15 34 42 60 33 0 1 49 12 40 0 31 50 29 48 18 
56 41 46 0 68 0 6 19 44 0 14 43 1 22 29 1 68 17 10 48 21 19 16 61 17 58 74 1 26 77 0 52 1 27 15 19 65 18 65 41 
52 78 1 63 18 1 71 8 24 0 68 26 63 5 24 72 1 11 74 0 1 1 1 1 10 4 34 0 67 63 23 0 1 31 3 12 60 64 74 18 
1 62 0 27 1 0 30 70 75 79 16 37 1 0 70 0 72 61 36 64 14 47 75 1 16 1 1 30 34 0 67 8 0 32 1 36 79 24 0 34 
0 70 58 59 0 71 21 63 77 76 43 19 61 23 45 64 0 0 16 77 33 36 58 40 40 13 12 41 24 0 16 44 66 0 11 0 47 58 13 27 
15 41 25 69 42 43 54 0 27 41 65 1 76 40 0 1 69 70 8 0 0 18 0 0 6 70 11 49 37 29 75 58 17 63 0 0 78 42 20 77 
0 1 59 55 64 53 31 76 48 0 7 75 62 0 18 0 50 0 1 13 41 69 29 34 4 40 54 68 21 10 3 2 1 50 41 0 1 44 1 27 
54 36 0 0 0 43 77 13 1 38 31 54 11 43 2 79 1 4 48 34 15 57 1 5 75 62 2 1 14 24 44 17 0 1 0 51 0 1 0 19 
33 77 22 49 1 31 40 42 75 16 24 79 10 27 60 64 21 44 0 60 0 53 6 63 18 53 0 17 77 1 72 32 71 1 54 1 1 0 5 1 
47 49 32 1 35 2 1 0 46 63 35 18 76 68 34 53 0 64 52 7 0 8 36 17 73 74 72 1 69 63 0 0 23 62 0 39 30 75 0 1 
70 72 33 21 1 0 60 35 10 3 55 66 38 39 26 54 62 1 59 64 45 11 74 43 66 39 61 0 13 0 12 75 29 50 44 20 55 66 49 0 
