1
20
0 34 2 34 27 1 13 19 0 0 32 37 32 0 0 0 7 1 3 37 
24 0 4 13 0 18 34 7 19 1 3 16 22 30 13 6 24 1 7 23 
8 1 0 1 35 8 20 11 38 13 24 29 5 25 6 26 23 10 24 9 
15 39 23 0 2 0 0 0 1 22 2 13 13 1 11 29 0 21 20 0 
15 38 22 1 0 24 19 9 29 0 13 27 38 16 25 12 15 8 22 16 
6 10 1 25 31 0 27 34 0 20 26 38 7 0 26 9 0 20 1 20 
11 26 25 2 20 0 0 33 0 4 9 4 4 19 1 0 17 34 18 18 
0 25 6 25 36 24 10 0 15 22 4 32 36 27 0 30 10 1 23 1 
38 38 16 1 10 0 28 26 0 1 28 7 14 9 34 33 25 22 39 3 
2 16 33 14 1 1 0 37 34 0 34 35 3 0 18 16 0 1 34 23 
24 23 0 36 38 16 33 9 11 0 0 29 35 16 12 21 0 1 29 12 
19 23 1 28 24 1 0 1 1 26 16 0 6 37 21 31 31 7 18 14 
19 2 1 2 0 0 29 18 27 25 34 1 0 18 30 1 2 8 1 2 
27 1 1 36 1 16 0 0 2 36 29 5 1 0 1 20 26 12 3 22 
6 31 4 1 16 0 36 2 21 29 32 6 5 5 0 0 1 7 1 1 
5 39 9 2 0 1 1 0 21 18 36 0 0 10 0 0 28 0 28 0 
12 30 4 17 34 7 7 13 17 20 9 15 39 3 22 21 0 28 24 11 
37 0 15 20 22 19 32 38 0 12 0 27 9 9 1 1 1 0 22 23 
9 0 0 31 19 1 0 22 3 26 6 28 1 4 37 0 21 20 0 19 
1 30 9 32 39 1 0 22 0 25 37 19 16 30 23 15 0 16 5 0 
