1
50
0 0 44 1 14 82 57 31 8 49 97 17 99 83 1 15 53 61 3 56 0 81 8 3 0 27 1 77 0 34 68 0 1 56 19 99 30 31 68 0 15 16 80 97 85 0 70 50 0 1 
28 0 18 68 0 18 60 13 53 0 87 62 32 9 74 26 77 0 42 33 1 92 2 46 33 14 7 12 28 24 7 13 0 36 88 91 64 94 0 69 7 0 68 38 1 8 44 46 59 34 
0 28 0 2 61 7 5 0 10 1 24 46 25 1 66 1 76 4 0 14 3 22 68 3 78 65 83 20 1 1 48 56 28 0 43 64 31 48 1 28 42 1 1 1 44 0 29 6 83 0 
26 45 76 0 1 0 15 66 87 15 1 83 23 48 80 99 0 44 76 1 67 0 0 99 20 83 12 76 14 33 7 0 84 82 86 47 41 11 8 7 1 0 0 21 22 56 42 7 78 33 
14 0 61 50 0 1 47 1 53 0 0 34 19 1 54 95 1 59 54 0 47 45 0 87 79 34 99 85 0 84 4 5 95 41 55 0 37 1 59 0 0 3 70 28 52 9 1 77 52 58 
1 11 43 32 51 0 46 0 63 97 7 13 21 87 42 10 43 55 19 17 2 84 29 81 0 73 29 7 95 51 91 0 0 66 68 53 38 49 40 59 0 0 38 31 61 90 68 34 1 97 
64 99 51 86 52 90 0 81 39 0 0 43 1 27 63 1 0 0 5 0 86 28 0 9 4 0 98 64 52 1 65 94 91 7 12 39 0 70 0 29 5 12 45 51 1 76 0 0 48 92 
79 94 72 1 4 59 74 0 41 1 0 49 18 1 0 0 14 1 57 70 3 1 28 71 76 6 87 4 35 0 1 78 0 43 44 22 39 88 42 79 39 23 64 93 1 78 49 22 0 28 
0 47 10 1 45 17 1 43 0 43 1 19 1 7 0 83 76 27 88 30 77 82 8 87 42 97 1 90 25 72 0 9 93 1 85 22 1 0 0 0 42 61 2 30 76 6 0 32 85 87 
43 4 0 59 0 1 61 81 8 0 61 61 15 86 42 1 88 0 0 83 95 19 1 56 64 6 0 0 0 0 95 3 15 33 62 0 44 36 45 96 95 1 44 0 0 17 44 28 23 74 
25 30 24 0 12 68 40 58 49 19 0 25 96 63 78 59 47 8 71 54 17 71 1 24 0 46 9 89 9 60 24 12 52 86 99 0 39 51 93 0 8 52 68 65 53 70 36 29 67 1 
0 68 0 79 0 32 1 79 89 36 46 0 1 41 92 72 34 72 80 15 47 64 26 80 25 8 15 34 46 14 81 60 56 48 0 31 0 34 79 19 76 15 17 14 54 35 1 52 18 21 
38 20 0 49 96 89 19 67 1 60 95 22 0 39 5 1 22 53 16 1 49 34 64 79 67 67 13 79 77 73 68 7 1 46 19 1 57 27 0 0 36 95 0 32 26 0 33 92 22 0 
21 49 77 1 0 2 44 25 36 81 27 1 1 0 1 0 48 56 68 0 88 0 26 0 47 29 1 0 1 1 25 35 1 0 51 37 17 17 11 5 0 82 92 25 84 26 0 15 38 1 
51 29 55 7 2 99 16 1 82 0 1 94 8 1 0 55 67 1 95 1 44 42 0 1 42 31 1 17 63 1 32 54 85 44 1 0 2 55 54 25 0 14 98 1 5 27 52 3 64 54 
15 0 49 41 95 58 1 13 77 90 25 15 45 64 75 0 30 57 66 20 67 50 5 35 68 18 7 0 20 1 95 0 62 10 60 64 59 6 1 42 1 82 0 1 94 75 97 22 0 3 
70 1 0 24 0 59 26 50 41 9 24 82 70 57 96 5 0 33 0 73 31 6 1 30 0 1 13 0 48 34 76 0 0 63 18 19 66 74 70 0 2 70 1 70 1 0 1 23 91 23 
1 77 5 0 22 39 76 0 1 8 1 0 5 66 87 5 1 0 9 97 97 64 75 77 11 87 91 44 34 45 77 19 0 0 67 0 40 23 30 88 72 0 91 80 59 3 6 0 42 35 
1 1 59 74 59 1 84 5 55 75 83 95 34 92 1 84 0 6 0 0 23 1 0 48 56 1 0 1 0 22 65 24 0 38 92 0 0 16 13 25 40 41 47 96 0 2 0 9 85 49 
20 1 64 50 50 23 0 13 1 0 19 70 82 25 1 0 67 1 50 0 80 31 48 67 82 1 9 0 1 2 71 26 27 62 98 94 51 98 73 6 1 16 44 53 46 0 0 94 83 95 
60 0 45 17 85 34 96 41 31 59 76 1 64 50 33 38 0 99 31 88 0 87 1 0 91 23 0 62 18 0 84 58 97 47 64 59 68 56 24 78 88 29 1 57 11 10 84 72 91 0 
78 1 0 1 1 66 0 54 1 0 1 42 40 9 77 97 48 91 96 56 44 0 16 82 63 0 93 36 0 94 38 82 93 21 96 0 6 56 1 39 1 63 59 32 1 30 0 6 40 60 
20 1 24 41 62 21 0 61 14 56 41 1 66 1 1 69 97 59 37 92 0 45 0 70 45 58 45 57 0 76 31 9 14 31 3 52 21 83 27 1 76 44 34 96 52 25 37 58 0 6 
67 47 2 0 25 48 7 65 56 84 0 0 72 91 81 4 12 11 1 13 97 36 14 0 1 17 1 64 1 94 31 9 22 1 58 71 13 21 78 96 4 73 62 64 5 71 36 27 27 1 
48 25 92 66 1 62 0 18 1 98 28 56 41 30 0 2 12 17 17 31 1 83 84 34 0 85 6 32 54 12 28 36 1 8 1 7 77 80 0 17 54 27 52 65 63 1 16 20 93 6 
24 81 1 61 4 1 85 80 1 66 17 70 58 7 62 0 6 1 0 15 80 1 92 66 62 0 39 71 1 40 18 0 0 13 40 59 73 0 0 8 30 14 6 59 30 73 3 87 53 79 
18 97 49 0 1 67 45 0 33 29 51 0 88 64 57 93 17 23 54 89 61 0 70 88 20 1 0 23 8 0 30 10 71 92 35 71 85 0 40 89 62 66 80 73 1 48 51 20 48 1 
0 0 50 80 1 17 48 31 34 80 61 80 25 1 0 72 0 0 14 86 72 51 66 65 1 45 0 0 58 75 67 47 60 82 70 17 53 1 60 80 0 1 62 92 17 1 74 2 10 26 
1 95 1 17 91 84 1 0 78 1 86 50 4 83 10 66 76 1 64 95 0 30 77 89 62 0 59 7 0 83 7 1 1 1 54 12 40 92 58 85 1 57 65 57 61 0 1 99 33 45 
99 92 60 80 34 54 0 71 0 5 83 86 0 37 9 26 73 36 71 83 1 77 54 34 77 97 26 1 46 0 80 69 20 1 97 0 11 52 90 90 18 0 73 66 79 54 41 80 0 19 
46 86 5 0 7 0 0 38 70 1 38 78 0 21 84 34 59 86 96 66 29 63 1 75 33 28 0 83 77 55 0 49 82 98 67 17 1 0 81 32 82 38 11 7 87 1 1 0 48 37 
66 49 9 45 30 47 70 1 10 22 77 21 35 78 1 19 64 79 18 82 9 53 61 1 14 11 32 1 1 62 95 0 67 78 68 0 1 93 77 0 40 41 80 84 52 61 31 78 46 18 
4 7 45 75 2 52 34 56 0 92 0 67 93 1 57 19 10 36 14 75 19 0 69 68 65 0 51 6 64 36 0 1 0 3 95 1 1 48 1 61 8 1 73 4 69 91 41 28 80 65 
31 41 0 99 78 77 1 1 98 1 0 32 60 33 81 0 1 88 90 36 45 32 32 0 1 2 38 7 4 0 0 61 61 0 26 16 28 99 95 86 23 61 81 33 76 54 42 80 72 47 
65 56 67 0 19 54 54 1 68 66 98 13 38 20 0 3 4 34 1 5 8 14 67 90 58 70 58 76 73 78 85 1 34 45 0 55 0 45 22 29 0 65 73 5 1 0 0 83 1 53 
69 47 18 36 57 79 1 67 11 71 39 32 88 0 0 0 0 68 92 6 56 99 85 32 0 99 27 1 98 24 29 98 1 2 55 0 1 8 18 91 42 66 26 72 73 1 16 1 4 1 
27 1 0 21 20 34 13 0 41 92 23 48 3 1 10 56 77 1 76 1 61 84 96 25 68 12 42 1 41 57 1 34 39 0 94 7 0 75 6 13 19 47 20 93 95 1 0 42 1 1 
1 94 33 33 89 56 70 1 42 3 33 93 0 94 1 65 42 68 26 37 1 0 71 0 1 0 43 81 58 31 16 60 1 18 78 1 9 0 1 5 39 1 0 46 8 97 10 0 54 8 
97 69 44 77 69 60 59 36 77 83 28 73 48 50 28 63 51 45 38 37 55 16 43 27 1 0 98 20 1 52 21 1 55 1 20 52 6 1 0 37 27 31 40 36 58 90 87 0 95 0 
0 0 0 1 25 53 0 0 52 88 58 7 0 0 57 1 1 95 39 57 20 1 0 0 90 93 1 43 22 93 16 0 66 12 0 1 0 92 38 0 36 1 99 78 58 44 31 0 1 0 
3 1 15 59 31 11 21 91 62 0 24 29 6 47 16 70 0 39 72 0 72 23 0 84 7 10 62 71 31 90 69 66 65 68 47 0 25 1 18 0 0 21 60 70 1 76 1 96 0 0 
1 15 53 52 52 34 9 70 2 8 45 23 7 1 10 18 8 32 0 60 47 19 49 91 1 65 36 75 1 25 0 8 16 58 18 50 72 97 9 96 13 0 93 68 46 91 1 6 5 0 
1 30 14 1 1 11 1 0 7 77 0 59 1 99 1 21 25 54 22 30 66 43 42 29 80 19 33 0 69 48 1 1 43 97 61 83 46 45 25 88 56 1 0 82 9 1 74 1 4 5 
98 83 23 13 0 96 25 1 66 10 64 87 60 54 65 81 0 74 1 1 0 43 19 0 47 1 88 1 36 62 1 0 0 77 24 58 56 68 11 87 18 73 36 0 57 92 35 33 1 1 
46 5 7 65 22 1 82 44 76 29 40 5 64 89 1 38 92 18 26 98 80 91 1 64 25 21 4 0 1 1 13 36 83 0 30 25 18 14 49 34 92 29 1 1 0 50 65 1 47 1 
1 85 0 66 27 51 1 90 1 19 0 14 30 30 52 3 33 16 84 30 76 8 1 1 27 18 80 45 0 98 25 81 99 42 5 91 39 7 95 67 99 0 1 66 0 0 26 97 96 47 
1 54 95 11 70 35 66 76 0 55 55 60 29 21 58 17 38 87 27 9 30 37 78 5 6 96 28 84 87 95 97 4 70 27 1 84 0 44 1 88 22 41 25 64 39 81 0 1 24 25 
32 0 1 72 0 1 0 26 22 87 0 0 59 31 92 75 30 44 68 42 0 0 74 0 1 0 3 68 90 88 0 89 7 1 96 83 99 59 83 1 58 0 0 98 84 54 0 0 69 0 
83 66 78 69 98 43 0 48 1 69 2 99 1 82 41 0 1 14 14 1 58 19 13 16 67 62 1 1 97 0 3 1 21 1 97 56 84 71 51 46 0 1 76 0 23 10 0 9 0 0 
23 33 35 0 1 57 82 25 0 11 0 80 0 16 1 94 76 92 73 1 37 47 46 28 1 28 93 67 43 1 35 0 28 0 0 33 53 42 0 69 0 0 25 50 10 1 30 51 18 0 
