1
50
0 0 8 57 0 79 21 48 70 60 11 58 0 63 0 60 23 12 75 0 36 0 0 0 62 0 3 0 36 96 17 16 30 31 0 59 0 62 52 80 0 62 71 95 0 0 15 80 38 0
6 0 51 51 53 44 98 65 75 6 70 0 80 0 0 42 30 74 30 39 24 29 0 0 0 15 27 12 14 0 16 91 0 78 0 0 70 0 16 14 0 10 0 70 31 86 79 66 74 42
0 63 0 3 45 31 82 90 0 49 40 76 52 68 3 0 4 0 12 66 78 15 65 46 51 0 12 20 91 15 88 24 71 0 0 35 45 84 61 0 32 41 54 45 29 89 62 0 97 94
12 96 0 0 37 83 80 0 0 32 43 78 31 84 50 80 24 99 58 18 32 38 57 0 39 99 42 61 23 70 32 61 96 47 70 98 61 65 26 0 66 15 0 62 8 0 0 4 24 22
0 0 25 0 0 57 0 7 6 46 74 57 3 0 0 0 91 94 85 44 3 97 66 16 51 2 81 67 31 97 93 61 60 0 81 72 25 24 85 39 84 19 63 0 72 77 0 83 0 0
14 82 95 13 58 0 44 48 51 53 0 32 81 0 48 56 94 0 30 72 91 65 3 85 62 8 62 0 26 25 37 69 51 11 53 6 70 1 1 0 7 24 18 34 27 55 22 23 77 42
19 88 76 32 0 88 0 88 22 94 52 87 4 33 45 25 39 9 33 82 0 0 0 49 19 0 0 70 60 86 74 54 18 12 58 24 16 59 52 34 70 43 83 92 79 98 0 55 99 18
48 41 0 3 14 82 46 0 26 99 0 0 0 51 0 0 48 89 58 60 50 63 0 59 15 19 0 34 61 63 0 78 1 77 45 0 24 0 1 42 41 0 0 49 0 16 18 82 2 75
77 49 66 0 99 99 29 0 0 0 58 94 16 3 59 0 73 49 0 0 81 49 47 39 70 69 0 52 6 0 2 47 79 0 97 45 77 0 75 36 66 22 16 0 0 26 67 99 35 59
17 25 49 79 88 83 74 98 5 0 55 54 51 96 64 11 38 5 0 19 65 71 55 33 23 97 52 56 71 1 39 63 12 16 0 0 74 12 38 44 83 0 56 7 83 29 70 81 75 0
45 0 82 7 77 20 63 74 63 76 0 24 23 0 81 0 74 30 4 86 42 29 17 28 76 79 55 61 8 39 47 29 96 77 20 57 0 90 0 0 97 51 27 0 0 73 35 32 0 41
0 0 39 69 0 92 76 63 64 16 15 0 0 32 0 29 75 21 23 13 26 21 96 74 98 68 0 89 35 97 55 0 32 7 39 28 15 0 77 72 38 18 0 61 66 90 75 73 95 0
40 59 89 83 87 39 48 24 0 60 97 42 0 46 0 71 0 53 0 14 22 0 96 3 67 0 58 30 57 13 97 36 0 49 0 0 94 39 79 0 98 82 13 58 49 44 44 75 4 98
55 0 99 0 55 81 0 69 89 0 45 45 25 0 0 4 89 0 2 16 80 28 73 85 51 13 0 38 0 39 27 52 0 56 56 24 10 91 0 24 0 27 88 55 12 0 19 0 11 39
31 38 98 0 52 91 40 37 44 22 11 27 40 74 0 42 11 0 15 72 85 98 17 73 1 83 50 87 34 0 88 60 10 0 50 0 56 75 86 73 37 84 0 10 31 0 0 93 36 57
25 80 0 15 85 58 17 0 46 68 28 8 0 49 13 0 18 28 0 48 71 57 0 46 0 11 97 0 85 0 3 63 36 81 64 0 78 16 18 88 0 12 53 0 10 32 0 0 58 61
6 0 25 33 90 83 0 5 30 56 16 30 8 21 73 0 0 18 75 55 22 0 18 41 46 3 55 90 35 0 0 98 2 0 0 69 64 57 70 81 0 52 4 30 0 0 12 39 93 82
98 43 0 0 40 81 0 55 86 77 24 63 88 42 56 0 6 0 0 0 0 44 57 9 0 17 97 74 32 0 60 29 0 0 21 16 64 0 82 32 51 64 0 65 0 0 0 70 58 51
86 71 0 75 93 75 57 86 13 30 26 14 30 96 0 44 73 11 0 55 92 0 0 86 49 71 0 29 10 80 57 87 53 18 68 77 13 78 37 16 77 36 26 43 0 69 0 49 0 29
45 0 27 0 7 92 0 87 0 80 28 62 37 0 23 56 86 84 19 0 43 89 83 54 62 0 81 46 59 57 0 85 87 43 53 0 91 86 2 81 28 36 80 22 30 0 7 82 12 75
53 0 58 2 55 0 69 9 69 37 25 97 37 27 81 93 30 2 93 0 0 10 0 0 54 85 0 95 67 11 22 34 0 86 37 32 43 58 51 78 21 0 48 80 0 30 58 0 42 32
56 41 10 47 93 28 25 0 56 0 77 13 52 65 13 0 3 51 8 78 67 0 0 53 95 0 21 0 11 63 0 27 16 56 0 0 55 0 0 41 41 81 54 39 71 58 60 0 16 49
74 0 74 47 22 95 69 86 76 3 1 95 53 71 12 25 0 68 72 0 0 94 0 1 87 43 93 47 78 15 83 55 13 57 74 26 43 32 0 82 59 98 36 0 50 0 71 29 0 0
81 28 44 52 41 66 39 68 10 36 57 1 82 0 30 68 30 86 54 28 62 83 95 0 38 28 14 89 55 68 0 0 67 78 0 56 40 35 12 28 41 0 53 40 0 48 6 29 57 90
62 0 80 2 85 99 8 85 43 13 46 0 87 26 60 87 90 0 61 83 73 0 63 24 0 27 0 48 82 70 70 79 24 87 14 19 38 65 0 44 82 0 92 0 0 0 97 26 34 56
74 60 0 0 82 0 0 77 0 64 73 13 0 0 77 25 53 77 85 3 35 42 97 75 86 0 0 92 45 0 47 25 0 5 43 0 92 84 31 30 0 79 0 82 37 58 0 31 65 45
12 32 96 0 59 90 57 66 0 99 0 74 80 68 0 30 67 44 78 73 93 56 0 22 22 37 0 58 0 5 0 14 65 82 62 86 0 69 71 0 35 47 79 76 12 72 40 60 0 54
0 88 52 9 75 0 0 37 84 0 55 39 48 38 0 0 35 61 21 77 54 0 37 73 70 0 40 0 0 34 0 78 55 32 11 82 0 83 64 31 26 84 0 0 37 21 6 49 53 33
92 71 0 87 1 62 55 0 93 12 65 14 28 0 0 45 88 0 44 96 71 50 41 48 0 51 63 0 0 0 14 83 23 35 6 75 51 63 81 54 54 40 0 18 25 0 74 9 80 71
65 44 74 94 15 12 14 62 93 76 34 7 0 54 28 0 40 99 82 31 85 82 2 0 37 50 45 53 0 0 57 0 35 0 89 47 36 0 0 5 0 0 0 13 0 83 55 4 64 82
92 96 38 91 30 57 11 12 98 0 51 17 97 38 2 0 0 16 75 0 25 26 27 11 0 39 31 0 0 82 0 0 88 0 0 67 71 0 80 75 39 0 47 24 17 66 84 46 0 35
49 72 27 0 0 70 37 57 91 68 46 66 75 75 53 77 42 19 25 0 0 0 18 67 42 47 98 0 87 17 6 0 87 54 1 9 0 66 0 53 11 31 70 70 0 0 0 0 0 16
34 71 80 0 16 21 48 60 38 0 34 65 64 80 84 25 88 5 65 30 74 84 59 3 58 0 77 89 44 0 49 52 0 0 0 84 74 10 0 53 76 67 13 41 80 93 77 0 21 22
21 48 0 62 41 93 98 99 0 71 35 0 15 0 65 10 70 0 0 77 40 97 97 32 44 8 0 38 78 96 74 98 90 0 53 76 42 12 86 2 62 43 0 0 48 0 65 0 13 0
0 0 72 0 31 77 0 68 34 0 96 82 2 0 0 9 31 33 66 83 0 44 46 0 18 0 38 18 0 0 70 0 38 25 0 45 31 0 56 48 93 91 11 80 38 8 12 68 23 24
7 0 42 82 48 0 9 0 60 0 38 56 5 83 24 78 57 0 64 6 37 67 79 10 80 0 0 31 92 64 5 0 7 17 23 0 0 10 0 14 85 85 2 52 0 25 51 0 65 94
95 91 47 55 72 0 74 0 0 62 18 54 47 92 39 61 69 8 80 0 73 88 73 10 42 25 61 0 97 20 0 31 89 0 0 21 0 62 9 78 81 8 72 66 65 0 0 0 10 87
32 77 17 5 67 46 24 54 57 64 37 23 11 78 68 39 38 0 75 54 93 77 9 98 0 85 77 82 68 89 29 0 72 0 59 0 0 0 30 26 0 25 63 66 0 0 90 53 0 0
19 80 0 95 59 0 0 72 8 35 16 70 81 91 0 0 0 0 45 70 88 6 0 45 83 39 55 18 0 35 21 12 74 76 62 23 61 0 0 38 0 16 20 51 37 83 0 2 22 5
69 8 39 4 60 47 91 1 29 83 0 69 67 62 0 60 0 68 29 36 48 79 27 78 13 0 49 49 14 34 13 16 47 84 0 89 87 26 72 0 0 69 0 0 82 0 47 98 0 0
66 56 72 0 30 87 47 0 80 0 0 0 22 21 69 21 40 22 43 51 27 0 69 85 2 0 41 47 58 0 72 25 14 41 33 30 11 37 40 10 0 0 72 15 40 81 87 27 60 46
23 37 80 0 36 21 42 90 88 21 0 4 51 74 5 3 64 22 34 56 0 40 0 37 54 8 66 71 78 0 0 19 90 17 82 44 40 27 89 84 6 0 15 56 64 93 84 70 0 14
99 52 17 0 41 0 17 73 35 0 3 0 8 0 73 7 43 41 26 9 0 0 0 89 73 37 65 58 54 47 30 65 0 36 22 0 80 93 48 13 40 0 0 73 2 14 37 15 51 0
93 27 27 20 91 0 22 0 97 96 95 0 43 63 95 0 15 69 48 35 97 0 41 62 42 9 61 0 90 11 90 47 85 1 0 91 84 4 66 21 59 37 21 0 6 68 18 27 92 0
61 64 32 50 56 29 24 25 78 57 44 19 5 45 94 66 87 6 75 0 27 0 6 46 26 54 0 14 88 13 38 85 0 49 0 67 16 37 48 57 17 22 68 0 0 35 49 0 95 82
15 87 40 38 0 97 79 86 68 93 21 28 3 0 0 42 88 0 43 71 23 59 38 51 52 58 0 11 0 73 19 22 19 0 79 16 44 98 95 0 99 0 15 0 0 0 61 12 0 50
44 77 0 6 0 41 44 48 12 29 36 0 28 94 0 92 57 0 11 86 88 0 99 0 0 0 50 46 17 2 0 78 43 48 45 34 0 65 34 23 89 10 42 1 48 45 0 43 40 60
0 7 46 63 50 45 90 8 79 53 45 0 18 64 39 95 81 47 44 41 96 26 18 28 74 0 12 80 29 0 56 0 0 86 36 0 28 0 0 71 9 18 65 80 85 48 16 0 0 79
44 96 80 88 75 12 94 53 76 93 6 25 39 16 1 0 97 41 0 15 37 0 37 0 51 4 72 93 50 0 73 34 74 42 50 25 86 88 45 0 0 96 57 0 1 39 0 0 0 88
85 79 55 1 16 44 9 0 0 0 20 23 64 0 99 25 22 0 0 39 50 42 14 28 0 51 11 82 96 58 78 0 0 21 33 33 0 0 96 51 0 93 22 52 29 78 99 0 67 0