1
50
0 68 80 1 3 63 32 60 13 56 78 63 54 24 33 23 53 0 26 48 36 51 84 74 26 43 63 1 11 68 0 68 45 53 72 44 39 93 0 42 84 14 94 22 34 1 54 71 1 14 
1 0 1 67 88 53 91 1 0 0 0 68 94 49 63 63 41 83 0 13 7 1 11 48 0 29 1 47 1 1 29 99 35 0 1 39 96 95 99 12 76 99 73 74 96 93 61 29 40 6 
88 39 0 87 78 81 28 71 1 81 37 38 0 85 87 4 1 1 67 24 25 29 71 82 1 59 82 84 51 19 74 28 98 74 69 0 5 0 78 0 63 0 5 64 72 90 0 7 42 1 
0 2 7 0 55 40 33 24 63 54 36 21 80 1 67 64 78 37 2 52 17 10 70 1 1 10 8 1 45 1 1 3 33 81 47 4 1 17 1 30 2 15 13 1 0 65 38 38 1 97 
73 84 70 91 0 10 1 27 83 53 52 88 38 30 15 59 40 31 87 0 1 57 54 91 1 0 22 0 71 1 25 25 83 10 71 1 24 1 13 80 75 20 1 78 0 74 1 37 31 32 
19 30 6 95 64 0 29 1 0 1 1 25 98 22 44 47 1 67 0 76 0 20 79 59 45 25 47 1 23 0 13 17 81 0 46 28 1 86 42 63 2 31 80 98 14 85 0 0 41 80 
65 74 60 68 0 48 0 28 25 25 47 36 12 11 33 0 0 74 64 75 89 65 8 1 3 19 27 90 1 39 87 1 14 1 28 0 3 74 43 24 3 75 35 78 3 16 96 15 1 6 
2 1 4 1 22 1 49 0 99 14 1 0 1 71 67 1 71 89 73 92 86 16 6 0 10 47 0 66 32 44 1 33 0 62 0 3 96 22 58 1 66 73 58 99 86 15 54 76 70 39 
0 0 1 15 23 33 28 90 0 71 0 89 1 23 30 1 12 29 69 59 90 68 43 72 93 0 47 54 12 43 89 19 0 61 1 1 7 14 68 25 41 25 37 34 65 76 0 1 38 76 
28 10 23 89 1 37 53 0 38 0 95 83 53 36 34 40 65 1 0 35 85 26 42 65 36 5 15 97 28 51 17 73 70 21 1 19 62 70 6 0 99 0 65 63 51 95 0 16 34 10 
0 1 0 20 40 90 29 34 53 14 0 30 75 1 77 37 22 5 58 18 93 68 1 74 40 16 36 7 10 1 71 94 51 28 36 2 17 1 73 1 87 1 30 33 53 51 50 1 39 26 
84 95 26 81 85 0 0 1 27 16 85 0 69 58 62 7 92 68 76 1 73 42 31 60 43 0 99 32 50 66 38 0 49 35 40 38 84 0 89 25 72 1 60 95 61 75 21 56 51 1 
1 1 29 52 0 55 5 13 95 1 12 0 0 32 0 9 0 75 32 12 46 1 80 1 15 93 17 44 99 74 64 62 39 10 0 13 1 22 75 0 59 26 86 78 0 0 18 55 74 0 
1 0 37 78 84 74 0 1 10 27 13 87 19 0 81 70 39 17 99 48 0 9 87 1 14 47 75 82 19 1 0 30 1 82 58 1 76 61 77 65 2 0 15 1 84 34 1 46 70 43 
83 1 24 59 52 0 1 0 28 1 73 82 56 14 0 82 49 11 33 36 83 18 86 77 83 93 34 0 0 82 89 5 14 90 97 70 5 64 82 11 21 1 32 66 26 0 44 15 1 79 
30 15 74 98 24 62 41 72 10 29 41 0 0 53 7 0 52 80 49 71 38 1 15 4 77 45 11 1 70 64 30 0 96 50 45 1 25 1 72 1 66 12 0 83 76 0 78 46 95 2 
61 83 97 1 22 27 14 27 13 73 17 21 28 77 58 1 0 58 14 75 48 6 7 10 6 29 85 35 20 46 18 82 73 52 0 49 59 0 55 22 27 0 17 37 75 23 0 1 34 74 
89 67 0 0 53 57 77 73 40 0 0 38 0 39 41 95 1 0 22 19 0 1 61 27 57 61 45 79 40 95 39 1 0 1 1 55 87 75 96 1 68 9 58 8 78 36 94 62 13 27 
77 70 26 15 86 49 86 59 43 9 76 88 0 46 48 0 30 62 0 1 19 1 6 37 0 39 57 89 53 1 1 38 61 58 38 51 7 44 90 14 83 35 1 87 1 56 63 0 45 76 
59 1 20 48 1 1 23 41 69 0 0 99 26 51 38 74 1 1 82 0 24 4 39 8 51 1 1 94 0 35 5 19 14 71 58 0 1 1 77 65 14 63 51 94 61 0 52 28 87 52 
47 25 16 8 92 41 46 11 61 41 0 57 16 54 99 83 16 0 1 0 0 35 84 12 94 31 91 1 63 52 84 70 86 0 0 82 17 55 84 40 87 27 1 48 90 1 64 48 6 60 
60 2 85 13 36 3 90 96 74 76 32 26 28 0 96 45 1 0 53 1 19 0 28 0 1 66 90 62 81 19 13 22 66 20 77 1 74 70 0 1 57 1 73 34 1 64 29 10 2 23 
48 3 1 6 89 0 78 51 5 76 98 48 90 1 61 88 84 73 39 1 58 87 0 17 76 53 88 79 78 47 1 99 50 0 64 81 80 24 1 93 77 92 15 65 6 0 40 19 0 35 
13 63 41 66 24 93 79 24 1 3 42 52 0 69 1 0 16 53 51 76 45 1 90 0 44 61 34 57 1 21 45 29 70 98 48 86 1 64 58 25 0 0 70 69 95 87 70 35 92 1 
60 71 53 53 24 93 19 1 99 1 0 98 92 0 1 8 4 72 8 8 0 96 0 67 0 24 17 82 1 2 70 0 1 19 92 0 81 70 9 55 26 88 3 32 2 19 10 78 67 98 
37 1 63 38 72 31 18 60 1 98 39 1 97 31 91 69 57 1 4 90 93 48 5 86 88 0 0 1 1 48 1 62 67 0 59 60 73 0 63 1 0 45 26 1 64 97 32 92 1 11 
45 9 29 1 1 0 0 87 38 31 67 1 1 1 22 6 76 1 37 87 83 1 13 23 87 1 0 0 51 42 38 67 72 54 13 1 1 52 1 52 0 27 28 50 62 73 96 1 81 0 
65 22 22 81 67 55 0 83 99 1 2 82 23 19 39 78 1 92 21 1 12 87 69 27 26 0 81 0 89 82 0 1 1 35 44 36 40 62 77 1 90 1 18 92 27 0 1 9 43 85 
57 66 0 16 59 0 99 59 98 53 52 0 21 41 39 0 43 34 90 0 88 52 23 0 0 0 30 11 0 14 78 43 1 17 34 6 66 35 0 25 66 51 7 75 21 26 0 86 84 89 
89 28 1 20 73 34 99 93 75 0 47 59 8 96 77 75 32 34 30 1 13 66 42 0 61 8 73 25 0 0 80 1 1 34 98 36 43 65 88 76 59 0 7 0 61 33 74 42 16 88 
0 44 1 0 17 85 71 39 53 94 2 75 92 0 21 94 52 77 1 80 70 43 89 87 84 49 10 8 52 82 0 0 49 28 93 38 0 18 0 0 81 0 27 37 1 0 0 18 30 64 
69 0 9 71 42 38 23 23 93 7 94 9 15 14 97 0 15 28 15 80 97 78 0 84 86 29 82 29 61 24 69 0 43 50 86 1 1 7 0 0 28 92 8 71 1 0 77 1 68 63 
30 47 47 39 13 50 93 33 73 51 0 51 7 74 89 0 75 62 19 35 54 84 0 4 55 99 99 0 20 51 21 29 0 39 70 67 0 0 68 14 66 30 8 27 69 3 44 46 95 22 
19 0 36 0 50 50 35 37 7 1 41 6 71 91 73 27 0 0 1 15 1 34 0 16 76 65 17 30 22 66 24 77 82 0 27 71 66 27 79 6 26 41 99 95 67 44 0 41 21 32 
45 15 97 84 47 42 96 0 85 20 69 57 0 0 1 58 35 56 66 6 78 7 1 0 96 96 64 1 48 52 84 69 37 85 0 29 10 18 0 5 87 4 25 75 5 93 71 63 3 73 
0 15 95 25 14 23 71 65 56 48 27 83 42 91 1 79 34 1 1 1 0 0 62 25 19 76 1 1 97 31 0 9 34 35 1 0 40 1 96 92 25 0 69 75 1 1 1 27 77 66 
89 51 82 63 0 14 32 51 98 33 56 1 64 48 27 68 70 67 99 59 57 1 1 96 0 37 0 64 1 15 1 78 88 59 1 83 0 0 89 51 1 38 24 85 81 71 32 65 1 28 
2 35 79 58 54 44 63 0 45 46 63 88 10 46 0 9 45 92 0 0 76 27 1 60 9 81 72 64 82 13 42 70 91 22 42 30 20 0 54 86 31 6 29 84 16 64 71 0 41 6 
1 85 69 0 97 27 98 27 16 78 1 90 75 0 45 26 85 0 27 67 77 64 34 5 1 17 6 67 1 0 65 64 64 1 7 1 0 1 0 52 93 52 0 29 38 0 64 0 0 51 
56 44 1 72 30 53 50 45 30 4 62 1 0 1 36 21 12 82 0 0 77 89 88 59 20 10 1 5 94 74 69 0 70 1 24 7 87 1 83 0 41 1 97 64 29 90 86 27 31 71 
91 52 37 1 72 16 83 1 26 30 82 59 5 36 10 98 77 64 92 39 1 80 35 11 12 1 28 26 44 2 14 31 0 0 3 21 75 33 0 12 0 10 27 19 74 41 19 43 1 76 
65 71 29 19 84 0 71 1 1 1 6 87 22 7 35 34 79 1 69 97 0 35 13 41 51 0 63 76 0 1 79 83 7 73 22 88 89 0 47 1 0 0 0 91 70 63 92 96 55 85 
16 67 88 35 13 87 26 51 7 73 7 23 3 0 7 27 78 25 0 32 49 87 99 27 62 21 72 67 3 69 0 15 60 27 60 0 64 2 29 40 94 60 0 11 1 68 0 59 1 1 
68 1 46 47 8 38 87 22 57 1 45 61 1 0 37 1 76 66 82 19 0 87 11 38 43 41 1 54 1 0 33 94 86 66 4 62 24 74 35 46 55 17 43 0 24 58 87 6 8 81 
1 64 8 68 1 1 96 38 65 72 25 70 95 65 63 61 91 69 74 52 77 65 13 10 0 1 55 0 40 95 99 80 65 84 84 1 41 0 41 1 80 1 32 0 0 11 38 90 69 1 
82 52 79 77 64 26 1 4 62 78 87 0 46 65 57 45 66 0 18 93 2 95 20 17 94 1 0 0 1 68 13 1 0 66 50 97 27 23 0 3 65 39 5 57 62 0 83 65 37 27 
31 48 1 65 67 32 55 85 49 89 1 13 60 64 25 24 33 0 39 4 48 90 14 36 40 37 0 58 40 26 53 88 7 77 1 99 34 1 62 79 7 8 49 82 11 94 0 29 34 60 
1 54 78 55 51 1 81 61 1 88 4 48 38 0 50 30 28 42 81 0 37 41 75 87 0 47 0 94 99 69 83 87 85 0 75 0 31 3 1 75 0 95 73 58 44 1 93 0 59 75 
48 65 19 30 0 20 5 95 59 15 42 85 43 30 1 0 93 51 90 24 32 0 38 0 33 92 81 1 35 62 18 1 14 10 57 0 30 26 83 67 19 54 65 49 78 0 36 64 0 11 
84 74 34 30 29 68 76 1 3 65 88 16 1 85 58 14 68 35 47 9 0 60 65 0 6 31 0 0 61 0 80 65 5 22 46 56 52 65 6 70 77 26 19 66 99 1 18 0 33 0 
