1
70
0 0 1 21 128 18 136 96 123 132 31 0 137 83 111 1 63 95 41 0 1 70 8 34 1 125 0 71 0 64 65 66 97 0 123 74 44 0 44 106 69 111 129 37 134 0 91 62 1 76 123 0 23 23 83 139 0 85 124 131 30 93 63 0 5 32 47 61 85 33 
68 0 101 100 0 65 132 106 5 1 40 0 77 47 120 72 47 3 1 1 0 44 95 3 41 23 39 84 1 25 47 55 5 9 21 91 45 110 17 64 119 113 98 50 0 88 58 68 7 91 1 17 51 46 1 136 137 1 124 116 4 130 79 24 31 1 62 1 1 91 
1 108 0 103 31 0 50 78 0 97 102 0 89 1 0 0 77 5 13 41 1 0 1 70 37 105 50 68 90 1 1 99 0 108 42 5 134 51 1 68 0 139 77 61 0 92 1 0 15 55 112 127 1 46 91 132 1 49 74 0 1 46 40 109 56 0 97 84 1 1 
69 9 0 0 121 91 0 108 25 27 1 126 66 106 36 13 1 0 1 0 18 27 76 120 53 1 1 0 0 39 70 0 133 60 9 1 49 15 1 44 95 128 73 9 85 69 126 138 109 93 121 3 44 1 89 0 0 95 1 84 138 1 0 1 75 76 59 6 85 44 
91 1 93 127 0 125 56 0 96 9 122 1 110 1 82 1 1 0 0 1 105 33 1 0 43 114 1 86 21 21 47 1 0 0 115 29 110 117 46 0 91 125 125 64 16 28 71 107 58 93 26 114 59 114 124 66 106 129 103 113 1 90 138 0 65 44 1 114 0 5 
1 0 110 117 19 0 122 124 85 58 116 27 1 73 7 1 137 83 39 1 1 55 0 17 15 0 117 89 121 18 84 115 1 87 16 1 31 104 89 0 81 36 90 19 28 98 103 34 71 137 0 35 54 1 0 117 120 62 90 87 1 79 0 33 138 11 0 123 136 14 
0 91 37 69 1 110 0 0 109 90 0 92 19 25 26 1 93 1 76 78 7 92 1 131 37 64 80 120 0 16 67 71 121 5 86 104 13 1 1 1 109 33 11 8 20 118 15 59 51 78 96 1 113 4 102 89 0 137 0 8 118 20 63 0 1 96 132 86 91 63 
86 1 114 60 11 3 64 0 17 99 54 64 48 73 1 33 17 112 48 85 112 92 14 1 120 29 65 130 61 40 1 77 37 139 88 97 1 42 1 81 98 37 0 1 61 114 0 110 0 0 0 1 56 88 92 26 77 121 57 108 31 24 31 0 26 1 100 77 51 93 
73 104 111 62 36 99 63 54 0 1 65 120 74 66 124 45 45 127 138 127 25 75 126 76 0 77 4 97 93 28 95 137 31 1 0 116 0 23 132 53 1 34 0 0 93 127 127 109 59 1 79 103 34 6 46 1 0 127 94 0 42 100 54 21 1 53 39 137 0 133 
37 61 1 65 49 81 17 138 53 0 54 0 102 1 74 135 134 44 1 1 1 0 111 72 3 22 33 115 0 0 29 103 5 139 99 105 113 139 1 120 125 98 83 45 125 5 97 0 92 139 56 57 107 124 33 108 9 83 125 1 0 72 115 1 0 68 75 103 30 121 
12 37 56 126 72 0 39 42 124 67 0 18 51 113 54 50 0 40 0 98 96 0 131 0 15 105 131 89 54 1 68 35 101 80 120 133 112 1 29 0 134 132 17 94 58 90 1 125 20 33 3 106 32 36 99 98 77 11 0 0 133 0 1 0 101 99 1 1 115 18 
1 101 34 69 24 85 55 0 132 9 18 0 1 92 61 1 0 70 49 77 126 116 1 109 26 87 109 124 20 100 62 8 39 110 23 122 98 1 1 99 112 0 40 50 119 0 31 0 114 51 131 12 1 1 111 71 74 133 26 88 123 45 135 122 0 89 1 90 1 17 
53 0 138 1 80 132 0 1 0 7 34 126 0 104 12 32 15 0 37 120 83 9 26 1 0 74 50 32 94 40 22 61 0 20 84 30 49 0 111 73 75 15 111 40 62 87 61 139 23 0 34 25 118 26 129 30 1 131 121 138 97 128 92 1 111 0 12 124 127 124 
111 111 15 1 82 121 57 1 90 41 26 76 106 0 1 0 1 84 83 7 3 82 0 1 89 0 54 0 66 123 89 1 16 86 117 53 30 0 117 131 27 77 126 131 46 1 57 85 122 79 0 1 14 1 0 98 71 1 1 89 28 116 1 1 70 1 12 124 61 19 
0 8 16 0 131 127 0 0 0 139 79 1 52 26 0 68 111 79 78 81 112 28 38 1 101 44 26 4 31 0 0 104 18 1 81 0 0 127 88 52 1 103 25 55 0 110 1 1 80 0 26 34 137 0 21 130 0 23 131 6 43 80 21 113 110 62 126 5 77 77 
90 0 1 98 1 1 108 35 102 0 32 38 40 112 83 0 96 49 128 26 1 106 1 1 14 20 16 0 0 1 42 0 68 98 122 69 1 57 0 108 124 11 107 13 0 38 34 101 54 86 62 90 1 41 84 69 52 17 38 12 0 0 30 1 1 94 36 96 61 1 
29 114 114 0 6 0 29 106 113 14 17 69 1 74 56 22 0 14 88 0 125 95 128 0 44 1 24 1 82 3 28 20 84 1 132 0 61 98 23 123 2 51 46 54 3 128 33 112 30 100 28 1 78 139 1 0 99 20 94 79 1 98 136 20 58 95 96 1 30 79 
1 59 34 63 1 126 29 125 41 43 87 94 64 109 38 45 10 0 13 79 98 50 83 12 0 88 31 114 33 14 68 121 1 129 115 102 108 129 61 115 12 15 99 1 117 8 22 133 1 19 105 43 121 105 36 1 120 80 1 31 128 88 1 66 45 60 0 14 0 107 
25 1 1 66 100 95 128 0 130 48 53 0 0 90 120 139 27 40 0 11 10 0 40 33 63 0 1 33 136 43 114 66 82 8 10 0 83 127 0 20 38 2 9 36 80 109 0 0 25 120 12 46 83 33 110 98 0 97 118 116 94 0 78 32 52 119 1 48 120 73 
7 94 131 53 12 62 117 126 0 0 7 67 1 22 13 53 82 44 1 0 35 59 119 123 17 0 92 49 98 24 1 15 127 26 105 75 94 138 0 45 22 1 9 138 126 18 65 10 114 0 48 1 49 0 69 64 62 114 1 71 92 94 82 6 116 6 128 80 83 0 
1 58 1 0 0 105 103 10 65 102 132 52 77 114 102 50 1 83 16 37 0 0 42 127 35 62 65 100 1 51 4 91 18 0 0 43 0 66 115 78 31 0 99 17 44 91 130 71 39 78 128 25 1 0 6 86 1 0 89 119 118 0 0 64 1 1 0 104 83 0 
0 52 40 129 113 0 47 1 55 98 73 54 79 63 0 132 35 4 61 119 40 0 109 44 68 138 96 37 1 1 59 16 85 6 61 48 0 1 110 125 107 128 62 73 0 98 0 63 1 78 1 65 0 63 1 5 59 106 48 125 0 113 138 94 68 76 56 108 46 113 
105 1 33 129 10 84 1 65 98 135 125 1 50 60 128 1 1 1 114 6 71 51 0 79 12 49 111 50 111 8 114 0 86 77 61 1 111 96 41 32 42 109 0 117 1 56 57 65 8 0 81 96 20 25 51 101 6 0 102 77 51 0 12 29 94 62 82 45 0 38 
53 14 10 94 59 73 0 6 58 18 0 38 30 48 139 49 1 116 0 0 0 18 25 0 108 35 0 71 52 110 118 63 25 73 69 43 71 1 133 13 112 112 123 40 131 17 55 119 0 1 77 51 0 84 29 72 72 95 1 13 0 68 11 42 91 17 3 56 0 1 
118 121 40 1 35 0 66 19 84 86 74 25 41 103 47 107 75 0 45 79 61 14 100 5 0 115 82 58 1 135 133 13 122 111 90 103 124 73 55 26 1 1 1 97 53 66 27 1 125 102 0 21 1 1 89 21 83 70 0 0 82 60 1 94 45 52 112 26 35 105 
103 19 80 48 1 95 1 0 84 29 52 76 20 24 31 86 28 26 3 135 62 119 1 60 1 0 130 19 98 82 124 0 136 71 87 87 77 22 1 117 12 44 19 12 72 62 135 104 94 0 18 114 2 38 74 11 94 0 53 110 12 98 0 7 121 52 129 45 57 87 
44 62 30 1 1 1 136 56 27 130 117 120 111 60 111 0 10 108 14 117 13 16 106 0 104 29 0 0 69 70 1 66 82 54 51 1 1 136 0 109 135 63 77 14 62 0 66 0 41 23 6 1 26 57 53 134 125 1 74 0 66 1 103 93 18 132 104 0 103 1 
137 135 87 19 0 127 12 112 124 38 31 63 89 23 1 0 120 127 0 87 53 0 10 103 37 109 118 0 124 1 75 71 118 27 39 0 88 70 58 0 123 54 7 126 74 33 92 109 90 1 43 0 57 88 97 124 2 87 0 88 72 1 0 1 132 139 29 128 0 0 
8 99 113 22 77 1 84 104 5 0 86 0 15 88 39 108 139 113 1 7 0 56 77 109 123 85 0 4 0 1 122 57 130 25 134 15 0 0 27 0 1 103 43 92 52 76 133 89 5 1 29 77 69 36 92 35 0 0 1 72 13 132 38 1 65 122 67 1 128 35 
37 2 46 28 23 105 0 117 11 0 85 48 37 134 134 40 10 84 132 1 0 120 108 126 138 133 128 0 0 0 93 125 40 123 44 5 91 98 8 12 3 85 136 43 111 0 0 23 117 90 0 79 0 100 75 92 132 7 40 99 108 8 105 101 32 37 0 12 130 128 
1 102 12 64 1 94 57 93 120 4 111 84 0 105 41 1 113 80 3 75 37 12 103 99 126 76 15 4 102 119 0 1 110 79 0 95 112 113 0 53 17 0 139 119 113 43 124 121 13 50 54 70 2 117 58 1 78 96 137 20 0 33 45 11 69 117 13 6 12 21 
1 130 69 31 50 108 19 15 38 104 0 79 28 66 51 0 112 0 51 26 39 88 14 56 115 110 125 5 42 113 118 0 15 33 0 1 129 7 71 32 90 10 0 6 109 33 55 123 0 89 7 52 1 39 45 131 0 16 103 30 29 95 45 105 34 131 0 36 0 46 
55 6 1 0 1 1 29 23 90 1 27 91 54 137 117 5 1 70 117 1 10 87 73 96 76 76 118 62 78 136 1 0 0 87 0 7 1 0 47 78 114 119 77 15 9 71 61 83 1 3 57 107 129 17 24 137 110 30 1 113 132 23 0 117 1 47 68 15 1 0 
22 99 131 6 84 40 0 75 0 67 0 0 71 114 1 13 124 1 31 114 53 124 1 137 1 12 35 28 115 1 61 1 113 0 19 69 12 1 136 10 121 42 28 56 128 65 1 9 102 127 44 1 115 8 0 10 136 41 112 71 0 0 93 119 42 120 0 4 83 134 
40 0 131 101 1 2 102 84 88 120 22 8 97 1 0 112 128 63 67 38 9 100 94 22 15 18 96 31 108 1 102 0 13 67 0 20 1 1 105 74 31 1 32 74 138 36 0 102 9 0 96 79 53 0 76 85 68 83 109 0 114 108 0 53 126 95 0 1 101 50 
53 15 13 0 1 50 45 36 76 30 69 0 107 19 127 113 71 100 138 85 37 0 1 18 1 1 1 116 83 62 35 78 108 1 112 0 105 134 58 39 49 0 110 59 15 58 60 105 1 3 57 108 75 4 1 42 1 33 0 123 133 1 17 1 88 4 77 20 24 1 
95 62 1 117 1 96 0 24 131 45 65 103 8 0 80 10 0 51 95 64 85 32 33 0 55 42 71 33 87 64 22 0 1 1 8 0 0 105 136 47 75 1 69 114 43 132 6 27 1 136 32 1 0 51 41 58 0 1 0 57 97 72 23 50 0 94 54 40 54 1 
136 132 1 1 101 11 54 115 69 62 63 0 54 79 139 16 18 68 83 92 21 1 0 133 138 1 132 1 41 25 36 53 0 115 138 21 66 0 31 128 68 134 1 39 14 7 61 132 128 2 81 1 1 22 11 95 39 77 127 0 0 1 110 36 116 31 36 9 139 31 
64 24 51 45 17 61 118 1 1 0 1 74 0 49 0 136 54 10 94 7 0 81 0 7 0 82 0 117 103 5 1 1 118 81 133 89 45 0 0 44 86 18 116 127 1 65 48 1 37 0 8 25 0 1 52 40 0 18 0 14 52 55 32 95 133 1 93 0 0 21 
127 53 46 106 14 0 45 0 127 94 32 7 42 8 0 1 87 0 99 0 54 84 1 137 85 103 3 72 25 107 0 1 53 65 98 121 21 62 62 0 0 1 23 114 89 101 6 65 132 41 124 108 137 105 3 0 1 1 83 53 0 50 1 0 93 65 98 22 120 54 
0 65 117 0 76 107 0 42 128 0 67 106 46 64 111 53 73 0 1 24 1 0 135 28 1 45 88 42 73 135 0 23 95 118 30 106 61 52 58 23 0 1 125 115 105 1 126 1 5 0 11 16 85 42 28 72 1 61 29 1 36 1 39 81 16 138 124 0 19 55 
1 110 123 28 83 70 134 89 60 42 29 61 86 36 135 92 130 61 125 112 134 1 31 1 41 60 40 23 23 19 59 125 9 79 132 121 65 126 58 73 0 0 1 139 23 1 1 1 41 80 68 112 1 1 0 85 14 38 0 69 133 9 120 1 11 91 100 133 23 26 
30 10 80 100 22 37 28 46 120 5 101 0 1 1 0 93 28 104 1 98 0 102 84 73 46 48 102 1 104 25 1 4 137 39 66 74 16 68 36 67 1 123 0 34 14 3 12 0 1 90 122 138 11 127 86 136 25 38 0 135 0 0 19 47 59 113 1 133 113 1 
135 128 0 133 57 9 0 83 20 76 96 138 93 15 87 21 2 1 74 58 111 60 0 75 110 28 21 109 1 0 129 60 66 0 2 19 0 75 1 17 31 1 119 0 121 33 24 75 9 0 88 47 91 0 35 35 109 112 81 64 108 6 1 82 59 50 47 0 0 0 
127 125 65 73 0 103 42 108 128 0 15 1 96 31 1 35 73 88 0 19 1 0 0 24 0 110 50 1 1 127 45 50 0 53 132 50 114 0 66 12 18 67 1 1 0 111 1 58 136 108 97 119 78 0 108 1 2 10 0 1 23 56 98 1 0 133 1 20 92 5 
44 0 32 105 58 1 0 25 112 0 16 42 84 0 81 122 87 116 2 96 1 0 63 61 119 0 16 137 41 0 1 110 47 36 119 26 51 16 12 54 1 126 1 76 106 0 0 8 4 112 8 38 1 83 96 1 126 76 37 91 119 80 135 4 118 116 112 35 65 99 
0 90 35 63 1 54 28 59 94 18 0 113 0 0 46 137 109 92 109 6 107 62 47 114 60 48 23 107 127 64 116 0 0 25 1 0 2 34 114 76 138 1 18 0 45 0 0 22 33 22 37 1 74 0 1 54 81 2 1 26 1 96 1 1 2 101 59 101 102 40 
74 103 126 81 14 7 1 0 1 1 1 115 44 65 103 116 0 94 14 79 72 94 114 0 0 64 72 0 1 83 130 123 118 1 99 2 49 18 135 1 1 64 2 0 130 72 80 0 0 31 0 59 55 1 98 17 1 7 139 1 1 87 104 100 101 1 0 81 92 71 
113 0 71 106 57 46 0 1 56 81 78 109 0 44 1 1 14 0 104 104 51 103 85 0 1 91 84 0 1 17 0 128 104 20 88 17 62 0 92 101 92 63 47 62 1 58 112 108 0 110 51 19 97 1 44 36 31 76 46 49 67 38 7 6 86 56 1 30 33 111 
56 7 117 0 102 67 70 37 78 1 0 9 68 58 117 31 42 9 1 62 111 0 106 98 1 102 110 137 83 32 127 77 64 1 8 1 75 132 7 134 92 33 86 66 133 96 92 91 98 0 29 1 27 99 130 0 1 1 0 90 0 0 8 46 0 1 32 1 1 0 
37 1 1 29 21 0 68 128 97 79 93 16 82 26 0 22 94 129 136 69 70 0 44 74 69 67 1 0 16 0 127 129 114 55 29 65 108 71 1 72 130 137 103 0 101 2 88 39 7 15 0 42 64 18 103 131 0 122 5 75 14 1 95 0 40 7 17 55 0 130 
18 105 0 138 0 43 1 1 0 87 0 129 30 51 58 112 120 92 70 1 77 18 126 1 10 1 5 118 25 48 130 0 0 0 1 53 38 35 59 0 82 34 35 66 32 8 0 0 27 135 56 0 107 112 92 0 27 32 28 75 62 128 117 105 139 0 1 60 115 36 
22 73 70 38 99 113 118 122 42 1 85 111 0 86 97 1 125 127 66 112 137 120 0 0 63 33 0 99 58 135 6 103 1 122 26 112 17 55 0 135 64 1 0 32 93 19 82 20 84 25 26 0 0 35 22 70 0 1 1 62 16 93 19 0 23 0 65 21 0 131 
5 125 0 1 0 86 32 34 43 0 0 0 41 0 0 1 1 83 57 38 7 1 11 0 50 75 1 36 0 24 1 97 131 91 60 20 17 122 0 1 123 0 95 0 103 128 92 73 79 93 11 131 72 0 25 137 94 1 16 54 4 124 41 81 0 61 87 80 105 115 
100 1 118 1 82 123 36 125 101 138 1 1 119 64 40 0 31 100 0 29 1 137 116 63 0 10 102 15 86 115 134 12 15 57 37 64 126 22 40 107 30 130 60 89 78 111 1 13 125 130 139 102 1 51 0 113 56 1 137 1 35 123 139 11 97 123 108 68 114 0 
119 54 37 123 109 129 59 87 1 96 123 0 82 26 0 40 0 41 55 1 93 98 1 42 16 118 128 47 80 16 26 1 48 115 9 1 137 113 0 33 10 124 1 54 31 72 90 122 0 87 0 112 32 36 104 0 96 139 1 37 1 82 10 125 13 112 25 6 46 90 
0 83 42 133 127 120 15 30 32 129 1 117 0 28 90 119 107 105 1 100 94 70 39 89 1 15 130 29 34 0 1 1 74 114 0 82 138 71 84 0 1 52 0 1 27 35 117 77 75 16 124 1 0 54 127 67 0 22 60 31 30 42 74 96 1 132 1 0 58 102 
58 9 1 0 98 137 34 78 24 0 20 30 99 68 1 20 57 25 0 0 36 82 1 40 1 35 52 0 111 36 0 62 135 65 128 2 134 17 0 34 65 78 8 74 22 61 2 20 138 60 31 70 63 6 1 1 130 0 0 1 1 123 28 47 26 1 32 46 77 1 
0 43 76 0 56 1 136 1 4 125 127 121 0 0 34 17 118 40 12 83 46 111 0 0 71 135 86 136 68 29 31 59 79 0 139 66 1 104 1 1 101 97 92 93 0 76 18 32 5 4 55 103 1 94 127 60 124 56 0 130 74 70 1 7 19 130 80 122 121 138 
13 1 113 123 1 1 8 70 87 56 0 51 74 44 127 35 0 0 49 53 11 61 121 70 133 127 81 80 117 111 54 1 119 132 33 0 113 35 0 137 130 0 9 17 27 1 92 21 72 32 0 76 61 18 4 31 0 0 92 0 42 5 46 125 1 15 117 88 0 1 
9 17 72 32 17 133 98 10 138 76 53 0 0 101 66 0 16 1 18 95 58 19 139 31 0 77 50 0 117 16 74 1 14 138 1 3 1 86 24 109 1 18 67 13 50 78 94 1 128 59 121 1 74 53 51 123 27 52 38 0 0 1 111 0 29 18 0 76 65 131 
127 98 132 40 0 4 7 1 1 79 0 7 76 16 123 1 56 0 37 10 98 32 0 69 1 136 88 22 95 26 1 96 1 82 101 47 32 115 20 0 23 130 13 44 57 0 51 0 57 121 1 127 22 70 116 30 1 1 66 0 21 0 76 42 36 8 0 132 0 109 
87 6 1 0 46 87 1 107 120 0 133 13 0 1 0 101 42 1 103 37 6 117 94 133 25 27 7 1 5 94 120 138 123 137 17 0 90 137 49 56 114 131 11 41 31 130 10 0 1 0 7 120 74 39 1 104 1 122 104 0 68 68 0 138 0 35 18 35 60 138 
0 132 123 54 14 1 126 20 66 74 4 73 42 36 1 97 91 86 1 81 4 131 68 51 33 0 4 100 26 114 1 31 4 0 45 130 123 8 50 11 46 32 10 75 0 79 77 122 19 114 1 20 95 0 1 127 89 1 74 1 75 1 76 0 63 128 61 62 0 1 
29 0 0 99 98 73 40 12 50 106 108 113 0 26 104 0 72 107 78 58 112 31 97 43 1 35 138 139 1 111 85 118 107 130 79 96 1 80 120 0 93 19 30 1 104 0 25 8 0 1 0 106 39 1 32 49 0 132 50 119 118 44 104 14 0 20 106 29 30 0 
126 123 115 2 110 1 122 1 81 99 96 95 32 34 91 56 71 1 44 43 0 105 99 114 88 29 71 55 60 0 0 17 52 65 34 83 0 75 128 3 72 84 1 1 34 84 31 0 1 104 1 0 116 54 53 53 0 0 0 1 1 68 110 1 1 0 127 3 29 90 
1 10 1 0 104 23 14 11 9 73 83 1 54 135 26 1 134 137 31 41 45 93 22 42 50 1 76 71 115 40 27 1 76 76 44 0 75 0 20 1 11 49 34 8 46 22 73 60 1 1 7 138 47 112 0 111 87 0 73 106 120 75 130 111 1 1 0 74 28 67 
11 42 77 6 24 128 51 19 0 0 48 114 1 11 91 135 23 58 82 127 129 78 70 122 51 0 69 87 1 72 41 1 9 0 72 60 1 35 90 69 107 132 119 135 0 21 80 36 67 1 3 102 64 19 112 55 135 0 37 44 123 12 0 60 37 108 117 0 42 118 
104 1 107 119 72 64 33 1 22 23 1 102 39 86 0 9 104 60 1 80 10 33 62 0 12 0 0 16 128 0 0 38 0 75 29 1 96 101 99 48 1 137 45 60 83 32 1 1 35 1 41 51 19 39 20 95 0 0 135 9 112 1 80 124 1 78 0 50 0 25 
10 91 1 3 135 51 111 1 123 2 0 76 92 70 4 0 63 98 137 119 5 34 133 103 0 75 25 87 62 132 109 43 0 1 136 93 0 101 11 36 85 77 36 1 95 124 0 1 54 112 43 18 110 89 95 0 0 125 1 85 0 7 0 0 18 42 72 77 1 0 
