1
90
0 133 172 100 1 28 1 65 138 1 86 2 1 78 176 153 94 156 143 68 119 157 35 177 0 0 28 57 66 0 87 1 71 76 122 74 84 111 93 0 1 0 45 94 141 125 86 120 170 171 139 128 118 90 25 12 0 139 128 1 97 14 31 110 172 1 87 0 20 71 25 164 0 54 0 175 120 116 44 0 0 1 1 0 101 0 103 145 64 11 
168 0 1 41 1 0 115 142 41 33 67 25 151 145 78 93 32 134 1 146 24 146 140 0 67 82 1 49 132 40 0 0 15 87 15 62 166 67 45 101 67 60 34 96 0 1 0 122 68 148 92 101 26 0 147 127 1 51 133 42 110 50 50 150 104 170 15 1 69 85 108 1 110 67 92 105 70 1 5 111 86 27 0 1 39 0 105 114 104 57 
1 115 0 51 130 96 139 148 164 134 1 1 150 64 39 119 140 80 0 178 27 0 1 116 8 0 113 117 125 147 13 73 0 0 14 1 81 0 0 129 0 132 120 98 1 35 19 141 108 90 133 68 156 16 55 129 0 162 82 130 146 16 1 72 121 51 1 11 1 174 0 19 111 101 42 102 0 89 93 1 138 157 16 138 42 0 32 16 106 1 
31 1 7 0 64 93 178 1 0 0 64 24 25 20 82 142 4 152 1 0 49 49 125 53 169 109 25 79 0 25 0 125 143 0 163 56 55 140 54 27 29 4 90 6 13 67 144 69 154 69 80 79 146 1 10 50 0 52 134 157 1 141 105 0 1 0 158 133 139 15 1 134 50 155 34 134 13 160 137 163 130 124 0 161 0 0 123 107 1 1 
125 0 1 158 0 143 1 153 106 141 1 158 106 179 175 1 0 0 0 162 16 73 43 100 137 18 0 0 48 118 146 99 18 64 147 110 162 33 90 104 0 34 7 126 0 78 1 0 43 136 119 35 131 1 125 84 0 11 36 1 139 32 97 178 1 0 161 23 85 0 134 0 0 157 163 1 8 90 7 0 1 1 20 135 52 0 28 152 68 22 
116 119 0 1 49 0 98 122 158 113 59 124 35 179 1 78 1 1 112 10 158 46 6 82 1 80 0 36 31 0 174 17 1 86 1 18 61 132 1 177 46 70 144 39 1 55 0 166 0 146 130 1 84 125 0 140 0 165 1 119 10 1 155 7 69 121 101 0 0 169 1 24 0 156 153 36 165 60 16 164 1 63 111 1 118 106 30 13 138 2 
36 43 152 62 173 60 0 65 0 51 1 0 147 1 159 12 156 108 146 92 0 159 152 0 161 81 1 1 16 90 153 58 11 105 151 166 0 73 92 163 169 148 41 121 0 72 138 57 95 65 4 0 21 131 149 24 178 145 16 179 18 0 178 143 1 1 93 155 48 90 110 27 81 14 132 119 1 1 94 0 161 135 73 1 17 105 0 104 1 56 
123 20 82 21 0 0 62 0 90 62 1 1 115 77 11 136 137 0 166 150 1 1 94 145 1 90 1 96 78 35 96 125 94 0 4 93 6 1 153 0 29 33 1 24 59 114 57 74 121 122 67 162 166 58 143 118 148 109 150 7 170 1 0 130 0 57 98 28 130 0 58 1 137 31 179 144 44 29 1 117 7 1 26 146 71 66 0 0 24 59 
158 172 66 2 35 95 110 72 0 22 145 101 147 131 27 124 1 149 112 1 1 1 0 8 162 1 137 78 1 30 0 1 0 0 0 95 155 122 1 112 5 98 164 59 73 131 109 66 39 59 118 61 47 1 92 77 95 163 103 87 1 0 0 130 120 18 55 0 52 92 1 25 34 87 55 0 0 0 128 77 144 25 1 0 166 1 84 0 43 0 
26 107 0 0 2 70 0 107 153 0 5 90 42 85 105 27 147 166 156 21 115 1 120 116 178 158 0 9 93 35 118 140 1 116 1 82 163 69 63 60 37 124 129 23 73 11 103 144 175 1 44 164 47 72 54 0 158 80 0 179 32 161 161 163 35 62 15 34 122 63 172 113 6 116 0 13 112 162 142 1 1 160 1 63 146 72 169 174 24 43 
137 17 108 10 141 170 11 11 52 174 0 1 148 54 4 27 30 0 21 0 29 78 0 1 159 132 10 122 94 0 110 139 83 1 110 1 13 72 144 101 0 73 0 177 108 166 35 126 0 49 46 109 52 157 29 45 136 22 1 0 76 1 168 12 1 1 1 121 96 142 1 1 94 75 1 105 60 126 21 26 163 37 170 102 42 161 33 0 37 66 
22 178 60 0 71 69 100 113 53 1 13 0 123 15 0 113 136 80 6 129 79 76 41 142 56 0 69 139 0 0 150 123 0 64 0 43 122 73 25 77 161 155 46 47 56 59 121 1 179 130 24 55 179 86 76 89 175 36 0 120 163 78 1 112 173 172 85 0 175 119 135 27 1 41 0 43 25 72 139 123 140 102 58 0 108 149 99 0 108 121 
87 66 1 76 159 1 10 142 78 152 61 25 0 79 0 33 31 156 61 116 178 138 1 67 1 179 1 171 144 133 110 156 172 15 166 17 114 109 1 159 161 50 26 117 113 116 0 14 129 177 1 135 1 0 38 1 157 65 67 0 128 1 108 1 79 16 0 1 14 149 173 144 1 131 122 170 51 100 173 33 0 1 26 118 0 37 106 76 95 10 
169 22 92 145 1 96 1 74 71 81 150 18 0 0 12 1 100 155 92 132 155 88 66 132 28 155 0 0 1 42 95 25 27 81 31 34 78 179 170 114 53 97 5 171 107 47 0 169 17 36 31 91 1 49 97 24 88 167 149 170 0 0 73 116 0 0 113 95 2 105 63 149 1 0 0 79 66 3 151 133 1 125 20 79 24 143 81 140 61 2 
1 121 128 173 0 159 125 94 49 19 146 41 1 147 0 64 1 0 27 1 0 158 0 1 44 0 141 176 0 28 8 20 0 11 77 166 160 125 162 151 54 25 0 115 1 25 0 147 91 157 150 1 11 21 144 9 124 64 13 28 88 143 25 121 122 88 0 114 29 152 53 1 1 0 36 178 96 87 59 45 40 48 110 22 107 139 1 1 44 49 
102 137 29 76 30 1 140 160 1 57 1 176 84 132 53 0 31 169 142 0 152 140 64 1 168 126 22 25 41 20 0 1 138 57 167 71 125 168 0 159 6 34 142 114 10 155 1 0 135 101 1 0 104 81 105 98 0 85 64 74 154 164 0 63 115 0 50 146 87 7 109 159 139 151 50 0 72 77 177 102 46 0 6 1 25 1 0 176 18 28 
58 134 154 103 56 8 1 99 102 41 0 16 30 81 139 15 0 47 129 97 17 72 68 52 84 124 177 104 60 45 10 173 74 133 164 43 79 96 157 7 39 1 2 1 147 85 0 44 171 137 157 84 125 70 166 1 130 39 84 1 0 120 145 138 2 0 90 92 0 89 10 93 173 95 104 162 16 100 0 157 0 104 1 16 1 1 29 99 144 166 
136 53 40 125 78 0 89 108 59 0 128 155 24 135 0 141 0 0 1 1 34 91 94 84 131 65 147 101 142 132 1 65 1 154 17 73 66 4 110 40 1 166 161 0 65 111 160 78 1 0 174 1 69 65 52 172 136 1 148 177 158 74 177 74 104 0 93 1 3 39 1 112 91 106 84 171 126 11 19 73 22 167 1 102 127 33 119 1 32 111 
40 1 100 1 126 151 127 161 39 1 24 103 0 9 59 23 163 0 0 119 53 117 126 83 124 1 26 147 162 71 122 0 1 170 60 90 1 0 0 36 54 1 0 72 30 155 165 0 127 167 174 42 135 22 90 171 154 0 1 56 1 65 31 1 157 169 68 70 109 23 76 141 130 157 0 45 13 145 1 71 165 168 5 13 119 1 0 14 0 81 
49 13 61 0 0 164 121 160 9 13 135 73 37 104 1 87 0 152 69 0 1 22 2 97 56 1 12 117 5 129 35 80 1 0 0 51 170 143 14 65 1 140 177 0 0 42 137 46 86 1 154 105 164 164 138 112 108 43 164 73 50 52 1 156 2 104 48 0 120 88 1 74 124 135 0 38 58 54 138 68 104 7 124 92 160 1 135 163 51 1 
122 64 30 153 1 1 1 125 69 0 137 1 0 30 1 82 116 88 127 133 0 39 93 106 29 36 1 0 1 1 1 119 0 62 30 0 165 1 163 8 141 148 86 20 0 107 1 1 48 116 90 34 113 75 49 117 141 92 0 1 1 154 40 69 73 1 116 119 101 47 140 0 2 71 149 45 174 149 152 1 100 104 76 1 74 145 178 129 80 39 
1 173 160 0 109 30 49 63 95 173 1 151 97 39 0 0 101 148 115 148 0 0 0 0 1 136 116 178 154 5 175 1 133 148 118 73 12 12 1 98 70 177 18 108 40 141 145 1 53 155 9 35 169 6 92 59 4 93 5 1 151 0 169 1 106 1 72 106 45 136 143 174 133 81 35 120 86 160 99 6 115 1 108 110 145 118 68 30 0 109 
90 31 19 0 36 1 175 165 104 58 0 0 23 14 83 36 10 162 143 90 168 0 0 1 0 72 1 45 0 65 110 1 133 25 67 163 125 0 61 96 23 12 124 126 126 83 0 137 134 128 68 172 40 1 95 122 15 169 96 52 58 1 0 90 5 113 154 1 55 0 149 14 43 161 36 179 1 84 0 147 105 150 0 161 89 104 178 1 1 22 
90 1 52 0 0 0 92 1 152 1 139 0 48 13 53 177 98 80 47 133 112 50 113 0 175 12 65 66 1 1 116 1 22 56 162 99 154 44 41 149 160 66 88 81 96 116 147 1 0 41 0 1 109 7 87 64 122 0 142 1 22 1 145 179 165 0 173 149 94 0 49 56 0 166 133 99 164 38 115 126 1 148 149 21 0 92 10 40 0 26 
42 1 93 87 1 25 60 30 0 111 111 0 47 111 53 17 123 20 140 135 87 87 162 1 0 146 17 134 1 79 89 176 174 82 138 16 23 82 1 1 0 58 66 4 69 10 65 24 151 0 178 0 45 39 105 1 0 172 105 94 146 122 41 1 3 1 96 0 173 54 83 1 156 45 175 31 145 33 75 0 166 1 133 0 23 83 137 11 101 21 
1 57 1 1 46 177 127 1 24 153 121 1 19 3 161 35 98 21 170 52 114 89 35 1 0 0 1 164 56 32 14 69 136 102 1 0 150 29 87 85 39 34 56 52 0 1 178 0 146 48 67 109 82 177 121 108 165 140 1 0 29 1 25 98 132 62 25 0 29 63 1 126 8 83 1 81 40 172 42 89 76 103 56 164 106 0 139 136 1 172 
0 14 129 49 85 168 118 0 75 65 42 94 131 173 136 154 15 106 90 15 50 1 1 94 49 90 0 17 131 121 90 0 34 41 1 147 8 36 34 137 0 53 139 0 173 93 1 114 100 45 0 1 154 150 1 160 7 160 5 39 76 0 114 1 1 0 7 81 126 53 42 65 63 1 171 37 103 59 54 144 102 112 88 70 80 0 90 97 45 37 
77 170 1 27 156 173 8 95 34 69 0 161 0 0 61 1 9 106 108 81 1 129 66 153 152 56 161 0 112 67 0 91 137 0 126 79 57 145 94 47 50 0 22 57 20 105 108 171 124 151 66 1 104 94 115 1 23 0 140 40 0 7 34 146 49 0 138 131 135 149 176 134 22 14 147 1 64 62 54 45 98 90 121 26 7 76 52 122 82 160 
1 60 69 0 20 1 164 98 174 1 0 33 1 162 27 0 52 172 158 44 115 152 1 135 167 23 132 28 0 80 0 4 176 0 125 0 1 0 3 11 43 38 104 128 98 23 30 142 97 12 75 46 173 1 115 115 0 1 124 129 25 0 65 1 0 100 1 133 165 99 137 1 116 0 89 66 0 1 0 71 122 90 1 1 0 125 79 162 133 143 
1 110 169 1 168 7 85 9 13 1 47 53 9 155 77 126 1 48 57 4 32 0 152 105 139 42 179 42 59 0 66 121 1 155 152 89 1 78 68 64 118 0 96 107 149 81 33 0 1 167 46 0 143 135 117 155 0 69 86 97 133 161 33 105 61 0 90 0 67 130 172 25 0 155 19 176 1 125 1 162 0 37 88 120 162 89 0 150 152 42 
0 99 7 131 68 1 129 174 0 49 46 132 20 92 1 0 128 170 36 30 1 1 110 1 0 36 71 9 71 165 0 64 58 1 154 157 1 104 1 59 2 88 23 148 103 79 155 104 44 84 17 159 53 41 161 100 125 117 137 178 1 1 33 66 1 81 107 1 151 116 112 135 135 1 160 117 1 1 41 136 2 84 108 53 41 4 16 1 71 102 
66 121 17 114 0 67 120 122 127 67 1 33 113 91 0 89 0 1 0 0 0 17 19 64 1 150 82 63 51 8 111 0 132 158 83 85 53 1 121 1 88 100 0 54 60 130 113 25 68 157 116 45 81 132 170 21 170 39 9 100 162 111 71 128 27 49 7 58 102 88 84 121 1 85 0 83 43 67 17 45 0 165 176 165 108 104 1 9 91 73 
1 60 68 155 78 65 96 0 58 66 0 5 137 81 118 141 2 109 154 157 59 123 1 14 109 121 80 1 34 0 119 51 0 64 1 72 70 62 0 34 0 172 145 73 10 67 0 18 0 1 0 1 156 107 135 55 0 29 31 153 1 166 11 66 128 49 1 7 81 73 80 1 115 93 1 0 84 0 66 109 0 122 106 13 127 146 129 125 56 1 
9 21 83 58 18 0 51 111 178 161 1 101 101 110 154 0 40 154 107 21 0 107 103 1 168 1 1 124 159 49 54 12 1 0 70 150 64 0 1 1 70 35 138 30 98 102 0 110 167 62 114 159 63 77 41 98 122 13 75 22 112 105 78 163 0 128 0 0 83 57 106 91 39 61 0 50 107 0 131 85 148 48 7 118 84 173 0 0 149 59 
94 149 111 1 87 128 45 102 140 126 1 163 0 0 1 69 42 123 158 52 170 7 1 0 110 50 21 169 103 111 22 51 179 0 0 0 77 119 177 95 76 31 161 177 131 1 157 1 76 0 111 0 159 18 99 147 1 95 1 53 0 28 153 83 129 0 41 48 105 38 120 1 142 88 96 1 0 78 19 94 77 132 6 27 36 75 2 10 18 34 
5 1 109 1 51 1 149 174 39 82 113 33 1 0 116 9 63 155 134 108 157 90 165 127 31 132 0 165 1 14 137 85 104 108 123 0 0 13 108 43 58 170 34 68 20 90 175 0 0 106 170 1 30 80 71 50 1 102 0 27 61 28 25 143 1 35 0 148 147 0 65 168 61 14 130 6 98 107 44 171 49 163 0 1 105 96 0 23 18 1 
173 130 85 89 11 44 1 51 36 45 100 1 92 66 75 1 1 43 113 134 58 79 38 7 70 166 126 161 103 0 93 144 99 154 12 62 0 94 89 91 133 134 63 0 145 19 0 1 102 70 80 1 157 129 126 47 71 109 142 134 30 62 66 103 75 110 98 78 147 87 164 1 37 0 153 10 1 83 0 112 40 104 1 90 167 123 107 124 1 76 
152 91 124 112 33 48 151 137 0 169 16 46 119 56 80 0 85 63 0 132 33 15 89 172 116 1 84 40 75 141 0 19 1 162 43 0 79 0 109 21 146 171 146 55 120 0 48 32 141 161 1 174 162 133 124 131 63 130 77 135 35 0 1 1 85 17 127 1 57 11 179 1 12 1 136 0 1 0 139 8 167 108 120 131 8 92 157 26 158 56 
136 140 1 57 177 62 1 0 20 25 69 68 143 33 1 143 173 1 1 95 0 140 123 133 171 11 37 58 139 56 130 161 86 43 1 1 81 66 0 17 166 101 135 0 4 74 1 156 80 27 89 131 115 1 52 83 131 128 0 88 107 166 90 6 149 166 121 12 0 0 91 71 144 177 73 72 56 67 120 77 179 22 103 169 140 1 129 45 104 10 
137 0 3 0 144 161 140 1 57 170 30 22 16 149 32 0 152 153 129 170 51 0 8 85 128 112 50 1 133 1 81 126 15 0 161 82 69 75 126 0 21 1 67 42 0 138 41 56 147 1 15 1 1 44 41 79 1 175 18 1 1 40 0 43 0 13 1 21 28 16 81 156 33 0 0 1 0 35 0 122 128 53 144 167 1 59 74 131 75 47 
161 39 0 100 99 106 26 0 148 160 49 176 38 135 109 0 30 1 10 23 1 0 163 111 108 0 135 51 119 96 130 69 104 57 100 117 176 1 118 0 0 1 76 0 62 66 68 74 86 171 156 68 89 151 13 151 108 131 0 42 126 29 75 170 0 113 28 65 43 33 10 166 160 0 96 48 177 109 4 72 1 161 53 0 0 0 0 28 1 172 
35 29 0 130 52 1 74 81 1 0 93 112 103 1 0 156 111 3 0 72 169 1 165 155 156 30 48 83 1 99 49 1 16 159 172 60 0 44 77 81 43 0 29 107 10 1 1 161 100 133 171 106 26 80 0 16 90 0 0 138 173 172 1 19 1 1 23 16 72 0 0 60 1 28 59 1 24 134 1 156 176 54 175 1 164 166 113 122 43 132 
67 89 0 58 56 179 55 0 85 72 16 41 149 1 24 132 1 171 0 147 29 82 178 86 94 21 0 0 0 0 20 91 172 1 111 68 82 102 96 32 169 0 0 150 0 160 41 71 0 64 0 17 94 135 95 21 57 17 110 48 106 75 46 9 151 12 118 0 23 0 111 29 72 110 143 126 83 51 120 73 0 4 44 45 170 168 124 71 1 0 
0 72 28 132 18 20 0 20 120 53 14 0 148 79 13 58 152 107 151 95 68 10 146 77 86 0 164 171 109 11 150 0 93 80 8 80 1 129 22 99 1 1 73 0 167 76 64 125 42 1 175 66 129 32 0 84 90 149 144 0 78 70 0 129 99 18 137 106 75 72 1 52 64 1 28 83 1 176 1 1 122 163 81 147 0 54 127 8 1 1 
0 14 0 66 144 83 134 164 165 27 61 54 27 0 140 102 97 114 82 1 51 122 1 110 19 89 176 0 157 129 141 1 62 56 1 138 18 0 16 98 68 54 80 1 0 105 14 0 0 0 100 4 1 175 0 116 75 137 1 75 25 0 45 43 0 90 2 110 1 1 125 142 54 0 0 171 114 169 162 1 29 1 54 1 73 118 33 0 54 27 
34 30 124 174 179 134 145 0 39 10 171 130 1 149 0 0 50 1 7 99 50 114 170 154 0 173 0 41 0 0 35 113 107 164 99 80 2 9 77 20 93 144 0 12 43 0 141 114 61 147 0 143 155 51 31 82 75 104 100 46 26 108 43 1 124 3 58 0 155 0 154 32 70 23 143 54 0 124 46 91 85 1 69 43 0 133 144 0 122 35 
152 129 151 31 5 1 64 25 121 130 162 106 78 1 144 1 76 147 162 9 177 117 148 120 0 85 28 70 86 31 1 134 78 53 166 69 170 46 106 69 15 78 1 1 55 121 0 146 21 153 1 56 77 178 13 101 131 169 44 85 0 76 45 1 41 143 53 1 153 0 68 1 90 158 131 0 126 0 83 73 83 1 123 158 127 135 1 1 178 48 
159 154 171 0 125 1 28 1 28 0 14 1 0 38 134 125 94 179 22 1 1 60 156 121 175 42 152 1 62 21 1 0 73 142 26 1 22 78 6 161 1 1 0 97 52 6 23 0 162 155 26 163 111 0 40 144 28 87 132 0 159 98 115 45 103 34 70 49 86 161 1 66 0 38 138 112 27 156 118 178 0 16 1 44 64 67 19 0 8 87 
1 103 168 68 142 93 0 38 1 168 56 98 1 0 103 91 142 0 51 117 0 77 17 153 0 1 18 1 107 157 1 1 51 1 177 9 63 118 178 143 20 75 1 106 80 99 38 142 0 113 1 126 1 99 73 54 0 1 23 143 166 173 174 0 1 3 153 31 0 1 39 7 62 116 143 0 81 1 30 164 68 123 0 32 60 2 168 29 82 2 
49 151 5 106 99 116 113 42 0 110 111 107 44 77 125 83 171 1 0 49 103 74 5 106 143 162 83 115 176 156 32 127 72 26 1 0 127 116 153 8 45 132 0 15 72 148 97 0 135 0 161 153 39 45 62 0 74 1 0 77 65 41 1 2 100 107 0 18 1 1 0 0 34 163 113 54 79 148 129 22 129 156 179 136 1 177 66 164 167 127 
55 32 48 0 28 152 172 131 100 121 0 0 0 91 48 131 161 125 24 1 0 61 108 0 16 0 136 88 0 1 46 64 51 132 38 39 120 64 17 1 99 12 0 103 160 155 69 0 50 2 0 52 13 169 18 0 46 0 1 9 1 45 30 0 83 173 46 103 142 36 0 144 93 20 106 2 35 45 116 1 0 165 37 79 1 154 45 138 24 95 
81 1 46 0 69 63 1 72 133 34 137 47 149 26 55 146 0 153 29 73 28 1 103 46 168 120 74 15 89 1 0 49 0 120 0 165 159 1 1 98 0 134 51 61 117 163 65 126 34 141 26 0 44 1 139 33 97 1 25 31 61 74 0 94 9 142 102 71 106 4 169 82 26 27 144 123 27 0 85 146 140 55 0 1 25 108 0 0 0 0 
141 132 96 1 1 10 81 101 49 14 169 136 148 1 80 135 107 150 155 58 0 170 45 97 1 128 31 57 79 1 0 0 58 1 17 1 1 176 79 153 141 1 9 137 1 118 158 131 0 1 65 138 0 176 170 171 175 120 7 51 67 174 1 0 1 21 10 0 164 73 141 1 19 27 92 0 98 92 102 133 175 130 103 3 91 70 59 97 0 53 
153 34 43 104 1 0 45 149 0 51 124 169 1 25 54 1 15 115 131 29 69 1 47 1 135 0 83 0 70 1 91 26 7 105 22 84 95 1 1 63 15 0 73 1 0 108 121 66 146 2 120 58 6 0 2 73 47 6 96 79 147 1 150 175 156 29 102 166 92 159 35 132 0 114 87 22 0 1 178 167 158 79 17 91 146 158 53 1 103 94 
152 140 172 67 172 60 66 66 114 30 156 51 69 3 49 123 34 62 1 143 158 89 32 136 73 32 101 68 59 1 107 151 40 1 27 102 1 0 0 1 119 157 131 108 149 82 131 23 20 80 152 166 74 124 0 55 126 132 1 115 58 73 61 105 0 11 18 40 8 165 155 6 40 29 13 99 71 19 153 156 163 90 1 106 107 112 89 1 142 90 
87 0 1 160 12 143 1 120 119 118 1 115 1 165 97 31 160 9 76 117 97 131 1 106 1 89 24 155 7 17 1 122 175 70 143 0 59 0 0 1 173 0 137 153 53 0 0 1 131 0 129 23 64 0 94 0 143 132 1 1 1 42 90 92 164 123 29 58 167 54 43 100 128 91 57 156 0 102 1 86 119 1 131 131 133 1 173 120 106 144 
1 0 110 134 1 103 42 156 92 89 12 5 119 101 75 70 95 1 171 0 101 125 1 1 1 0 22 96 0 72 55 13 3 103 122 0 64 161 78 142 95 128 1 1 47 4 97 113 10 93 61 75 29 110 119 0 0 1 53 105 0 177 169 1 170 14 27 0 24 71 141 0 94 82 110 93 142 162 0 126 62 19 20 25 0 1 152 5 154 17 
17 72 118 20 149 72 1 1 157 0 80 40 59 16 22 92 1 92 0 0 166 1 142 103 121 17 32 1 73 133 1 30 13 0 0 0 42 130 135 0 44 0 0 59 135 135 96 83 70 131 1 20 1 19 78 127 66 0 20 40 1 133 37 115 1 73 102 77 156 51 76 0 1 60 136 88 1 1 29 54 1 161 32 174 27 48 0 152 116 0 
162 1 164 1 22 47 171 1 158 89 47 63 1 114 2 28 27 0 176 0 147 26 63 67 1 1 1 61 32 91 45 34 72 132 116 37 120 118 1 27 113 92 0 88 131 178 153 157 135 122 70 148 1 20 52 130 165 0 0 121 86 35 124 0 145 3 103 53 101 133 36 117 1 164 160 114 15 20 0 168 139 67 1 59 0 8 92 68 0 136 
1 69 151 86 53 42 0 84 0 0 0 0 22 106 1 160 22 60 37 7 96 174 55 164 121 150 114 72 115 132 33 177 23 97 165 163 103 134 1 121 13 168 100 23 127 0 16 25 74 1 1 1 36 144 0 149 88 26 135 0 3 174 1 102 13 0 50 167 135 37 93 76 78 19 1 1 72 0 155 114 159 51 167 24 59 1 33 0 75 1 
1 1 3 1 1 21 41 176 88 91 176 1 138 178 11 47 82 158 159 1 88 62 138 154 125 90 0 4 40 29 1 1 178 36 0 0 0 116 8 122 1 110 0 164 1 82 175 128 77 0 148 0 73 14 96 0 1 132 0 140 0 142 56 172 3 152 155 70 0 3 146 76 175 175 18 127 116 0 40 119 72 1 150 73 82 35 140 122 57 68 
1 97 14 22 178 134 0 0 90 120 73 89 65 96 163 106 43 11 173 35 1 0 156 153 156 114 163 145 0 88 120 161 41 32 99 114 0 133 149 96 140 64 39 0 45 93 74 173 0 1 101 64 15 5 73 1 128 160 14 98 74 0 0 1 102 102 0 7 161 0 38 30 1 0 122 38 157 75 43 149 139 0 0 0 22 62 121 123 43 27 
0 0 114 18 141 141 1 1 0 27 153 99 0 0 72 92 134 1 39 39 165 85 1 54 0 151 86 0 20 0 149 0 137 154 132 13 55 70 137 52 72 170 175 155 0 72 131 150 156 67 29 2 81 121 54 0 4 1 166 8 1 115 0 0 1 172 97 99 0 97 11 1 91 106 176 111 128 64 105 0 0 138 111 179 69 0 50 106 72 116 
105 0 118 130 10 91 86 86 65 45 135 156 13 143 47 62 50 103 95 13 126 154 47 15 0 1 103 19 160 1 11 149 22 79 0 161 15 31 113 0 50 100 0 0 64 15 1 112 178 148 121 123 97 118 54 19 10 91 84 18 1 35 128 0 1 12 50 19 0 0 0 96 26 161 17 127 144 178 1 57 162 166 1 67 160 65 71 0 172 85 
1 33 41 101 0 158 16 153 6 1 0 37 138 148 0 1 135 89 176 53 168 0 150 1 129 25 114 130 45 1 151 150 57 0 31 1 115 115 31 87 94 44 39 165 122 1 1 1 30 124 1 163 176 13 46 142 16 167 144 130 165 173 155 105 0 79 0 61 91 49 115 72 0 28 67 145 98 117 1 100 41 17 0 56 0 157 1 141 91 0 
12 177 0 0 0 106 39 148 58 17 15 178 95 176 168 142 171 1 167 81 9 1 0 3 45 0 46 1 9 90 33 159 136 46 65 135 142 0 1 44 0 40 1 131 159 164 1 0 67 131 33 150 169 1 0 147 50 9 24 83 128 137 161 132 175 0 154 94 1 177 1 102 25 61 75 23 61 0 1 1 37 133 11 102 86 147 155 165 1 119 
0 82 84 118 8 122 61 159 23 1 124 101 1 35 53 60 60 89 149 66 0 131 109 116 0 146 131 159 0 72 1 65 91 113 174 131 15 50 0 1 60 84 152 126 160 42 112 7 1 16 63 120 17 138 1 20 54 167 0 1 1 59 129 1 56 117 0 151 125 106 1 43 1 94 0 17 104 168 29 113 77 0 108 171 0 136 157 2 141 4 
30 72 35 175 146 171 176 141 1 1 0 110 1 85 139 0 161 178 1 102 0 11 146 0 151 51 173 117 87 2 23 93 18 85 42 150 0 93 71 144 0 45 29 102 119 0 117 0 32 18 19 74 0 73 71 28 1 157 130 8 130 13 114 8 1 27 73 0 0 0 158 70 68 120 101 80 17 140 1 1 0 123 175 175 8 154 48 32 168 4 
1 33 97 37 1 102 57 168 68 149 0 70 167 36 136 3 139 156 173 172 161 60 95 35 105 58 1 149 1 141 129 150 80 76 68 76 7 89 78 59 172 1 1 1 18 141 1 8 120 135 92 32 64 46 93 55 156 1 60 89 133 1 6 83 29 64 16 53 0 59 41 0 125 127 141 169 168 1 157 39 0 119 35 46 101 1 1 177 5 59 
111 86 163 0 0 96 84 6 110 42 158 144 25 0 94 0 62 59 112 136 175 167 7 16 145 11 153 149 63 0 101 90 1 137 121 0 0 33 0 0 64 1 1 93 149 71 118 51 82 66 129 120 106 103 21 70 86 80 0 70 37 65 152 21 82 49 11 147 170 0 87 90 71 0 55 42 58 14 1 178 36 69 67 91 0 43 153 0 12 118 
1 8 143 98 164 100 170 5 151 0 121 134 41 0 114 0 145 131 136 177 41 44 139 1 130 44 1 176 66 35 89 176 0 15 115 1 160 25 76 1 19 120 7 152 171 13 1 151 135 1 1 33 174 100 7 159 38 45 145 155 111 1 63 1 133 1 134 88 0 101 0 113 137 142 4 170 1 134 59 78 45 121 9 0 16 128 1 5 29 70 
62 107 1 1 164 1 173 135 72 84 177 146 108 167 112 137 1 136 27 153 108 49 27 85 0 0 16 75 64 87 1 84 1 0 151 38 172 51 78 46 0 136 1 164 31 149 48 141 134 32 0 37 69 83 97 48 86 33 150 1 56 116 75 6 0 46 25 60 0 99 73 0 16 114 75 31 21 12 1 114 6 16 126 107 37 71 30 1 81 42 
0 12 1 154 52 93 126 179 1 155 107 100 130 164 0 166 1 63 0 91 116 155 0 45 141 139 46 29 1 58 146 159 1 36 79 39 75 12 103 33 75 142 1 12 152 134 29 112 70 162 0 85 115 71 179 63 0 162 132 129 1 14 57 140 106 162 168 164 1 113 142 94 0 165 0 127 152 1 7 87 0 72 1 2 6 32 72 64 68 94 
96 177 1 158 44 28 57 88 0 20 23 172 54 60 47 29 90 1 5 61 161 1 86 83 62 54 54 43 0 1 144 171 1 1 152 0 1 15 133 163 144 126 164 42 1 53 70 76 73 98 0 95 119 110 1 23 1 48 0 89 51 92 0 129 170 116 141 131 6 78 166 0 98 0 152 10 115 117 1 76 52 1 86 77 20 47 103 76 0 23 
79 1 1 1 0 55 85 131 171 119 64 138 53 1 83 86 92 63 107 111 1 78 97 1 1 0 13 68 65 77 72 40 122 57 112 68 1 128 142 102 7 167 0 84 10 1 172 144 78 1 1 72 130 115 114 176 163 128 1 3 0 72 164 93 1 1 68 0 58 107 88 112 18 118 0 1 66 0 101 120 1 25 0 71 0 24 148 1 113 94 
96 60 0 7 137 1 6 1 102 0 31 1 0 21 1 6 103 0 0 0 129 2 1 36 118 108 112 97 90 104 0 53 11 53 0 42 88 35 110 67 139 130 66 50 1 0 1 42 46 158 47 45 80 135 90 137 33 26 72 90 178 128 62 53 138 63 10 26 162 0 171 0 110 0 20 0 1 0 125 37 52 25 56 47 1 148 1 160 94 67 
52 128 128 46 127 74 96 83 94 1 72 46 51 73 0 173 46 0 3 119 1 98 22 69 49 116 71 79 39 1 156 151 172 162 0 0 91 15 97 105 0 1 114 64 108 1 67 23 4 81 177 90 45 30 37 66 126 165 1 101 158 141 1 1 131 0 0 91 115 48 86 99 175 89 148 19 0 0 51 28 78 71 103 136 0 179 1 0 1 19 
138 67 0 46 63 0 0 61 150 1 170 101 20 113 53 128 22 25 0 28 3 148 111 28 10 160 28 159 167 35 121 0 165 39 102 158 43 101 74 15 1 82 105 24 150 121 0 61 165 64 170 21 90 0 160 159 1 164 1 55 74 106 162 143 18 1 0 90 0 156 28 74 59 27 1 144 0 0 58 177 46 1 103 87 132 163 84 99 116 162 
112 166 1 0 64 1 48 0 98 122 15 155 154 96 0 0 1 112 129 154 8 1 129 55 117 177 114 160 63 102 152 84 160 94 36 163 101 1 138 0 26 6 0 126 81 44 152 124 47 85 129 56 84 126 177 115 55 157 50 0 15 0 119 132 79 0 130 128 85 1 134 91 0 151 127 24 118 65 0 101 126 65 109 50 80 85 93 24 8 85 
1 148 33 13 77 116 154 112 113 1 43 140 121 122 0 132 0 160 58 80 106 24 24 1 0 156 165 173 13 154 0 0 130 56 1 68 0 47 0 0 92 15 0 109 1 18 38 1 147 147 114 0 36 171 88 123 48 39 127 177 131 50 0 1 99 178 34 65 6 52 1 73 117 4 58 1 0 34 28 0 120 0 46 64 68 38 126 102 159 2 
113 52 40 50 49 158 179 74 0 160 105 49 76 1 35 1 66 129 26 103 1 77 125 127 86 1 94 170 8 77 38 126 97 124 72 12 124 4 150 1 96 149 133 11 179 93 73 18 99 114 164 58 91 173 169 136 7 0 82 139 177 0 47 70 27 89 160 83 1 22 90 93 68 46 106 50 85 62 1 161 0 139 77 63 0 0 87 2 59 178 
85 130 147 137 105 76 27 133 0 116 1 1 46 0 93 107 16 147 0 170 134 0 0 127 100 103 1 153 141 178 1 59 5 88 138 147 104 1 94 0 61 64 2 30 110 0 128 14 109 72 64 49 85 83 85 172 1 173 1 66 1 116 1 45 8 1 171 67 0 103 60 173 137 40 61 119 138 96 178 14 11 0 55 76 1 15 33 178 53 131 
50 0 165 162 68 15 0 53 11 43 0 1 108 151 41 82 91 78 176 124 76 135 1 140 24 169 0 105 24 1 1 1 147 130 84 15 6 69 81 70 36 1 89 113 1 75 1 27 0 128 27 132 42 21 141 1 48 0 175 156 1 0 90 100 21 172 23 0 122 85 114 27 78 130 167 171 24 150 163 87 138 167 0 0 109 12 85 109 0 1 
1 3 1 1 26 45 1 101 75 1 125 40 92 0 0 0 46 151 6 7 1 105 96 135 7 66 33 43 177 47 172 1 6 110 1 130 1 87 35 53 1 1 164 0 103 6 120 89 16 1 167 0 109 49 146 53 149 92 96 0 146 101 61 121 44 5 29 95 1 1 179 60 0 162 87 0 56 164 68 1 79 69 32 0 121 50 1 69 144 0 
16 104 112 95 78 64 157 146 0 42 111 1 83 130 0 122 144 61 58 0 0 141 160 116 77 16 136 11 25 141 166 56 85 122 0 96 144 41 23 76 75 1 131 106 75 1 1 19 0 136 1 136 13 21 105 125 41 0 1 153 1 0 102 132 85 17 92 173 143 20 101 164 0 157 173 76 152 162 94 16 5 1 80 172 0 0 115 26 63 157 
54 1 145 48 78 12 118 112 39 0 32 117 54 32 66 167 76 135 37 1 1 11 54 169 45 0 2 45 82 175 31 64 155 23 106 103 157 96 120 1 94 7 1 0 1 35 19 161 93 64 0 0 1 1 123 55 0 88 154 20 44 31 0 51 83 153 120 93 111 79 68 55 81 1 1 1 173 41 94 0 1 115 1 0 146 0 90 168 1 123 
0 165 0 167 34 0 32 0 60 0 74 70 134 143 128 6 23 37 17 1 97 89 125 0 123 164 45 0 0 23 0 92 142 1 78 104 1 148 23 57 77 60 112 0 7 0 22 143 6 34 25 54 40 46 89 167 63 21 1 48 73 179 74 26 13 16 87 8 86 45 60 15 19 125 22 48 128 142 59 175 135 16 1 154 0 98 0 173 23 108 
156 12 27 147 0 87 100 115 109 119 134 0 20 35 88 1 124 107 116 0 8 174 69 81 52 7 67 158 73 100 4 162 116 0 0 72 44 115 132 22 167 43 0 178 51 150 156 25 44 1 0 106 130 100 94 124 37 0 172 170 177 28 138 103 176 26 25 136 146 171 11 142 20 11 107 0 152 159 102 1 0 60 175 1 0 168 70 0 87 39 
111 43 0 87 2 177 172 143 130 98 1 40 107 0 86 31 28 86 71 142 151 149 0 0 166 66 53 0 1 0 0 174 5 50 1 1 159 42 62 0 75 0 39 2 111 162 11 174 28 0 17 174 136 22 0 147 69 43 125 75 0 21 132 1 152 85 59 57 34 0 1 55 56 127 1 140 38 38 176 134 82 0 71 55 141 1 110 1 0 43 
103 172 1 72 86 46 0 1 122 128 65 40 48 135 0 107 21 94 61 150 72 96 132 85 70 1 145 57 31 0 0 0 132 46 166 115 112 158 1 176 101 64 131 106 149 176 154 155 45 60 41 0 0 26 53 47 133 1 55 70 0 100 128 83 0 73 104 172 138 14 1 90 100 0 163 57 21 166 91 8 1 0 19 153 25 1 24 0 164 0 
