1
20
0 33 20 39 30 16 34 39 13 12 23 26 24 12 35 22 33 31 26 25
17 0 30 29 23 39 38 30 37 27 14 15 26 23 29 16 11 19 26 21
30 37 0 19 11 17 28 30 13 34 23 35 34 12 39 25 35 25 20 20
22 15 22 0 28 13 37 38 22 39 39 20 10 36 28 13 34 27 39 26
22 24 15 31 0 15 31 32 10 28 20 30 10 18 25 17 36 39 20 19
39 38 36 18 12 0 14 19 28 31 18 39 33 23 10 36 35 15 21 38
35 22 29 16 23 30 0 35 26 28 37 37 37 23 23 18 30 20 15 17
21 20 38 12 38 39 26 0 23 30 30 30 22 11 17 26 22 17 18 18
29 38 22 36 37 21 11 27 0 38 36 16 38 15 39 26 15 25 36 38
33 14 15 23 29 26 19 25 19 0 36 38 28 16 11 21 30 18 35 38
26 11 34 14 22 12 19 25 25 10 0 37 13 32 17 22 24 29 10 24
30 23 21 34 27 26 38 39 23 31 15 0 23 38 34 37 18 13 14 26
35 30 27 39 25 13 31 27 21 38 25 39 0 11 24 28 23 21 30 27
23 16 25 25 34 24 15 34 37 25 12 22 30 0 22 11 18 38 36 14
37 21 31 18 30 17 12 22 25 32 35 13 11 27 0 20 29 39 12 25
17 27 19 33 26 31 36 36 32 24 15 21 37 27 14 0 39 33 28 18
23 39 35 36 23 30 34 25 29 34 17 39 10 14 23 31 0 14 10 10
27 28 25 37 15 27 36 22 38 18 16 16 34 10 22 12 39 0 24 15
31 34 16 13 12 22 10 39 22 28 34 14 10 19 28 10 21 28 0 23
24 36 16 39 11 17 37 33 37 23 33 16 33 26 26 29 19 11 39 0