1
100
0 5 52 89 83 130 1 55 161 1 143 0 85 125 1 142 187 1 112 72 30 1 3 76 176 117 37 1 85 95 49 114 192 167 1 102 83 166 0 64 112 121 102 155 130 44 125 0 113 105 1 5 1 120 120 1 30 0 91 84 0 114 129 142 135 79 155 72 118 24 152 46 152 38 0 19 0 95 81 25 1 196 190 0 13 1 152 1 0 53 79 42 166 0 3 160 59 13 22 177 
54 0 160 87 0 0 79 121 111 96 0 148 1 188 36 0 0 24 41 32 48 80 85 1 0 148 176 1 191 150 1 101 147 1 81 34 87 58 124 10 1 166 178 93 1 67 163 17 153 89 178 1 75 80 99 0 1 74 17 52 81 165 85 59 62 183 13 196 49 82 168 154 119 159 171 72 17 1 86 49 39 100 166 0 26 13 71 175 1 110 0 68 25 154 147 0 0 96 67 1 
172 1 0 66 1 1 167 0 185 151 0 196 199 40 90 69 28 74 178 141 1 0 61 13 181 31 0 19 27 12 71 35 1 146 68 125 0 127 127 182 185 42 145 1 120 72 45 70 184 0 1 22 1 9 1 65 0 144 102 79 148 76 35 106 128 50 58 51 35 90 55 0 19 130 5 146 129 122 124 62 124 0 87 136 185 1 1 80 0 52 1 68 174 119 1 74 0 128 143 1 
0 147 155 0 75 90 0 67 0 1 32 0 27 1 175 188 138 191 0 172 153 126 44 1 52 78 1 115 27 102 63 89 0 0 193 93 58 0 96 12 146 21 165 93 1 0 0 0 84 146 187 122 80 142 73 119 151 44 0 143 173 0 101 56 182 39 73 105 183 33 1 45 95 159 163 71 82 195 44 36 142 115 132 152 78 193 1 148 63 0 105 96 23 0 65 112 43 63 109 190 
161 98 97 183 0 7 164 1 163 28 0 10 1 63 46 1 96 152 92 176 155 128 51 162 129 177 31 154 158 144 191 95 174 109 176 49 1 161 83 16 80 187 148 145 1 141 184 166 23 54 1 68 54 162 89 126 52 55 71 19 55 190 100 73 41 88 143 149 1 77 0 0 0 132 79 17 39 44 56 115 70 27 70 85 164 104 1 41 79 135 150 193 179 1 70 149 180 3 189 6 
194 71 130 33 110 0 0 155 181 153 1 6 80 130 0 137 23 74 182 122 0 54 93 134 32 114 53 0 199 0 162 0 31 193 171 1 0 85 155 156 164 1 188 75 36 17 0 183 68 68 48 0 27 18 124 60 174 15 157 1 129 0 0 1 1 21 1 96 147 158 31 133 93 1 60 49 108 162 142 126 0 121 184 0 135 167 11 135 161 1 20 1 0 174 57 24 92 13 0 0 
100 134 168 33 0 0 0 187 58 0 9 37 77 6 1 53 1 0 0 123 0 128 1 95 154 1 6 0 0 181 121 188 42 192 171 112 47 73 12 107 64 195 195 122 129 1 31 79 178 1 116 1 0 0 0 85 97 138 113 86 32 4 1 191 138 114 1 26 159 0 20 155 82 4 78 23 130 157 58 0 141 16 56 78 179 1 74 177 178 52 104 76 44 31 187 43 156 0 1 187 
20 167 91 1 159 176 1 0 190 25 165 173 1 0 25 175 1 45 0 0 43 190 169 157 184 1 145 1 123 1 87 62 0 122 0 184 196 86 40 32 74 198 79 150 186 1 45 1 0 127 96 2 128 1 0 36 0 1 0 46 1 89 1 99 136 0 9 7 182 0 167 151 0 0 0 65 0 92 80 65 0 188 86 123 152 60 1 146 52 81 77 0 1 0 118 74 141 20 25 61 
168 35 1 0 3 1 62 14 0 1 72 125 160 62 16 1 173 51 20 30 170 172 0 40 185 1 75 186 0 1 1 1 85 176 112 85 163 56 0 190 0 120 11 112 76 135 103 0 1 1 149 189 115 0 114 1 25 43 113 129 134 145 139 0 182 0 59 79 130 62 107 75 4 42 50 107 153 7 1 19 0 94 181 26 192 189 90 162 107 129 184 1 4 189 54 75 194 0 0 26 
77 48 88 142 76 2 9 49 179 0 88 38 98 1 8 142 0 198 1 140 134 48 31 181 13 15 1 10 53 115 163 0 73 123 187 45 150 9 27 67 88 196 59 173 82 36 113 160 163 2 16 62 0 163 5 30 62 81 192 192 0 0 1 50 35 18 2 133 60 1 21 0 30 130 75 1 52 167 0 197 45 121 83 186 49 162 140 0 198 17 109 0 17 174 199 181 132 0 189 0 
46 33 84 128 124 3 126 136 40 1 0 198 196 7 1 142 112 1 176 80 122 131 198 103 94 1 20 9 109 140 98 141 43 172 35 1 157 9 163 0 68 63 144 138 135 64 194 62 31 1 105 1 1 43 28 124 144 89 117 44 106 160 78 153 25 114 127 0 76 171 0 90 199 0 1 21 0 180 1 51 118 135 72 10 77 160 92 157 1 164 37 0 0 192 153 164 0 155 0 1 
0 15 1 27 93 1 6 118 152 20 140 0 63 113 1 72 156 164 26 135 0 190 66 107 48 186 50 76 35 111 2 1 114 5 0 0 140 70 62 170 49 90 114 169 58 56 47 88 3 96 196 162 73 0 0 191 14 43 190 1 133 124 188 31 74 97 1 60 16 122 55 197 15 95 159 52 52 0 197 46 7 183 40 190 91 193 0 42 32 183 121 35 15 162 95 174 134 17 13 6 
54 189 99 121 36 27 0 0 0 0 0 6 0 191 1 154 1 172 82 14 1 137 60 1 171 0 194 145 13 39 0 187 56 22 61 102 28 1 113 138 110 0 50 0 1 159 154 123 0 1 86 6 46 0 13 4 0 0 10 44 99 198 167 1 180 1 1 0 1 1 0 25 51 0 157 114 21 38 45 18 101 167 152 51 162 1 0 34 174 0 153 117 84 196 0 1 15 109 62 170 
184 10 95 9 37 79 94 115 58 168 72 0 137 0 1 100 119 187 173 1 162 189 193 163 150 191 70 24 126 1 0 32 70 130 197 71 20 36 0 119 122 20 94 186 0 0 126 1 35 90 168 0 1 169 61 1 0 155 132 73 1 0 2 164 193 43 67 71 67 0 1 143 167 125 0 199 120 136 166 1 0 62 85 1 59 35 41 81 106 0 79 192 117 180 1 150 29 136 156 1 
158 94 36 189 174 1 1 199 116 0 160 78 192 1 0 94 90 102 174 57 0 96 0 40 186 0 0 153 0 149 144 3 74 41 88 92 82 0 1 1 196 0 116 1 17 182 126 1 0 120 0 1 127 1 1 96 193 134 133 59 58 0 188 27 155 1 86 191 0 5 9 0 179 1 129 175 91 16 196 94 1 60 78 1 56 187 0 1 104 35 63 130 33 86 80 141 94 176 0 61 
122 1 66 150 114 1 39 91 80 0 1 37 59 120 95 0 180 89 33 122 173 94 108 108 186 1 0 25 1 107 189 0 168 1 37 41 7 0 1 122 152 0 1 71 196 0 1 18 169 144 23 182 87 167 165 43 33 42 52 25 117 108 144 1 0 0 17 108 177 148 189 37 71 89 67 20 1 80 0 150 29 1 26 134 78 15 28 131 22 90 43 181 74 128 175 53 106 108 65 28 
95 13 130 24 119 1 61 0 141 183 1 0 1 176 119 93 0 146 1 0 166 1 1 78 22 85 125 64 81 21 169 119 1 121 75 0 84 16 183 37 194 22 144 170 65 39 0 56 111 46 150 93 1 7 51 1 79 0 31 12 187 156 155 45 95 113 129 129 111 179 0 199 102 102 193 74 1 139 147 1 65 114 48 145 0 30 108 0 36 39 0 94 1 69 64 118 161 145 45 128 
21 1 0 10 24 54 151 128 7 124 136 1 1 55 0 198 147 0 127 140 85 138 124 134 19 159 2 13 117 0 75 77 95 163 7 17 152 175 7 167 63 94 71 3 115 1 71 14 135 152 91 177 7 55 1 166 173 112 51 5 11 28 1 6 0 1 22 86 99 95 138 181 1 25 96 76 121 122 1 0 0 119 197 183 191 139 0 124 1 194 137 1 147 1 47 1 92 147 36 126 
1 0 111 98 1 0 68 1 1 68 27 58 1 193 53 1 125 44 0 0 133 1 0 195 136 158 174 37 183 96 1 0 176 11 72 153 1 151 129 35 27 84 177 0 150 86 42 127 167 79 1 140 44 1 0 184 0 97 90 112 0 131 163 0 171 30 1 168 1 141 13 107 76 3 116 158 123 45 1 53 155 164 156 77 51 102 1 1 120 75 182 103 91 11 164 0 10 153 87 113 
1 58 67 0 14 189 121 1 1 199 145 50 0 9 14 74 155 59 97 0 94 0 29 71 59 152 188 1 74 110 73 149 0 131 106 194 179 86 58 198 0 199 94 0 108 125 25 156 46 46 55 1 147 142 55 72 0 43 26 97 4 1 147 31 102 17 14 28 180 95 57 0 42 146 0 180 194 45 191 148 0 2 39 122 79 0 24 90 167 152 13 39 51 1 54 0 0 0 143 144 
179 54 179 94 0 134 166 0 0 104 69 145 74 1 58 3 132 0 61 30 0 180 1 151 1 1 123 119 5 0 115 31 74 1 33 20 134 0 1 0 41 0 59 185 59 30 49 52 32 159 34 22 50 4 14 0 192 70 85 89 162 198 37 91 0 103 90 59 144 159 160 24 30 180 138 26 28 132 0 73 0 20 56 0 114 135 97 83 1 146 175 48 91 46 170 79 98 1 150 38 
1 2 160 55 4 188 156 96 189 90 0 73 101 0 41 1 134 133 76 86 0 0 121 143 124 7 130 1 174 0 77 13 166 60 136 157 34 74 91 0 1 36 175 83 91 76 79 93 0 0 111 98 35 28 195 56 54 175 0 1 195 50 42 164 173 191 4 124 25 40 183 103 38 20 76 129 132 77 1 93 98 99 165 112 1 63 180 155 1 37 39 29 152 12 142 130 141 194 43 12 
146 177 127 0 81 141 196 1 120 170 98 74 55 173 3 1 1 1 189 69 86 144 0 85 154 169 161 35 134 58 79 1 1 103 6 185 158 156 98 79 130 130 41 107 54 64 0 63 186 128 118 97 194 1 0 86 30 10 0 122 27 42 113 124 8 1 0 3 1 1 75 1 34 184 4 182 130 160 0 20 3 1 38 150 1 27 1 162 85 26 72 99 0 147 1 1 86 192 95 40 
50 34 162 154 0 13 163 139 172 138 1 145 171 175 168 33 25 1 107 38 183 97 156 0 172 114 0 163 18 38 64 193 179 113 38 1 191 1 0 32 11 63 145 100 140 193 189 2 109 3 30 65 52 116 120 26 12 44 143 34 188 0 187 175 53 0 80 19 0 55 45 126 157 102 89 124 68 0 163 126 197 177 121 81 1 52 49 74 148 187 1 167 99 139 96 0 50 75 1 105 
175 96 125 110 6 142 82 79 111 0 1 20 187 128 1 168 155 182 1 100 52 123 108 81 0 38 1 90 117 0 26 1 113 0 125 107 1 1 36 0 10 1 118 1 146 170 154 126 1 103 1 169 1 0 42 110 27 168 76 103 1 56 189 170 164 48 65 169 45 40 81 62 111 1 35 0 178 68 83 83 106 100 7 30 0 152 94 35 23 179 189 165 173 0 69 71 42 188 180 199 
17 133 36 1 19 99 120 60 133 164 101 0 54 42 120 31 61 138 84 0 52 70 1 1 141 0 104 134 150 6 145 1 169 114 1 16 188 148 70 65 65 4 177 56 46 180 55 21 69 59 176 8 25 57 26 9 91 181 0 163 50 120 1 47 66 28 101 0 161 121 0 51 97 1 0 58 66 53 123 102 154 61 143 120 0 145 0 6 62 180 60 199 1 159 74 177 110 183 95 193 
18 26 136 16 58 195 108 0 0 69 61 15 73 115 1 67 95 19 101 28 117 128 1 91 17 86 0 178 171 64 1 83 85 171 0 29 14 0 0 1 84 83 164 73 0 4 33 0 140 135 1 0 92 0 195 87 65 1 156 178 90 193 48 146 107 63 0 130 198 171 181 57 1 1 7 141 0 0 21 34 192 144 1 64 106 139 104 32 35 137 108 0 193 155 11 0 160 60 126 0 
1 86 169 109 26 169 157 40 35 86 3 15 67 1 174 164 66 103 193 184 1 87 96 2 0 173 150 0 173 119 61 31 1 191 184 50 10 64 102 11 1 20 43 1 38 149 74 1 120 30 185 106 1 14 26 6 145 1 0 152 12 1 26 0 55 1 1 79 1 164 13 191 19 102 52 54 149 119 108 112 0 87 123 73 0 55 0 105 19 106 85 59 85 0 101 101 0 1 169 165 
177 27 1 113 71 1 1 1 74 1 9 0 38 12 70 0 0 128 43 7 147 53 128 16 103 123 0 166 0 69 19 160 90 0 121 65 192 65 0 125 13 74 1 1 150 119 110 165 59 0 1 131 0 7 151 89 83 46 0 32 8 160 67 107 8 0 5 146 1 17 79 12 109 181 179 188 53 39 118 135 0 83 113 97 1 53 135 123 1 63 0 102 5 118 166 103 175 1 112 0 
89 169 0 157 4 1 176 133 149 68 198 2 145 45 1 1 151 47 181 113 91 1 80 0 1 129 195 68 31 0 1 81 2 166 118 126 107 1 86 51 33 1 0 114 134 64 108 62 34 164 1 144 25 0 192 98 110 34 81 71 45 54 117 157 190 98 22 68 154 186 30 52 41 15 89 174 72 94 155 189 135 43 0 117 40 87 174 190 143 0 112 149 0 1 94 111 1 40 164 29 
127 1 6 134 53 88 99 179 133 0 61 0 42 79 25 96 0 28 20 40 1 109 0 1 101 162 124 109 26 135 0 1 58 0 91 36 122 67 198 97 90 9 199 145 149 129 166 43 150 118 0 170 44 102 196 0 153 105 150 6 188 100 17 45 20 21 21 120 177 13 145 0 0 14 199 149 11 105 156 177 128 0 151 102 1 195 155 0 2 69 9 41 74 47 166 127 1 195 134 53 
0 69 192 73 163 96 47 89 22 93 59 106 169 127 23 1 55 101 25 29 183 1 97 39 0 172 103 60 70 194 1 0 197 142 29 0 19 1 57 38 124 140 163 146 182 138 60 112 0 90 192 40 179 152 136 1 51 104 193 199 64 1 41 59 54 143 25 182 134 0 13 111 101 102 1 128 53 1 68 69 1 1 20 138 127 158 61 169 43 78 21 142 0 101 95 0 186 1 7 11 
5 171 41 100 188 198 17 94 1 5 87 33 105 43 61 22 61 1 60 128 191 179 29 34 179 9 162 1 0 0 23 28 0 193 1 21 85 1 66 160 0 73 85 119 133 175 46 136 1 193 188 198 184 1 56 169 40 4 67 70 197 151 1 161 1 0 13 0 33 104 94 177 125 36 60 64 22 0 127 168 0 1 26 47 15 37 134 35 51 0 121 0 67 109 102 157 43 15 120 0 
16 1 133 80 127 90 0 134 1 159 37 67 146 1 87 87 117 48 162 192 96 0 7 174 181 123 90 107 156 64 1 169 177 0 64 59 177 113 57 0 1 197 10 18 22 0 158 198 8 169 122 112 1 143 90 32 134 91 180 171 157 1 148 119 1 0 20 63 38 1 104 0 138 91 121 12 0 101 181 36 0 2 24 10 0 14 1 168 143 91 163 123 160 1 35 143 92 90 0 178 
86 0 93 160 1 84 0 0 1 132 39 1 193 85 0 119 11 188 137 15 116 48 120 135 0 197 24 146 78 106 85 1 0 87 0 147 190 137 191 1 179 142 108 91 9 191 1 187 197 0 149 1 66 105 77 15 73 165 39 30 129 1 132 115 16 103 0 103 168 14 153 0 1 124 60 93 189 0 62 36 130 93 110 1 159 1 1 98 127 77 113 40 1 5 105 159 139 150 33 181 
1 1 87 59 128 165 56 180 37 193 103 179 99 92 19 1 11 41 136 192 189 191 147 51 0 17 5 189 38 53 0 70 123 60 193 0 89 32 144 195 1 160 118 191 177 1 137 112 179 24 0 179 40 0 1 0 162 195 198 39 95 1 113 33 0 152 24 1 146 121 125 124 16 56 1 159 189 131 64 0 198 107 52 145 153 187 17 78 94 83 15 82 114 0 0 96 177 1 0 143 
180 144 37 58 54 46 163 0 140 27 1 141 151 172 1 196 80 37 105 63 0 104 177 182 150 84 97 3 81 176 0 68 189 0 120 146 0 164 83 46 74 0 189 150 80 10 20 54 58 38 183 120 0 175 0 115 180 20 0 171 103 1 1 16 0 97 143 50 158 0 154 197 45 1 29 46 81 104 18 149 0 112 0 100 94 141 185 96 107 79 147 41 29 160 198 1 32 73 106 130 
169 58 99 47 0 16 39 55 0 0 152 0 32 1 77 180 0 10 0 1 1 54 1 107 55 189 115 47 1 0 158 53 0 0 44 1 121 0 157 126 166 129 35 68 96 79 1 44 1 87 182 134 123 15 162 30 47 140 123 186 0 99 80 114 1 5 158 126 156 58 64 0 38 171 140 0 11 143 133 174 24 92 1 186 92 148 5 1 159 136 181 131 47 33 90 39 84 151 115 38 
183 40 23 164 87 54 158 175 53 1 54 111 1 1 8 80 184 74 87 83 43 0 159 1 58 29 57 38 7 18 64 178 198 134 1 0 99 74 0 58 0 1 125 1 4 184 118 18 105 30 67 115 124 59 122 195 86 37 189 113 68 0 190 7 115 0 136 150 178 54 42 166 131 12 7 49 1 157 11 66 78 196 1 93 0 1 183 43 89 51 70 9 0 86 76 152 105 34 176 131 
180 191 0 1 19 121 142 146 0 0 50 0 160 106 166 1 46 159 133 141 0 123 31 167 125 28 38 0 0 0 78 1 20 1 1 1 41 159 1 0 36 152 125 41 0 1 40 0 0 182 144 0 0 0 120 33 62 31 30 136 153 20 175 74 43 116 80 41 0 4 114 149 59 178 141 66 19 0 22 120 129 77 168 177 123 194 123 12 1 23 1 1 183 197 71 15 145 107 125 37 
16 172 145 183 0 162 1 103 157 66 133 5 1 1 169 13 0 114 160 106 91 120 0 0 41 173 1 196 0 138 147 47 194 0 175 105 126 188 53 33 0 111 1 134 1 0 90 0 39 8 1 1 86 91 123 3 125 49 97 181 165 185 99 101 141 1 179 1 1 0 1 26 118 0 0 112 186 60 170 164 1 26 169 0 117 1 127 0 0 68 57 49 161 111 1 29 1 0 1 146 
25 74 11 101 4 0 0 51 102 1 123 152 116 119 48 24 166 0 1 53 37 34 172 119 5 63 2 184 71 1 1 1 156 75 1 161 161 166 109 156 0 0 30 51 123 16 78 1 107 85 0 0 77 188 123 23 144 19 33 11 193 0 1 66 0 138 46 41 138 186 71 8 196 64 42 70 39 28 62 104 77 59 134 108 85 0 88 0 0 156 0 59 145 147 127 189 36 109 6 1 
178 100 11 71 0 130 119 119 1 57 119 111 111 4 105 50 118 6 153 20 1 73 157 138 1 61 13 6 145 174 58 3 50 47 194 127 3 199 5 114 1 25 0 75 125 180 168 12 16 172 0 161 41 109 4 12 99 35 137 106 29 36 183 115 156 35 21 62 135 14 1 64 63 158 0 53 183 195 163 192 56 149 109 192 130 160 196 73 151 0 0 88 191 198 50 89 94 57 1 88 
49 0 122 1 175 0 164 41 127 69 160 109 0 68 95 16 116 126 32 1 1 141 92 148 0 196 132 56 28 192 14 174 143 106 174 112 183 1 0 122 110 109 0 0 1 26 110 0 44 2 0 1 98 168 58 163 0 99 24 18 1 117 57 50 122 5 150 108 165 1 62 157 4 69 114 139 117 186 30 1 19 123 172 121 156 153 12 0 0 2 1 170 61 1 13 0 134 1 165 1 
176 34 1 0 73 190 197 61 90 1 0 159 78 0 163 85 35 66 181 76 0 1 177 25 32 139 61 46 13 172 0 21 178 54 20 66 133 0 138 156 0 24 161 20 0 1 167 0 131 79 45 119 1 0 0 1 53 99 174 1 45 1 5 78 117 192 145 0 71 72 0 162 132 67 30 168 150 161 0 1 147 147 136 110 156 179 120 81 151 156 77 163 198 143 20 19 164 120 1 0 
143 0 1 1 145 25 87 198 90 128 145 197 147 149 87 192 195 0 1 156 3 0 3 0 132 0 43 153 15 29 0 41 0 82 9 0 0 0 71 40 18 134 8 83 117 0 75 57 29 193 0 19 0 1 173 33 194 97 36 1 0 10 0 26 46 104 179 0 82 20 1 161 188 167 1 96 108 160 1 110 103 8 52 1 85 112 196 78 0 1 0 1 51 57 1 18 79 124 1 13 
1 29 0 72 95 128 1 0 182 15 0 144 84 0 0 60 16 168 0 1 1 49 1 82 172 93 0 52 0 74 1 96 108 173 97 50 1 138 1 4 57 192 96 52 99 0 0 1 121 33 0 172 137 0 0 87 45 64 31 44 1 190 33 37 1 89 198 1 0 132 153 186 169 48 32 60 115 8 13 90 188 94 197 115 50 1 1 0 17 24 128 1 155 66 86 23 27 70 111 99 
76 97 27 17 155 109 41 1 183 89 108 186 15 165 194 75 0 151 38 159 18 25 0 46 170 131 0 169 23 18 136 172 97 133 16 127 172 159 29 13 1 120 9 103 196 187 186 0 3 1 190 117 80 8 161 15 116 35 1 131 38 90 51 13 46 84 114 105 134 145 41 58 183 7 108 1 199 1 0 160 149 9 15 190 117 1 186 146 1 125 0 91 174 0 1 63 20 24 1 7 
66 17 1 184 41 23 73 101 0 140 10 0 52 138 136 61 135 24 0 54 19 1 67 1 0 86 77 55 155 47 3 19 186 69 71 1 1 119 147 50 3 21 1 71 144 165 0 28 0 24 81 138 71 191 1 0 143 166 138 182 100 46 75 9 162 173 1 1 19 187 114 1 183 1 180 82 28 34 161 127 84 149 115 191 27 113 35 195 39 155 198 179 1 0 71 1 94 145 113 1 
149 36 61 31 16 5 95 86 26 1 49 1 15 188 120 131 0 183 33 199 121 164 196 175 65 111 137 164 153 1 145 24 18 37 140 1 12 0 0 2 34 146 1 134 6 115 22 190 13 0 118 0 87 62 67 131 184 57 11 0 1 157 57 114 0 0 0 30 123 25 128 0 79 199 194 132 41 1 1 1 95 109 59 40 89 79 176 0 77 183 116 117 123 18 34 37 35 138 27 164 
55 186 25 165 36 79 46 161 138 170 0 4 164 34 27 43 167 159 195 189 0 95 34 1 0 165 110 1 3 0 175 192 73 20 6 158 36 153 17 104 1 37 147 0 81 92 18 50 88 120 0 0 1 63 0 60 78 178 1 172 21 0 76 0 157 177 1 116 115 119 28 0 92 72 158 130 167 79 1 98 34 22 1 0 1 0 137 1 1 181 62 170 169 93 179 111 159 149 98 45 
54 154 39 136 49 88 149 54 49 169 135 67 68 0 62 5 176 1 13 145 102 1 1 40 170 22 194 73 0 191 160 125 126 73 1 0 173 136 1 44 1 15 135 122 119 160 113 79 50 37 1 0 51 39 130 51 26 145 0 180 21 0 35 71 104 1 1 101 0 47 0 196 179 0 79 104 175 71 176 21 0 154 0 93 1 1 2 39 55 0 0 196 92 0 1 2 1 65 155 84 
1 98 168 146 50 0 110 111 18 0 36 121 153 157 46 8 39 161 121 0 66 64 1 143 178 156 189 44 43 21 192 1 71 159 144 0 13 95 0 119 99 56 20 0 8 75 191 126 29 49 1 45 0 1 40 13 15 193 98 31 194 1 1 173 38 1 80 165 0 1 90 108 1 79 66 1 61 7 98 178 0 190 1 26 125 169 12 23 37 145 39 2 191 1 128 7 0 89 40 1 
101 1 57 1 188 50 75 18 122 153 154 1 56 1 129 162 179 1 4 128 79 6 1 70 0 155 139 37 29 131 63 0 1 64 145 1 75 150 0 151 22 115 0 34 195 152 89 164 1 149 138 0 57 0 123 190 1 185 59 196 67 126 153 71 60 0 1 115 48 110 109 1 193 30 90 18 1 6 55 46 41 136 179 38 77 0 132 14 157 87 49 37 82 138 30 111 29 70 0 0 
187 187 169 13 0 72 1 175 189 42 96 0 72 78 24 20 153 91 0 0 169 194 91 0 1 83 57 3 97 1 152 1 174 88 98 0 121 66 130 66 48 8 1 51 33 64 57 0 1 172 138 85 33 183 0 145 4 149 162 67 146 174 117 132 4 76 184 1 130 0 98 0 1 1 81 171 137 7 1 98 9 62 18 63 100 123 80 0 0 160 156 147 146 1 70 198 190 172 176 16 
106 15 84 6 0 185 62 133 108 181 49 76 66 18 161 191 64 1 4 151 102 137 24 116 0 0 1 156 66 0 171 17 34 180 38 16 106 131 28 5 1 0 190 1 15 148 159 120 1 179 168 0 176 48 119 0 30 195 110 36 0 104 22 1 59 152 139 34 136 34 59 1 0 120 0 43 132 133 1 56 97 11 187 30 0 98 9 173 40 0 156 91 154 86 1 134 29 65 142 9 
57 61 8 100 176 197 81 179 0 159 1 62 57 162 141 185 195 0 1 0 23 0 83 145 0 1 119 0 23 126 118 1 121 47 134 173 1 98 101 16 1 0 173 182 0 0 1 0 0 49 0 37 169 166 1 1 0 180 87 0 0 35 133 0 156 190 92 0 92 139 1 1 19 69 152 40 29 165 166 21 1 95 128 190 176 0 37 144 188 128 0 44 56 156 1 165 76 0 81 160 
157 81 180 0 107 82 24 23 1 189 22 47 103 0 144 113 90 69 35 0 78 69 0 23 94 27 171 181 181 66 193 144 83 81 110 0 163 109 188 41 138 12 84 61 173 199 0 134 168 180 147 182 174 160 0 49 161 0 189 72 20 0 110 159 40 185 49 8 138 195 116 135 24 178 22 84 79 42 52 136 55 130 9 1 117 184 0 106 121 71 1 15 11 0 1 0 154 69 104 72 
1 1 141 53 63 0 82 0 162 51 0 199 154 173 53 193 0 195 28 27 96 0 5 150 81 164 0 0 98 139 10 69 158 52 160 90 115 0 120 54 1 82 196 1 18 5 0 144 139 75 162 1 48 85 0 197 178 81 0 1 15 0 1 180 1 109 2 127 107 107 118 1 1 130 121 87 22 1 177 0 54 0 0 59 37 129 118 122 19 72 191 37 1 53 79 148 185 168 0 0 
53 1 117 93 1 170 122 1 68 165 69 172 22 6 50 85 17 157 61 0 155 28 1 0 128 109 0 193 1 114 111 9 0 0 149 17 182 4 39 11 175 0 81 56 141 0 190 6 0 80 198 53 1 3 161 0 19 1 1 0 63 135 17 0 1 17 170 33 165 59 22 116 185 68 62 49 137 1 68 195 43 5 0 155 50 1 69 192 135 1 13 116 0 21 162 84 94 190 46 166 
1 0 66 81 11 0 142 3 79 153 121 159 0 181 180 124 144 68 82 45 193 45 1 0 72 7 169 118 51 0 66 4 82 0 37 72 114 34 27 82 68 85 36 0 1 1 141 94 0 47 58 72 33 107 0 1 1 135 81 145 0 57 138 131 118 184 1 1 94 1 69 95 41 128 1 101 25 6 89 0 106 38 142 192 0 139 83 45 1 68 172 81 1 51 0 1 153 168 0 0 
82 25 5 0 14 167 108 38 68 69 164 28 0 169 102 156 38 23 0 134 1 11 0 172 179 153 0 2 130 46 153 47 106 153 151 0 156 1 144 68 18 73 36 97 120 160 45 46 88 0 148 189 17 198 86 65 61 115 149 188 51 0 180 83 78 82 146 32 1 26 1 1 0 63 1 74 18 167 172 69 104 102 169 36 191 166 178 84 37 166 0 178 113 0 84 0 123 124 84 62 
91 0 1 1 155 37 130 153 190 175 1 7 173 88 145 133 1 78 196 1 42 154 0 73 191 83 149 9 1 138 0 1 172 112 145 199 1 0 1 21 175 92 169 83 186 150 190 0 52 0 110 87 112 67 128 150 111 58 26 142 1 21 0 9 103 0 189 66 70 54 170 116 155 1 15 141 84 17 107 166 0 13 142 193 1 137 136 134 0 31 185 12 75 118 9 21 1 1 48 191 
93 145 87 72 104 76 149 113 119 30 59 107 0 122 198 127 160 75 138 129 0 1 20 65 30 19 10 186 1 62 9 1 105 30 1 161 114 136 1 94 46 58 32 0 190 105 50 0 108 141 0 153 96 123 74 159 58 163 152 16 1 105 145 0 166 136 0 28 55 75 0 0 99 54 84 114 0 115 112 139 1 70 106 100 113 66 1 26 5 37 41 101 0 1 152 88 0 1 116 90 
147 16 173 102 0 1 80 117 27 34 178 1 70 134 89 35 192 194 107 36 164 183 1 77 1 1 124 97 1 0 61 13 30 120 118 141 98 150 1 193 193 6 121 150 33 172 111 1 0 167 124 76 43 1 1 15 111 34 97 82 133 29 42 0 0 1 117 107 78 157 1 165 5 67 79 190 191 1 158 97 12 0 0 0 0 0 73 1 94 40 0 58 37 45 0 17 160 38 116 48 
1 1 0 1 0 148 136 105 174 187 0 56 123 52 26 167 103 197 21 55 184 1 1 142 162 0 0 156 57 76 193 60 1 122 166 110 45 48 1 153 1 0 45 1 155 95 8 149 1 1 1 151 94 0 1 1 86 3 39 150 88 69 190 95 1 0 194 100 26 136 2 52 18 158 165 9 36 1 96 165 1 94 1 179 0 150 109 68 17 137 102 0 152 21 36 0 127 0 39 159 
47 164 60 82 1 71 141 0 1 198 187 15 91 123 0 1 162 101 1 47 78 36 1 1 0 96 1 1 83 137 1 46 172 94 185 0 0 169 1 77 1 145 74 130 80 0 2 76 44 169 1 0 94 130 1 65 185 154 0 1 142 185 188 0 1 0 0 1 0 75 0 39 69 74 15 0 1 1 79 0 188 0 184 142 1 56 139 1 13 0 36 72 61 164 0 176 118 78 13 1 
52 55 0 1 109 183 88 134 5 63 96 54 136 57 148 44 86 177 0 84 107 50 1 81 108 0 73 0 64 153 178 55 130 25 65 53 95 15 46 90 112 96 0 189 153 8 16 104 177 0 31 97 151 62 4 104 108 124 150 1 0 1 1 118 11 92 1 0 0 185 0 23 1 110 34 125 170 171 79 162 127 48 59 165 61 0 198 1 173 131 12 102 40 124 52 0 73 195 115 25 
92 62 175 122 38 141 173 0 10 97 33 144 17 74 183 0 25 0 99 0 61 91 64 99 11 128 56 133 2 85 53 165 8 61 1 97 35 97 128 176 1 103 104 158 117 0 151 6 94 83 1 57 25 0 0 154 45 101 125 1 152 82 21 94 89 140 59 0 0 25 188 112 34 12 148 58 101 120 39 9 99 140 1 0 1 67 10 42 191 0 0 1 46 177 10 83 144 148 1 1 
132 73 61 1 135 7 21 92 41 78 23 145 172 55 37 42 148 0 6 181 17 12 1 22 0 1 0 0 0 198 0 154 0 175 1 189 20 127 1 51 55 130 41 0 184 1 110 1 152 163 120 0 194 122 0 196 181 0 117 164 142 45 105 93 191 80 147 96 1 0 67 44 124 142 57 93 1 1 183 66 150 135 1 11 0 180 151 126 184 116 144 13 1 31 73 156 164 57 0 26 
106 179 90 54 0 50 189 49 120 0 141 144 142 114 103 192 188 115 150 111 172 184 1 1 38 113 48 68 181 66 103 142 136 118 155 69 1 0 175 120 7 139 114 82 98 156 108 198 108 22 171 151 52 1 84 175 100 176 34 1 101 190 115 123 0 0 69 35 182 174 0 0 167 38 175 1 0 122 16 15 0 0 109 54 1 0 80 131 130 0 18 81 195 178 77 35 97 94 0 107 
0 0 13 54 176 1 62 1 63 1 199 122 150 148 73 138 122 179 52 45 197 146 1 0 139 35 146 129 63 121 0 0 73 107 194 45 0 99 93 67 105 36 0 86 1 0 127 132 128 161 137 24 107 140 23 173 1 161 1 16 118 20 9 104 100 28 0 79 27 23 7 0 109 126 47 48 1 0 96 65 134 93 164 82 89 145 125 0 75 70 148 1 77 41 53 16 60 1 50 152 
0 1 0 0 138 1 3 143 15 178 104 16 113 128 178 166 0 100 1 113 1 0 137 0 1 58 0 19 106 94 44 71 1 1 1 108 32 0 16 132 122 143 46 187 33 169 167 64 74 30 10 108 197 70 175 146 50 106 19 73 48 126 1 116 49 7 108 46 0 1 1 74 0 194 75 125 69 118 121 13 189 173 187 183 5 144 47 191 33 1 36 127 93 147 0 195 37 74 3 98 
44 0 95 1 71 98 160 1 99 88 121 150 37 137 48 13 0 118 0 1 99 1 25 46 185 56 1 123 1 27 178 121 115 38 0 179 15 164 11 180 126 119 21 0 0 165 117 83 156 0 54 142 1 97 91 78 52 1 42 76 0 0 66 182 140 46 0 192 134 164 123 13 22 0 159 2 169 69 193 196 150 131 146 159 95 0 143 95 61 0 158 153 0 0 1 146 141 78 9 12 
98 161 92 53 74 1 141 184 88 52 119 19 100 124 162 3 199 105 1 70 92 169 66 167 0 140 1 1 1 101 9 1 77 136 109 24 1 62 0 105 143 1 88 0 41 45 0 53 87 186 21 84 56 128 85 159 1 29 91 1 1 27 156 131 37 82 122 109 1 38 22 139 2 0 0 122 108 24 89 1 162 0 82 25 161 40 27 1 8 0 57 136 78 1 187 192 186 198 176 27 
111 73 10 51 1 14 1 0 113 29 35 196 1 129 149 145 166 99 108 72 130 0 137 91 147 119 23 1 100 38 1 72 82 178 147 58 0 11 0 145 92 28 4 48 37 129 0 0 157 133 102 106 0 116 126 34 1 115 136 146 36 1 175 182 132 134 0 0 73 18 28 140 91 74 170 0 34 11 117 0 160 147 1 63 97 53 59 0 90 175 149 59 92 170 169 0 22 82 14 49 
45 137 131 0 183 94 41 115 68 73 88 114 94 128 122 172 111 195 128 102 22 1 141 119 194 153 0 10 55 90 90 43 1 127 0 1 106 1 35 119 192 119 88 109 114 41 165 189 11 1 41 0 39 192 149 0 187 68 189 0 184 63 51 1 169 0 176 0 0 16 88 37 131 1 109 184 0 89 10 176 42 20 196 1 130 57 171 159 51 103 186 112 0 53 83 12 130 0 107 132 
165 43 64 0 100 191 34 117 45 0 188 107 42 155 93 106 1 39 111 79 1 34 162 133 189 176 67 182 59 0 85 43 66 197 62 1 27 3 147 171 129 0 0 48 159 1 0 38 1 170 99 47 133 139 170 0 133 1 0 0 93 146 0 1 0 1 102 1 153 188 1 5 97 33 0 100 1 0 83 58 52 0 116 184 48 188 139 14 107 0 182 198 175 71 194 96 57 172 60 0 
1 3 118 156 1 105 123 178 49 177 123 96 182 94 87 67 152 104 18 156 74 1 105 6 1 0 1 1 0 0 89 166 0 15 0 0 0 153 192 1 25 150 0 74 160 32 58 44 120 64 0 91 199 48 77 73 0 104 40 10 1 90 55 89 167 0 168 89 135 1 155 76 102 47 125 1 98 74 0 99 97 68 0 1 97 4 102 0 0 31 59 89 55 194 91 1 22 131 83 92 
151 0 80 0 1 55 161 1 81 48 0 46 147 190 192 189 185 103 180 113 1 116 196 140 42 0 1 0 14 43 1 58 110 197 65 13 143 0 45 154 188 66 154 145 163 89 90 63 144 100 1 192 123 0 91 73 17 1 77 1 3 150 0 83 65 0 82 0 76 84 182 1 36 50 113 17 127 25 1 0 96 1 1 0 95 181 1 50 1 12 134 46 28 160 1 1 0 52 186 135 
26 22 103 0 164 100 0 50 101 1 71 31 52 7 104 89 1 171 96 124 180 196 40 166 0 1 16 105 156 184 81 39 89 84 130 76 17 171 76 116 150 1 109 151 24 86 196 97 28 56 14 0 78 175 172 123 140 43 78 27 112 155 85 1 0 89 14 12 86 50 105 42 70 96 98 152 31 0 0 181 0 1 166 0 198 195 82 0 0 180 1 187 164 117 171 152 170 1 0 177 
124 0 83 3 159 180 0 1 8 1 42 1 50 179 1 146 38 46 63 68 1 160 183 187 85 85 0 178 71 67 187 43 0 51 118 0 97 138 0 101 106 57 1 159 1 143 16 112 1 113 63 21 81 0 0 8 141 190 75 0 1 1 191 66 139 148 42 1 142 0 186 98 139 182 21 1 68 33 40 99 123 0 156 17 97 3 135 11 86 1 16 0 144 0 99 0 71 179 75 32 
89 77 176 1 1 62 0 152 170 75 100 0 60 0 80 163 108 60 126 47 133 188 100 170 1 95 189 184 181 1 142 32 123 177 136 133 27 174 0 0 0 96 76 192 121 113 21 12 81 79 1 69 175 1 1 198 194 199 61 45 113 20 146 40 32 3 39 104 97 123 153 38 1 185 194 92 63 0 1 0 65 68 0 0 84 14 103 132 0 88 86 46 18 23 0 64 146 1 22 125 
132 1 154 141 118 13 115 42 20 126 26 139 60 99 41 107 129 154 191 122 199 0 156 121 49 4 0 1 11 121 82 92 154 0 177 0 131 1 0 52 116 154 1 64 1 15 0 17 198 136 27 185 24 10 33 1 88 170 137 2 177 0 138 0 74 78 0 175 38 138 161 56 49 1 0 89 36 84 129 80 184 82 0 0 32 120 138 129 180 109 70 79 171 8 15 11 0 3 107 157 
194 68 0 125 51 117 1 0 173 22 80 123 48 67 1 1 29 103 93 115 127 1 1 111 1 185 194 1 176 37 169 0 152 107 0 136 1 6 62 0 179 99 128 0 1 141 194 38 56 60 104 122 73 1 15 163 100 166 183 197 101 1 72 84 21 61 0 44 74 180 173 123 1 78 63 121 174 4 78 114 0 65 139 142 0 72 1 39 0 44 181 46 22 143 198 90 28 0 126 1 
61 122 169 98 20 156 25 0 1 10 109 93 124 150 4 8 8 0 93 0 31 7 1 43 82 0 193 181 3 18 128 38 174 142 1 114 137 192 150 21 1 38 86 186 1 51 164 1 9 59 44 177 83 1 186 0 173 71 89 0 48 49 16 126 1 0 99 0 0 169 76 0 136 103 176 98 98 187 1 0 100 161 0 116 126 0 0 0 136 1 24 125 112 0 50 22 190 7 31 25 
3 88 0 87 55 80 0 1 15 113 122 176 182 0 52 146 1 22 172 53 194 1 115 1 6 46 153 187 0 12 105 132 149 182 147 52 1 55 153 45 133 35 63 60 36 97 183 66 111 87 0 0 145 174 132 5 129 31 1 0 38 151 9 0 57 39 153 65 41 36 193 81 1 1 13 118 63 145 0 0 0 189 5 68 175 152 0 124 129 75 58 1 0 101 23 79 109 4 74 0 
153 197 171 1 175 162 71 186 92 0 199 112 0 1 1 199 154 122 172 0 168 52 107 111 0 150 110 0 41 26 97 59 49 18 121 157 37 1 1 189 152 116 0 7 92 171 5 43 63 184 55 120 1 148 71 1 84 0 1 29 72 0 74 27 148 74 175 24 54 134 175 0 162 171 135 198 178 98 186 173 84 124 161 1 149 47 116 0 151 0 139 44 0 24 75 24 124 171 90 84 
25 119 45 124 1 0 72 89 37 51 60 119 0 33 107 1 189 1 130 108 1 121 60 26 111 1 144 192 31 137 1 42 1 101 97 40 17 196 116 88 0 1 120 0 27 39 0 97 0 162 40 26 156 73 0 35 110 3 34 1 151 130 0 61 0 61 58 0 198 54 22 98 35 173 106 47 41 86 191 94 172 154 56 34 70 99 123 11 0 42 108 114 81 126 0 102 136 11 1 1 
39 1 109 100 179 0 132 0 100 73 59 183 183 70 0 182 164 70 126 161 37 11 88 46 11 1 173 24 86 131 127 195 165 0 0 48 0 86 185 130 123 171 0 33 1 21 1 120 16 83 158 147 33 0 114 158 131 13 0 175 199 58 165 0 187 62 172 1 110 1 46 126 163 1 32 1 65 0 112 145 148 135 26 50 71 128 72 86 0 0 62 103 153 185 54 92 1 173 131 31 
34 118 77 66 25 37 55 122 192 110 175 115 137 137 18 55 175 188 163 68 84 1 22 33 191 120 0 0 92 1 0 0 67 26 1 0 0 18 140 0 82 1 8 119 7 138 156 173 190 33 25 173 3 24 32 1 183 73 8 143 1 148 126 131 49 52 159 140 155 52 87 48 61 1 41 0 78 1 153 4 96 46 33 130 94 1 132 12 156 16 0 187 1 143 148 55 57 1 194 71 
0 49 28 50 118 99 191 145 40 29 110 72 189 73 6 129 102 54 94 0 8 137 139 182 141 152 171 99 1 180 3 36 109 67 92 74 156 14 22 49 0 28 1 184 5 183 6 168 172 198 178 192 106 49 0 180 12 0 90 147 182 101 171 0 56 2 18 0 66 9 95 104 125 137 1 138 116 101 126 5 1 86 142 1 20 1 111 114 180 1 83 0 30 1 34 147 38 116 19 1 
174 57 0 24 154 76 110 47 133 144 18 73 98 1 0 0 99 163 70 139 61 76 112 58 38 3 20 1 1 178 15 22 1 0 90 94 28 18 126 190 118 19 65 55 1 51 170 0 0 137 43 168 1 143 0 141 194 192 80 31 0 123 33 115 100 22 103 31 9 187 166 1 185 32 110 144 90 152 185 68 7 54 1 138 116 5 91 0 22 106 1 77 0 155 189 168 0 100 60 64 
45 0 109 119 111 193 179 103 0 1 20 91 66 166 28 55 37 141 0 0 158 128 107 32 160 34 73 107 1 28 118 143 48 117 18 3 144 193 58 16 27 1 48 72 18 177 106 115 108 50 126 82 59 164 136 101 109 15 132 122 48 197 167 1 53 142 189 52 187 0 194 78 54 57 8 76 46 1 86 158 169 57 0 190 130 44 44 150 48 3 157 128 1 0 0 95 86 1 0 35 
1 24 108 164 70 141 35 62 1 146 1 188 165 190 167 101 144 0 93 183 58 125 62 0 177 42 17 139 60 95 2 182 1 34 35 34 30 7 122 0 127 120 58 1 124 1 30 23 1 65 98 1 1 1 130 189 138 111 0 194 41 106 0 54 134 42 1 50 1 139 166 77 179 38 0 100 4 106 0 104 12 127 32 122 79 108 76 175 0 18 18 120 56 176 0 147 120 0 89 1 
121 180 0 104 178 93 197 38 121 121 151 48 1 195 0 147 1 183 156 1 116 102 73 54 103 120 89 158 195 106 1 184 111 164 1 0 117 82 64 199 122 40 133 86 117 44 0 63 76 117 0 103 41 10 119 28 14 89 44 149 71 0 15 1 177 21 160 54 81 149 0 40 0 136 1 177 180 180 150 12 141 0 48 164 113 25 123 24 68 105 65 0 84 172 121 0 0 139 67 126 
1 1 31 72 166 34 1 187 93 191 177 0 170 22 1 6 84 199 117 118 95 171 86 91 1 2 1 51 129 2 119 74 126 1 1 155 107 1 35 147 1 122 91 66 1 1 0 198 113 156 60 0 74 59 195 114 87 152 34 189 142 193 90 195 187 119 143 196 96 24 34 174 0 1 1 40 1 167 177 78 1 6 66 161 0 89 155 0 150 1 93 138 47 0 117 0 0 49 192 1 
1 12 126 54 58 30 51 198 189 1 149 1 95 50 16 102 124 52 168 1 41 104 1 183 0 128 123 179 181 30 164 35 150 192 1 91 77 32 5 16 114 197 112 147 162 85 84 75 40 1 1 1 12 1 1 88 56 0 18 24 1 168 1 96 114 52 21 143 115 1 29 135 0 167 193 115 187 0 55 34 185 38 52 66 66 157 147 34 196 0 64 43 0 1 10 92 131 0 181 0 
1 110 195 115 1 153 29 1 27 98 25 198 164 168 0 1 51 122 95 172 0 81 41 171 163 0 133 51 139 77 174 134 1 191 0 148 1 89 54 0 76 0 80 173 106 90 132 0 185 89 1 40 160 108 103 9 118 164 0 0 1 66 56 83 96 0 193 1 1 108 26 92 1 23 118 0 127 1 170 17 1 19 1 141 125 0 112 189 93 29 62 170 0 24 0 80 170 72 0 44 
95 168 159 1 87 1 0 36 1 77 198 24 23 0 107 189 0 38 170 175 37 130 84 1 16 24 33 75 79 139 70 189 121 0 1 20 173 1 101 156 95 111 129 0 0 0 39 1 16 34 66 141 74 0 26 177 99 188 0 59 0 1 1 0 156 190 0 0 1 1 81 57 158 96 159 0 18 59 189 103 1 177 1 49 31 31 101 188 23 106 138 91 14 13 157 139 1 117 138 0 
