1
100
0 1 41 54 0 1 0 1 122 87 1 0 1 175 7 1 141 38 117 58 163 119 122 156 32 0 7 0 90 27 102 165 16 38 97 197 0 172 2 150 57 2 83 197 1 18 46 1 17 186 0 44 52 8 1 172 119 0 145 1 124 0 24 1 60 24 137 1 81 19 1 28 80 5 102 71 141 125 85 0 165 153 156 128 10 105 103 116 0 85 1 0 119 43 1 7 156 148 0 103 
1 0 1 77 0 1 173 0 178 193 34 0 174 1 184 38 99 109 70 135 177 0 76 1 0 69 159 100 197 1 153 55 164 131 0 27 40 155 107 1 86 99 1 122 175 58 0 1 154 169 101 161 108 41 54 45 49 152 59 29 77 128 13 132 154 45 81 73 191 1 54 32 62 1 16 159 42 186 0 189 198 191 35 1 46 76 178 140 1 15 1 22 126 56 163 113 182 6 145 88 
53 197 0 63 75 70 95 4 55 143 95 191 0 109 0 1 0 155 112 91 72 196 168 56 23 128 0 1 1 199 53 72 27 0 0 145 122 69 1 194 96 15 0 184 181 31 31 87 1 174 36 178 0 6 180 45 80 67 45 0 153 17 1 140 114 121 95 82 41 9 177 36 172 174 167 168 135 12 170 52 115 92 137 19 189 1 141 0 0 22 176 1 2 129 106 165 147 34 1 67 
52 1 141 0 1 76 140 0 59 0 153 1 107 1 180 1 180 67 0 3 5 78 1 0 191 79 163 10 180 0 1 32 180 132 59 107 25 37 39 107 10 125 116 0 1 77 0 103 88 1 129 0 80 65 142 14 21 97 165 1 169 122 162 43 25 1 38 60 175 50 95 110 188 100 57 97 1 7 87 0 66 1 108 191 0 1 1 0 39 113 150 7 85 18 0 0 195 133 8 1 
81 62 0 47 0 2 199 183 75 175 121 44 84 1 24 185 0 199 1 61 128 23 7 0 0 28 97 23 0 94 0 90 104 172 85 104 0 40 170 151 19 59 131 103 133 139 69 35 0 1 0 0 69 188 116 199 0 188 96 34 1 24 197 1 116 131 1 75 106 81 1 0 0 56 57 193 0 199 182 170 199 142 118 132 62 13 14 2 28 45 51 1 0 29 159 67 110 0 32 112 
195 52 0 47 19 0 55 14 12 0 71 16 145 0 60 140 65 25 105 86 24 102 55 32 108 54 102 191 0 0 139 121 48 187 41 194 20 31 92 1 167 19 197 50 175 57 25 56 196 0 14 136 195 124 0 112 141 20 0 122 0 79 37 64 108 133 1 175 0 170 193 43 48 0 97 188 43 50 163 0 174 181 57 184 172 148 96 127 139 86 1 0 132 110 66 173 1 178 130 0 
151 142 0 62 111 0 0 0 0 27 179 11 30 176 91 101 51 0 36 48 22 167 122 163 0 2 38 199 102 74 144 88 41 43 1 119 1 1 35 187 88 123 142 1 159 1 28 62 0 196 0 157 23 1 1 5 184 164 83 70 197 71 1 65 54 169 131 113 29 184 1 79 163 1 178 167 127 21 65 163 163 0 0 132 98 124 32 6 23 85 77 76 159 41 82 69 154 0 0 0 
20 3 56 118 1 55 154 0 127 1 130 0 124 120 170 173 48 125 1 4 168 180 9 4 1 1 187 179 110 116 130 104 156 0 153 196 114 73 195 144 55 1 0 197 185 157 184 36 140 124 115 137 0 164 128 175 1 0 24 1 78 19 152 36 9 1 20 0 116 0 182 186 164 70 100 24 165 49 61 15 47 81 115 32 0 50 1 1 126 196 71 113 194 1 183 131 45 118 0 0 
192 39 70 1 168 175 188 169 0 41 33 6 93 185 0 1 26 179 27 0 159 7 0 1 1 0 4 101 167 124 59 65 159 55 1 0 88 34 53 142 181 128 68 34 75 87 0 148 159 165 158 135 119 64 78 43 194 1 40 135 21 188 11 14 81 125 38 0 1 1 82 13 78 134 86 71 122 31 82 102 0 1 1 72 1 132 0 173 128 72 122 151 10 190 26 85 136 0 52 0 
0 134 0 41 187 1 9 1 9 0 1 117 103 61 1 27 6 161 115 186 22 182 185 37 164 136 119 4 120 162 109 0 115 1 81 38 29 1 1 44 0 0 187 130 197 20 47 1 0 88 195 150 1 12 8 21 112 44 71 71 1 1 1 192 59 0 0 103 1 0 1 0 6 77 0 15 167 0 54 90 15 28 85 51 152 86 80 113 26 1 87 1 101 97 166 50 174 10 33 87 
40 26 87 126 88 3 131 181 84 188 0 1 193 7 26 1 148 41 171 138 16 190 144 88 67 169 167 142 27 111 138 108 51 92 61 57 134 0 48 170 0 164 195 143 0 1 88 112 154 167 0 173 143 184 0 1 90 1 182 1 105 37 1 0 49 78 71 73 165 24 143 196 130 78 72 199 9 65 160 6 79 33 1 14 184 171 0 98 67 122 23 38 171 79 107 38 123 104 99 1 
179 3 0 98 59 88 177 168 184 0 33 0 0 145 0 131 78 158 161 25 47 153 63 39 141 0 104 1 103 183 136 21 84 58 154 18 85 190 23 11 0 117 150 35 76 1 67 1 0 80 61 98 123 0 1 50 156 7 33 19 81 1 142 51 0 152 45 1 135 126 0 0 117 1 20 0 1 150 1 28 100 52 191 0 10 169 0 1 28 134 65 129 6 0 196 196 171 56 174 56 
1 12 143 185 108 23 1 24 85 178 175 0 0 1 1 146 82 161 93 50 158 199 0 115 86 44 100 0 135 53 0 137 0 162 21 45 1 36 1 174 0 157 22 1 16 109 107 188 166 194 65 0 23 6 97 88 43 53 77 5 1 176 164 68 146 1 1 181 10 145 49 0 1 117 142 96 1 164 149 157 1 0 39 1 128 48 0 124 181 161 86 190 1 35 104 135 95 67 138 158 
1 16 145 133 97 52 31 184 40 157 175 130 147 0 95 179 64 0 155 44 134 23 169 1 46 128 19 36 158 189 82 178 121 41 169 114 113 73 127 168 182 1 185 1 0 178 0 44 56 187 128 186 97 128 21 0 1 180 0 161 85 161 188 95 170 11 0 0 76 54 64 0 0 138 29 148 193 88 108 67 15 1 194 144 37 2 123 0 0 145 180 77 37 157 42 1 69 92 154 42 
0 183 71 59 40 51 1 69 98 104 1 7 187 87 0 1 26 186 1 146 192 1 60 0 22 1 1 18 28 162 135 22 22 146 57 180 0 42 167 105 186 1 186 75 90 59 139 15 1 145 106 1 111 7 1 1 170 182 161 0 67 27 125 149 122 34 102 162 0 100 1 0 0 0 178 107 86 149 80 84 194 176 14 0 134 154 128 0 142 65 91 171 133 137 127 7 46 114 113 38 
106 89 0 20 63 110 45 1 111 83 35 0 72 28 48 0 153 1 98 1 137 102 1 194 50 165 0 180 194 1 1 1 0 26 1 35 4 157 23 189 0 104 39 199 23 1 1 1 98 20 22 1 56 1 0 1 194 163 64 106 91 23 1 145 124 5 127 0 48 116 117 1 128 10 1 94 1 84 25 147 180 0 51 0 0 183 62 80 51 0 0 37 106 0 162 1 82 90 53 115 
29 1 1 18 88 80 0 167 196 164 101 136 193 57 108 175 0 40 45 93 44 0 132 69 194 26 58 182 155 75 24 127 188 106 60 184 0 133 98 155 128 0 79 0 195 124 0 73 109 167 48 104 46 46 116 78 199 183 172 79 63 197 0 87 0 43 157 25 46 0 1 168 39 92 1 0 145 0 157 94 95 188 1 6 168 170 33 198 29 2 1 149 1 159 116 183 41 198 62 137 
185 198 110 143 76 157 90 0 1 53 0 1 195 131 83 83 105 0 0 145 0 74 182 78 99 112 102 27 1 132 68 1 0 0 155 0 57 174 58 32 1 44 123 0 17 1 80 143 157 161 117 194 39 93 0 24 92 179 143 95 80 3 108 1 0 1 179 168 0 34 130 198 77 47 0 187 172 1 198 24 186 157 154 94 1 0 74 13 171 185 198 0 43 25 43 137 111 1 1 26 
71 89 1 38 168 94 5 0 170 1 81 131 1 0 43 46 2 22 0 74 75 194 37 84 173 0 24 137 169 22 0 44 145 120 159 91 63 1 9 20 0 116 113 188 61 44 0 97 1 191 75 5 66 45 9 47 70 13 0 0 131 56 1 84 82 152 1 0 178 61 0 85 197 40 143 84 82 188 57 160 0 174 151 16 16 171 1 1 5 1 57 131 1 132 1 1 0 1 158 2 
194 132 93 168 6 82 77 141 30 67 1 0 4 180 1 149 45 188 33 0 199 87 142 185 76 96 144 111 1 62 0 53 12 144 175 37 165 57 173 88 70 33 95 79 38 96 0 158 15 80 9 170 62 41 87 121 184 0 145 1 2 150 142 1 104 71 0 144 72 0 162 92 1 79 109 177 37 182 82 1 0 173 73 12 152 63 98 0 176 112 183 8 29 1 29 5 113 2 189 80 
159 180 142 187 36 161 142 97 111 156 93 1 153 110 37 1 76 146 116 71 0 83 198 64 1 1 175 7 0 5 1 1 79 1 52 160 118 139 69 93 38 2 1 1 107 0 60 77 0 151 57 1 178 184 53 117 5 89 106 80 155 162 96 169 1 17 39 65 116 152 149 183 132 54 0 135 142 162 0 9 189 4 54 180 145 1 9 0 0 76 1 0 136 67 11 116 162 175 25 1 
29 162 147 133 103 172 0 76 25 139 3 43 136 1 169 127 89 139 36 0 0 0 10 128 0 78 138 134 114 6 32 44 104 139 87 159 25 112 63 1 22 72 48 105 109 133 105 115 34 67 15 186 1 134 94 62 49 178 65 185 63 114 194 0 55 8 8 1 187 10 137 92 33 1 76 0 84 158 0 154 130 1 1 72 191 67 0 7 90 23 40 142 175 1 191 119 133 141 0 63 
37 196 11 88 81 95 189 116 41 113 107 1 179 192 26 184 1 0 198 160 0 154 0 65 56 0 6 0 43 66 0 1 119 171 151 79 1 118 123 27 78 168 71 85 81 50 0 1 29 1 0 89 101 102 12 0 93 83 186 161 10 105 0 147 139 34 83 83 164 3 1 10 184 168 179 0 1 185 158 0 89 168 185 115 34 0 0 141 98 120 1 87 0 74 73 64 116 140 114 0 
51 1 169 107 0 0 170 197 1 61 10 53 119 58 99 7 138 68 193 148 0 149 187 0 1 74 167 64 51 1 56 1 1 181 114 1 178 1 160 7 113 12 148 0 0 188 126 1 0 2 139 0 46 72 15 33 140 0 37 0 11 99 6 103 0 43 136 199 106 0 122 79 196 185 0 120 116 49 4 113 168 101 0 195 154 1 1 1 132 49 59 0 108 59 77 171 25 0 159 14 
169 0 77 7 116 0 164 0 181 26 0 1 1 121 70 92 1 87 9 177 63 1 106 34 0 156 128 0 26 40 185 155 47 0 152 121 155 90 0 0 64 146 64 182 71 160 21 11 1 72 21 199 0 117 182 147 153 66 19 196 178 38 37 156 125 159 161 60 13 145 31 0 118 180 47 95 1 35 22 63 84 88 112 88 1 1 105 24 0 150 0 166 157 161 36 183 54 0 58 47 
41 91 47 170 0 15 173 110 90 112 160 1 21 16 197 26 177 185 1 187 0 0 49 75 188 0 157 1 144 40 139 99 23 21 0 166 18 94 1 53 117 0 82 147 168 0 0 58 63 1 83 173 61 166 148 31 0 9 130 1 0 93 185 75 133 0 170 143 171 87 98 194 8 1 1 1 178 0 180 61 172 110 159 183 78 128 130 17 188 0 104 104 1 161 101 99 88 190 55 186 
118 190 172 1 0 193 104 80 0 97 127 1 179 138 103 0 72 32 37 1 119 1 199 75 20 1 0 147 148 145 145 50 139 109 58 115 1 148 97 57 1 10 0 0 129 4 186 196 116 0 29 68 1 179 154 19 176 91 1 191 199 1 71 194 28 111 61 162 198 1 16 186 138 100 1 1 123 79 1 194 0 156 0 159 181 104 58 11 1 41 39 172 0 0 166 136 43 0 166 86 
181 1 0 0 135 162 165 73 104 192 21 56 182 192 39 94 113 162 195 169 150 0 152 198 174 86 33 0 32 186 3 139 1 157 171 115 124 61 185 0 37 92 194 51 39 92 111 193 79 62 171 9 13 168 90 142 189 123 29 147 125 87 165 0 198 149 0 160 170 34 42 0 0 84 104 175 0 0 142 198 19 71 186 88 0 11 1 130 141 79 198 188 47 0 43 14 185 149 0 153 
12 5 132 11 102 119 142 41 137 131 82 0 35 0 175 177 186 69 109 82 0 193 119 0 0 95 16 137 0 0 191 75 47 38 56 116 166 1 112 166 11 115 157 0 150 58 0 106 1 167 185 198 157 152 27 132 128 28 0 188 43 1 150 101 81 107 42 30 150 73 187 90 52 21 3 157 152 139 11 168 174 122 174 0 107 0 42 47 155 129 113 35 131 138 1 172 198 1 45 94 
171 69 47 83 0 152 169 20 5 145 1 1 35 9 1 5 51 39 6 19 188 54 73 0 2 0 125 10 1 0 53 0 1 0 25 0 19 0 161 3 57 195 29 0 0 197 1 168 25 143 84 176 193 5 93 86 26 5 18 1 0 116 32 62 14 177 175 37 57 0 1 17 7 104 106 1 137 4 199 0 170 81 125 28 23 97 127 161 1 29 24 1 0 63 1 121 56 87 199 167 
18 84 79 151 97 87 1 78 85 133 46 142 138 198 125 71 0 0 4 0 0 166 0 167 86 127 156 94 52 145 0 49 117 67 1 168 137 2 42 106 3 1 165 150 42 1 196 31 17 11 30 37 41 39 53 0 149 4 74 185 13 147 161 1 23 6 108 12 149 149 146 130 180 133 187 90 148 183 54 105 3 155 125 167 1 143 19 0 0 132 33 0 79 120 191 101 79 183 175 82 
73 95 168 1 0 1 177 35 118 199 41 126 96 87 145 1 106 126 1 1 159 15 1 3 154 55 93 112 59 83 134 0 0 66 138 34 85 80 144 148 197 81 84 1 56 86 114 15 0 107 128 102 175 140 152 148 0 25 90 26 146 36 58 0 164 55 56 32 1 0 31 120 127 144 1 149 42 10 1 153 138 0 173 1 21 58 0 122 103 0 57 194 1 154 0 166 81 98 90 1 
186 1 174 0 48 0 27 182 124 164 0 1 194 168 55 24 1 0 18 1 119 151 0 135 21 11 105 0 157 190 109 1 0 6 0 104 100 77 83 0 0 152 65 1 158 124 94 106 0 172 6 146 101 129 0 37 1 183 17 139 43 1 23 165 156 189 157 0 4 186 81 52 154 1 18 74 119 1 1 134 8 117 101 95 97 49 18 1 0 1 26 0 187 171 69 46 114 145 1 120 
139 62 176 135 196 64 42 82 47 134 185 124 70 0 122 1 143 0 0 14 141 171 1 134 189 0 45 159 88 40 185 4 30 0 6 0 69 136 165 11 21 8 146 144 40 114 8 182 83 55 194 84 60 88 175 103 1 196 99 88 133 50 122 35 180 175 68 136 1 67 23 4 1 91 163 1 9 127 1 184 10 1 144 113 116 86 1 184 104 149 143 178 140 126 95 16 118 1 0 0 
160 35 182 18 141 76 117 174 58 112 105 135 123 0 104 142 0 61 5 198 114 188 123 186 123 91 122 1 116 138 145 0 139 1 0 0 47 98 0 16 163 199 121 123 193 0 0 142 93 0 1 161 166 188 11 0 5 110 0 131 10 96 45 91 170 190 86 137 41 124 34 28 184 1 1 175 168 112 8 1 1 79 3 32 45 160 163 159 167 35 199 187 0 135 161 0 0 3 95 0 
134 0 75 170 0 16 183 16 1 176 171 1 182 7 0 0 3 79 0 9 0 180 0 115 107 111 73 0 1 17 0 1 0 1 10 0 0 59 75 75 50 146 128 0 146 186 0 23 0 174 117 50 111 162 179 145 104 0 58 71 0 0 144 106 49 99 7 11 23 52 68 122 51 1 45 1 135 129 20 144 128 4 2 22 114 154 70 156 147 21 112 1 1 1 85 184 21 141 168 185 
36 2 0 24 1 191 159 6 58 91 0 119 23 0 3 0 143 112 171 58 1 144 1 51 131 11 9 53 70 0 125 156 17 142 186 120 0 111 0 126 17 187 63 125 124 121 128 164 1 29 62 52 54 0 76 0 66 32 83 1 89 45 1 178 120 111 182 118 2 103 158 162 41 0 88 186 1 175 66 159 49 184 119 194 65 165 176 87 142 28 134 1 147 180 79 162 159 105 41 150 
163 1 78 133 100 147 0 66 117 47 111 187 56 1 1 1 174 22 138 84 126 54 142 1 84 2 187 126 15 178 198 16 90 180 0 185 122 0 30 0 186 38 187 192 96 0 186 1 168 41 152 115 161 1 1 174 68 69 156 65 123 0 1 33 119 74 59 108 192 19 158 0 61 97 167 40 6 142 183 42 119 168 21 114 23 1 74 18 1 20 70 176 133 29 1 145 88 63 159 94 
2 183 0 36 79 0 0 0 18 1 162 103 78 21 28 1 192 20 143 62 156 139 167 189 152 5 183 193 194 1 143 60 15 51 181 92 1 90 0 79 1 56 20 150 193 80 30 84 0 55 53 65 89 122 49 199 24 195 105 19 25 1 172 1 138 66 0 118 185 0 149 154 87 25 65 54 65 38 1 1 96 79 52 0 27 80 164 160 186 177 52 181 49 105 38 48 146 90 150 53 
140 133 21 31 79 159 1 163 0 32 113 109 7 0 166 174 39 99 133 156 0 15 0 1 91 180 183 0 177 59 0 109 146 184 100 120 0 135 55 0 104 127 0 13 17 1 135 22 73 87 24 141 97 30 78 1 0 139 108 193 154 0 192 161 59 95 147 29 151 42 163 143 0 150 118 174 8 138 49 182 41 117 0 176 123 36 0 20 68 143 55 8 63 147 101 119 0 37 170 87 
24 151 41 166 1 129 3 1 1 55 0 1 175 161 185 35 47 0 73 158 106 168 109 0 111 0 183 35 0 166 8 172 0 25 167 2 172 156 91 1 0 42 86 15 8 17 58 145 71 195 27 191 172 87 134 1 1 7 158 131 47 162 0 132 186 35 1 170 5 35 84 1 114 1 87 86 160 51 28 106 182 191 124 1 135 197 42 99 138 72 0 43 196 33 1 119 166 40 189 154 
127 44 1 150 93 185 152 27 156 31 105 157 149 47 18 1 88 143 156 93 198 126 1 151 126 1 171 177 10 169 71 1 116 1 86 1 0 182 22 1 1 0 27 70 103 0 194 150 1 185 164 169 191 195 155 27 1 122 38 166 0 1 0 79 3 53 152 23 52 55 109 1 185 184 0 26 0 103 74 0 131 135 0 110 130 0 32 0 141 0 7 156 29 176 86 193 171 168 41 69 
191 189 150 0 147 141 113 191 158 1 1 0 187 45 0 17 20 93 51 180 0 0 31 5 20 0 0 70 134 45 124 0 1 193 130 0 160 24 15 1 144 0 0 60 129 108 150 144 55 1 139 1 127 59 82 122 0 31 101 141 157 177 119 28 151 86 148 77 31 197 97 87 150 117 28 1 73 21 40 40 0 84 197 0 1 49 57 98 64 175 119 151 102 121 1 1 93 5 172 0 
117 80 1 186 138 139 84 1 0 188 93 136 1 141 93 151 83 129 4 0 5 97 32 26 184 0 170 25 0 9 0 183 130 40 74 57 174 51 1 131 112 190 97 0 125 115 0 0 0 1 1 76 64 199 169 46 186 133 129 133 18 18 21 1 150 176 1 92 42 16 1 6 189 98 29 97 94 18 78 19 1 165 117 8 179 92 0 0 1 179 181 143 1 163 1 18 0 25 57 97 
50 81 55 1 57 186 36 22 176 8 166 1 74 176 90 100 31 79 149 0 88 159 0 0 103 110 0 95 192 43 1 9 72 99 0 116 76 91 1 140 59 56 0 65 0 139 59 162 46 0 48 97 198 81 21 159 162 190 1 100 77 19 151 92 1 1 0 49 78 119 1 30 26 1 13 75 1 134 143 87 3 62 51 116 176 93 1 73 0 128 132 50 106 119 189 165 147 1 173 65 
55 0 18 1 1 63 0 24 82 34 184 165 37 162 172 155 1 196 92 172 110 0 189 127 21 29 116 63 180 119 179 44 1 0 168 199 57 122 63 3 1 4 1 127 188 0 94 188 107 79 1 128 91 182 118 112 50 196 46 79 33 199 31 0 15 191 57 140 1 163 132 98 69 0 1 158 1 0 115 15 168 18 66 182 97 27 106 194 10 1 1 0 88 172 1 129 191 0 146 151 
54 41 197 79 157 94 170 37 15 67 186 2 169 132 78 66 45 88 129 32 68 1 7 44 7 136 85 118 1 96 100 1 16 95 189 0 0 89 28 133 162 43 0 9 179 0 0 67 182 0 183 12 105 146 135 0 109 0 27 149 159 82 62 11 62 9 165 185 1 58 43 51 32 137 0 33 145 24 73 1 0 1 132 133 0 1 193 134 87 1 158 1 64 174 32 86 1 105 83 77 
65 79 92 79 192 79 149 44 0 162 94 168 77 74 1 0 182 66 1 142 112 42 0 63 81 48 51 102 15 11 91 167 101 97 8 23 1 1 179 81 96 0 96 0 70 146 94 0 44 103 196 0 155 86 116 4 132 74 0 1 1 179 45 32 104 145 57 151 55 147 189 157 56 132 161 7 147 1 1 0 0 143 1 167 168 0 59 96 0 94 1 137 82 0 0 83 192 156 119 63 
184 1 98 0 161 1 1 0 33 114 44 118 17 0 162 1 57 20 12 9 158 4 77 156 7 15 115 164 196 184 34 19 108 0 15 110 15 160 55 58 111 48 79 159 1 37 1 57 0 142 195 0 30 123 113 6 140 1 79 106 0 95 0 0 0 85 91 121 183 39 67 0 110 49 53 59 0 197 1 76 1 1 175 64 62 137 135 1 191 93 1 1 75 0 1 112 161 0 1 31 
22 0 42 126 0 85 186 0 1 184 42 44 67 0 157 1 147 113 129 0 174 142 1 8 1 48 104 1 98 1 196 55 24 73 151 74 1 14 124 1 194 176 118 73 0 38 198 90 34 0 169 184 55 84 74 79 197 63 165 41 149 54 69 29 0 88 0 1 21 1 1 69 7 0 181 0 83 107 179 51 5 132 167 198 73 54 124 121 175 104 1 48 19 15 147 92 102 91 4 82 
0 1 107 1 11 11 23 149 128 0 1 74 1 173 108 138 88 125 26 43 76 72 56 173 103 123 172 0 141 150 98 65 54 83 144 75 127 12 25 1 145 1 0 14 100 192 136 123 102 193 0 25 34 0 179 172 2 114 90 47 98 10 133 0 40 132 1 1 87 0 0 123 32 132 135 123 157 60 134 37 157 91 135 0 80 0 149 63 194 111 57 173 96 197 0 66 0 28 1 117 
156 124 42 0 92 74 151 169 1 189 117 0 127 173 46 72 134 137 46 97 10 28 193 107 44 81 105 162 79 184 63 105 47 193 1 25 0 61 38 19 1 76 100 131 0 176 1 105 81 7 0 0 41 93 121 0 89 34 99 33 157 103 82 87 19 75 70 34 50 179 1 95 1 185 20 23 0 50 65 82 121 120 163 177 0 74 68 0 33 139 44 1 165 1 19 154 0 0 193 15 
122 104 158 0 0 31 28 199 186 1 137 1 198 49 37 65 198 20 1 119 6 0 8 31 74 88 48 90 165 1 0 0 0 199 36 156 195 107 170 19 166 76 130 1 93 197 1 180 141 139 153 22 0 128 1 171 91 59 178 199 36 1 196 17 196 1 1 184 105 2 0 136 0 138 98 1 149 197 184 0 43 96 51 11 7 42 188 65 22 49 62 151 95 1 55 7 0 1 112 170 
0 45 128 11 80 155 28 169 141 136 102 16 87 61 81 13 17 0 0 87 185 159 6 1 149 191 93 185 144 181 0 33 0 8 13 86 32 9 66 115 191 87 100 127 1 1 11 151 168 1 15 3 195 0 0 1 143 0 20 128 133 76 0 81 40 84 1 178 0 23 140 142 69 72 158 96 197 143 167 13 35 0 0 91 188 158 117 130 192 1 84 179 1 185 0 0 194 31 64 49 
44 94 0 71 1 0 161 112 102 23 15 182 1 1 139 1 155 0 3 106 3 101 119 62 0 1 140 77 148 119 0 194 110 0 171 145 114 128 9 31 49 155 27 1 165 69 0 163 154 0 143 1 133 174 0 32 1 1 0 170 44 132 118 0 188 174 0 0 1 0 1 59 0 1 178 13 164 1 192 128 198 116 194 22 0 34 72 1 1 1 114 122 0 90 109 97 1 112 17 148 
180 68 98 122 0 96 50 153 170 125 72 0 106 1 158 20 1 142 0 140 17 45 38 0 161 131 164 34 148 68 66 0 0 120 64 11 178 90 64 76 71 158 21 0 183 195 77 168 0 2 149 0 1 163 137 0 49 10 1 1 1 91 116 188 0 81 120 1 27 94 154 52 162 65 115 134 1 152 102 115 118 113 36 1 101 185 0 0 84 119 0 80 0 0 42 47 0 3 61 1 
161 179 85 155 195 156 156 102 81 51 114 81 34 1 32 189 1 1 128 146 189 125 141 0 167 180 73 107 111 131 63 50 196 103 103 137 57 21 55 173 0 157 48 1 119 49 44 1 93 44 33 114 0 123 0 165 0 27 1 1 118 51 49 1 38 112 151 119 0 74 5 192 79 62 0 103 119 177 0 11 23 79 55 17 48 103 0 56 0 9 0 94 130 99 40 59 155 155 1 25 
0 185 190 0 115 171 115 20 0 60 82 76 107 100 0 0 151 110 48 145 152 109 170 44 1 0 129 106 0 125 162 25 1 1 0 17 33 67 0 24 175 133 0 182 59 0 153 64 62 93 76 142 81 41 52 153 150 0 155 0 1 190 0 114 0 0 0 47 10 115 125 195 21 106 13 1 140 153 185 141 163 0 3 0 75 73 51 1 65 1 133 187 96 30 0 1 1 47 160 58 
16 0 181 46 120 0 3 142 85 7 1 160 0 70 168 65 1 88 180 1 0 48 66 95 46 50 82 4 11 10 9 86 28 117 1 175 96 132 1 0 1 158 74 162 1 162 32 187 0 1 0 52 159 16 162 95 0 169 0 1 158 142 0 24 35 64 1 165 164 169 0 1 1 78 24 1 64 0 59 12 0 146 114 1 75 32 35 0 133 22 56 82 181 169 106 37 59 130 79 99 
153 16 163 1 121 77 102 55 152 107 64 16 68 1 103 169 1 150 81 0 168 174 1 67 169 156 50 30 0 157 6 0 115 156 136 1 0 176 68 29 0 185 161 0 1 0 1 146 133 118 1 1 193 69 136 52 37 180 102 0 185 11 134 126 1 88 96 158 0 0 95 129 4 1 184 128 1 0 7 55 85 92 0 31 137 136 115 87 49 33 63 26 41 107 165 55 100 0 191 0 
149 133 132 1 118 3 117 1 91 0 151 82 1 10 144 1 159 61 0 18 40 1 144 68 84 1 1 68 103 177 101 152 20 181 171 182 67 1 0 120 101 58 116 117 16 2 3 178 148 114 0 88 165 1 97 135 108 56 1 83 0 93 24 193 1 0 1 58 177 2 35 85 135 0 186 1 0 1 151 28 171 1 1 0 169 156 143 90 28 147 70 89 0 106 62 74 28 21 112 15 
0 99 159 0 10 112 180 164 6 30 0 189 114 90 94 66 114 74 177 106 93 60 197 60 141 93 103 0 11 89 0 0 99 192 17 1 1 164 26 115 113 125 107 178 1 39 103 152 59 48 181 33 18 65 147 49 145 165 24 129 1 0 1 0 39 98 1 108 0 0 1 1 0 59 126 121 96 51 25 46 111 56 0 121 153 23 108 128 16 8 1 192 117 122 23 171 75 131 84 41 
176 190 83 151 69 67 0 1 4 119 0 94 89 22 46 0 132 30 94 1 7 101 0 197 29 0 54 22 1 40 28 41 26 98 1 105 62 81 80 91 63 44 115 1 47 198 139 145 1 3 17 18 0 0 60 38 121 101 54 74 144 131 0 66 189 194 1 90 6 131 155 65 136 125 0 0 0 53 0 12 0 196 1 0 180 87 47 72 43 72 1 115 145 119 154 50 165 179 98 1 
0 183 47 0 0 1 122 123 185 141 76 152 78 191 64 0 0 58 17 1 121 32 0 19 116 1 0 171 1 38 3 0 121 1 87 8 157 0 55 0 0 1 116 43 64 84 150 196 1 197 164 174 159 106 14 112 120 190 16 188 0 0 0 0 134 169 0 0 1 1 189 72 148 194 157 93 185 139 171 168 159 75 40 187 1 0 46 52 1 2 121 114 181 111 0 95 182 0 151 74 
118 134 198 190 90 182 0 199 1 74 77 27 37 87 178 195 44 47 1 197 25 116 91 89 193 129 0 92 1 29 1 99 85 10 126 55 0 47 24 80 22 12 70 1 28 151 105 122 53 148 89 84 195 79 1 115 193 82 107 1 1 1 0 188 0 27 60 92 25 192 162 0 116 165 138 185 98 4 49 142 18 92 0 89 3 128 79 99 44 0 144 1 46 22 145 146 0 1 164 139 
0 81 44 75 143 1 165 96 193 13 95 85 191 33 28 80 101 126 37 140 3 169 1 115 118 72 143 1 93 0 156 94 130 0 124 1 26 154 13 190 108 71 28 1 48 49 48 105 20 180 0 0 154 18 40 113 0 167 83 60 102 70 173 1 198 0 0 197 195 96 78 156 104 20 0 38 136 38 85 84 0 1 160 97 0 106 164 84 147 4 189 171 143 192 1 108 13 0 1 147 
103 107 134 169 0 108 185 130 1 190 12 0 0 100 45 104 52 105 1 108 180 155 6 78 99 72 51 0 194 78 79 188 6 30 1 95 137 148 186 78 169 38 0 1 16 121 150 85 197 142 117 0 40 1 106 145 1 179 137 103 0 0 1 174 176 33 0 0 164 22 126 0 116 52 165 1 54 140 32 174 149 0 54 3 191 74 29 90 142 1 129 1 58 80 175 1 42 162 151 199 
41 61 171 180 1 111 186 1 137 114 148 154 125 123 1 87 143 86 107 18 106 132 168 0 4 112 0 191 97 67 124 125 181 138 1 168 196 1 1 149 130 126 0 0 102 1 53 13 23 0 0 72 72 137 0 153 78 0 31 185 31 92 133 156 157 46 118 0 185 36 190 17 5 132 93 136 143 140 165 149 0 2 57 1 67 168 29 20 14 111 130 108 189 1 186 109 0 156 137 181 
46 123 1 1 188 0 1 110 52 20 0 0 83 82 0 1 67 73 35 8 29 0 196 27 15 129 25 1 1 20 90 40 78 94 58 119 46 1 124 0 24 197 0 69 65 1 171 146 157 87 92 0 171 142 1 16 119 103 83 84 177 78 7 169 1 63 178 113 0 182 34 136 0 18 36 52 0 0 161 115 0 0 45 102 153 69 0 13 43 112 0 4 35 93 74 60 24 0 158 151 
151 70 166 28 63 104 0 98 159 14 189 164 20 34 1 0 33 0 149 152 87 153 1 165 1 1 156 109 42 106 14 49 114 196 129 1 172 61 179 114 0 32 111 1 148 168 134 1 0 86 0 15 0 11 40 71 155 0 47 1 1 7 12 74 0 114 20 0 168 0 26 128 171 38 140 0 115 191 197 46 0 0 187 122 180 63 0 125 0 186 1 199 1 164 77 122 88 105 138 39 
0 99 0 1 179 40 10 188 121 172 170 1 50 75 52 0 26 153 80 41 150 39 142 4 1 100 1 29 45 40 80 192 12 0 93 104 1 159 138 45 70 99 139 52 151 0 0 131 0 165 9 140 166 1 23 100 162 27 94 198 167 43 170 101 92 149 3 1 17 143 0 0 1 1 76 139 166 120 28 117 162 132 156 124 0 107 1 8 116 180 1 0 140 0 115 65 29 0 67 102 
52 193 12 177 0 35 90 1 1 0 87 32 73 0 115 1 116 38 0 33 13 0 152 93 35 15 64 158 105 118 164 128 0 118 0 1 156 0 0 115 6 0 3 48 87 1 25 174 46 43 165 41 183 10 64 27 42 120 72 123 1 121 189 186 0 29 0 45 28 10 25 0 17 1 9 70 1 142 28 178 1 54 1 1 142 0 151 2 185 125 195 131 1 151 9 128 98 117 180 0 
123 177 142 191 159 125 113 27 0 1 84 39 121 173 0 49 121 78 29 44 192 67 84 116 84 99 27 1 13 142 21 1 33 61 103 184 13 142 70 32 0 141 66 1 0 1 193 110 32 1 150 0 153 33 121 3 165 23 1 127 159 152 1 66 92 1 42 165 64 176 152 7 0 0 149 121 114 14 124 182 123 1 12 18 183 73 72 189 126 100 184 72 0 141 16 49 107 0 131 88 
1 186 113 0 0 150 108 45 155 196 138 90 20 194 192 111 86 192 143 18 132 53 160 129 36 0 195 113 0 39 100 0 71 195 93 145 62 172 97 160 61 20 36 19 114 144 35 1 151 165 155 167 116 157 40 79 124 168 27 0 0 47 108 107 146 81 35 100 67 142 140 38 47 0 13 1 150 184 199 135 181 190 63 26 174 115 0 110 118 7 170 146 1 149 47 14 68 47 141 95 
166 90 0 1 171 2 140 61 1 52 127 79 186 153 59 0 1 88 98 50 52 177 30 61 30 42 1 1 137 31 1 33 21 33 82 194 184 7 197 66 164 42 2 68 123 1 1 190 0 1 0 1 36 110 90 44 32 1 109 125 0 0 39 12 12 57 1 111 23 190 1 1 66 37 0 166 165 127 185 77 130 196 31 72 106 165 104 0 0 1 178 135 1 19 62 91 0 133 163 195 
90 1 172 0 1 83 16 52 151 101 165 145 0 6 80 58 69 1 36 187 1 99 54 64 145 0 64 75 56 51 141 83 0 125 139 121 105 1 176 105 179 58 48 40 193 104 26 26 169 63 1 117 166 43 174 142 120 156 139 37 40 1 100 0 0 1 82 79 105 36 169 24 0 44 0 0 157 1 0 139 0 138 102 11 137 185 11 0 91 65 92 22 81 5 57 79 168 157 114 0 
174 10 0 31 79 114 140 1 47 67 33 145 76 162 10 0 0 0 159 140 1 5 34 1 30 1 8 124 32 35 89 1 27 0 124 1 68 0 85 48 28 0 87 64 149 140 73 100 0 1 83 12 1 0 77 1 0 182 25 35 15 1 197 3 169 13 178 0 43 1 72 0 192 1 196 183 0 107 170 9 63 2 128 62 106 174 38 56 0 34 35 1 8 4 0 192 103 30 1 85 
85 0 42 88 0 65 145 96 0 70 165 196 132 0 33 115 81 180 0 157 107 131 194 121 24 153 154 181 83 113 47 1 3 18 79 190 140 193 114 127 15 166 95 91 62 178 17 38 0 178 90 84 1 154 0 179 62 62 45 26 148 136 112 141 78 93 137 155 72 0 14 0 62 117 1 1 197 0 1 189 96 180 139 117 0 88 179 162 0 27 189 100 85 55 196 167 39 92 71 112 
2 19 22 43 181 153 25 1 1 1 114 1 137 27 146 2 68 113 161 185 1 29 37 91 61 1 123 83 6 0 5 139 2 54 35 93 79 0 132 0 1 1 16 142 49 140 0 140 41 125 1 41 153 83 142 51 3 108 49 175 97 6 173 164 8 0 154 69 12 147 0 0 15 144 93 151 0 1 0 148 0 97 187 145 149 157 105 8 168 194 137 60 1 90 0 0 29 22 79 177 
2 42 194 15 27 120 145 73 0 92 46 47 1 0 188 82 104 1 94 75 142 169 85 160 62 144 144 72 1 141 141 130 153 178 36 1 198 160 135 126 152 18 10 157 109 1 168 48 63 99 1 68 164 181 117 160 140 55 88 158 160 0 1 160 1 164 1 89 141 4 1 1 156 155 1 160 44 35 68 0 45 170 61 14 0 32 1 156 63 157 1 1 69 18 104 183 194 7 0 149 
1 28 0 170 63 0 64 5 117 37 163 46 0 41 13 1 84 96 47 58 10 1 77 25 0 49 131 13 81 81 88 0 0 199 78 102 117 157 30 150 199 0 31 101 88 37 0 11 190 0 1 114 105 171 124 0 0 118 55 57 191 197 166 58 2 19 134 1 131 181 118 87 151 119 117 101 170 0 169 0 0 198 77 75 79 60 35 156 142 116 65 184 130 156 0 145 143 197 129 90 
100 120 180 138 30 0 1 2 67 100 0 90 1 23 70 55 165 81 94 93 185 1 115 1 0 0 0 12 23 76 181 152 102 7 0 133 25 1 86 154 43 109 71 190 0 50 0 109 85 0 6 163 69 15 184 147 1 193 178 0 77 19 184 1 8 6 23 52 66 136 70 0 27 1 192 46 2 1 0 62 47 0 37 1 167 146 0 20 69 86 126 1 1 36 79 1 190 186 132 136 
104 15 79 183 85 0 0 166 46 20 1 64 55 11 92 133 136 116 107 1 192 191 44 174 23 60 174 0 173 149 101 180 128 145 185 176 13 167 34 27 122 146 19 9 131 0 0 143 150 109 55 185 23 153 56 39 112 0 13 50 153 1 157 125 1 149 161 1 0 40 17 183 0 36 0 0 0 50 0 1 1 146 0 95 11 14 136 162 118 3 48 176 0 105 12 162 86 43 191 27 
0 170 1 125 199 134 0 0 178 1 193 145 160 0 0 176 1 182 167 0 114 1 123 66 100 133 189 138 164 182 57 192 180 106 121 76 82 0 1 50 139 190 96 82 81 1 1 98 18 160 163 0 189 173 172 65 189 60 99 119 1 166 61 64 0 105 89 89 78 0 0 143 65 20 33 180 31 17 1 0 54 73 143 0 90 41 23 25 142 0 1 50 15 156 151 128 39 136 2 85 
10 93 189 1 67 199 27 148 82 178 47 83 147 0 170 0 114 133 153 0 69 62 196 34 74 28 87 135 64 140 0 42 68 116 32 163 10 41 71 99 87 48 7 8 190 116 0 83 70 35 107 1 1 161 106 1 180 68 119 89 0 1 125 4 174 0 43 1 17 0 29 170 132 108 37 92 156 97 14 91 58 53 79 154 0 145 173 49 1 95 150 1 82 142 127 1 62 53 129 63 
154 63 35 192 69 74 176 1 0 168 46 0 173 92 169 68 121 33 105 0 115 133 77 24 94 158 115 1 72 66 69 155 178 1 74 65 1 46 8 198 32 74 16 47 1 3 1 120 37 114 182 168 121 71 28 189 141 57 74 1 42 63 1 186 12 105 48 165 153 14 125 117 11 144 0 1 0 1 123 1 177 29 70 33 76 0 1 1 22 51 145 178 198 36 35 0 1 190 164 19 
128 94 114 175 71 9 65 0 1 75 1 96 23 109 13 35 171 26 52 1 29 89 123 78 92 70 177 24 1 178 75 164 182 156 154 191 0 1 69 94 132 39 140 0 1 46 176 164 5 174 128 82 102 37 76 4 181 29 15 127 122 37 1 60 144 136 192 1 62 124 98 31 51 0 54 37 7 85 1 36 0 68 74 84 138 152 0 103 1 104 105 32 1 124 134 51 8 179 29 1 
0 1 172 51 181 0 90 60 168 182 107 143 0 110 100 0 169 0 55 123 137 69 18 193 48 33 159 112 4 123 1 164 57 39 75 1 59 2 110 58 55 1 189 71 0 137 157 0 69 140 134 54 145 85 88 0 58 185 176 12 53 165 88 1 2 29 19 74 29 178 0 112 13 198 45 70 21 145 29 160 108 104 99 49 123 102 88 0 0 104 35 3 55 16 122 38 73 0 22 1 
57 5 0 95 186 169 0 107 36 184 47 185 51 72 141 193 10 1 69 28 163 151 86 1 1 180 0 162 156 140 16 1 0 90 0 0 79 47 1 13 0 100 74 159 1 0 0 0 175 91 29 174 115 0 151 8 15 149 162 0 0 85 0 196 64 122 103 67 199 192 191 0 196 181 33 182 198 97 0 125 182 105 133 118 165 169 92 32 0 145 0 94 158 62 163 34 83 0 77 148 
0 101 1 82 27 73 116 157 0 109 140 0 74 58 0 113 0 52 32 0 172 97 137 6 181 24 11 145 87 116 86 45 101 45 0 0 18 145 106 17 127 37 187 0 62 34 163 140 126 1 1 34 9 165 72 53 160 132 34 104 8 1 129 73 42 0 78 60 187 180 121 1 102 75 110 145 42 95 172 5 1 180 0 71 0 1 99 183 10 0 0 1 58 57 14 93 181 0 71 0 
0 194 76 111 149 170 0 1 188 0 16 131 1 27 165 195 53 176 123 37 117 0 99 102 21 7 198 1 1 174 26 162 80 1 58 27 21 76 197 187 137 15 89 0 21 111 131 176 0 18 39 0 85 44 40 134 111 185 10 38 1 139 1 80 81 110 172 194 30 0 139 118 62 0 173 120 153 9 0 185 113 179 185 198 17 39 104 144 195 61 0 1 78 8 104 109 110 59 49 1 
49 98 183 0 39 10 76 105 6 0 104 73 99 61 72 3 0 24 5 112 0 45 1 186 3 1 94 4 1 198 0 1 41 42 159 140 1 147 131 108 1 12 188 33 21 110 122 87 66 14 48 161 5 31 1 191 152 22 127 85 2 89 13 121 1 92 0 103 1 131 198 106 181 1 0 154 1 116 135 9 1 122 0 185 176 0 129 160 176 184 174 0 155 161 0 14 10 1 11 89 
114 152 1 77 1 152 129 104 26 1 79 198 1 53 0 115 146 0 53 140 9 194 183 158 7 91 126 132 37 90 1 41 0 116 38 123 0 195 188 78 143 103 145 135 0 71 1 63 19 174 0 36 16 30 0 37 1 45 96 0 135 192 93 47 17 9 0 107 0 107 191 7 174 87 164 1 192 55 178 49 111 1 147 153 40 39 136 135 175 192 137 150 0 21 14 130 83 94 76 137 
0 149 0 171 179 95 30 1 119 75 124 171 127 1 74 186 194 82 109 79 143 6 152 133 63 1 0 91 129 66 18 101 81 0 1 57 81 36 141 113 41 44 95 118 1 10 182 0 113 83 0 0 115 29 194 184 130 93 125 0 58 95 16 0 130 53 59 20 116 48 0 0 0 139 55 47 151 198 0 111 41 84 179 196 0 115 88 16 136 1 189 0 0 0 15 1 163 0 1 93 
27 144 134 1 42 182 1 115 64 1 91 167 145 0 193 0 1 59 1 56 0 179 103 73 0 1 130 59 1 32 29 161 25 126 0 96 0 0 93 0 109 83 31 20 130 142 74 67 50 126 138 77 140 40 25 1 185 167 0 1 14 85 31 106 186 20 120 15 89 151 1 0 96 95 85 76 58 174 1 32 1 176 84 1 198 142 4 91 0 133 0 38 62 169 0 181 141 23 41 30 
1 0 199 167 0 34 77 1 51 76 7 175 110 179 1 125 71 25 142 28 1 44 68 87 49 28 1 1 173 139 117 22 58 133 102 5 128 1 17 1 64 162 0 0 78 1 147 185 1 49 46 105 105 178 13 78 97 1 53 64 142 0 7 108 0 189 165 31 126 155 0 191 33 0 1 12 67 1 146 178 45 113 7 194 45 1 0 198 176 83 107 70 67 177 1 0 145 62 34 12 
122 0 137 66 149 1 122 22 45 196 193 38 171 116 91 75 1 1 162 1 0 165 1 1 125 38 146 0 49 161 0 54 1 129 64 193 147 174 171 197 23 29 1 184 191 168 1 1 0 150 5 57 1 66 148 0 0 0 117 1 19 69 90 105 1 16 1 21 171 0 138 1 41 36 0 126 55 53 122 1 177 23 1 83 141 17 197 147 194 94 73 103 94 25 0 175 0 1 1 0 
153 95 185 148 23 149 88 128 28 170 52 85 163 7 131 165 0 190 0 199 107 112 183 181 119 101 0 192 64 1 73 0 186 40 92 0 0 26 180 1 44 169 83 1 109 125 6 137 193 102 158 141 77 35 1 187 85 33 153 49 137 104 98 61 162 143 1 176 180 195 0 0 77 0 21 145 118 55 195 44 100 120 82 0 82 80 109 1 23 1 29 44 166 73 1 73 18 0 11 0 
158 1 101 0 189 0 9 136 0 12 1 1 1 163 82 27 178 0 1 156 111 1 149 5 61 100 164 84 117 0 58 192 132 181 0 0 1 182 127 196 0 179 1 96 105 147 103 0 1 0 81 3 97 0 106 24 171 97 1 5 18 1 0 46 1 1 191 80 142 0 5 42 1 36 104 187 24 80 185 87 157 33 0 129 33 1 25 93 0 76 0 86 25 106 48 189 49 0 0 119 
145 114 111 26 75 198 0 17 130 1 0 0 198 140 1 185 1 131 66 139 1 68 182 1 0 1 96 144 199 52 185 1 113 0 190 52 0 144 0 4 131 73 1 32 194 148 113 49 1 33 1 140 164 5 173 25 0 0 1 47 0 1 48 0 150 45 13 94 1 24 25 72 89 0 88 190 98 48 57 46 18 154 36 88 189 1 0 139 0 1 150 68 0 68 56 124 1 62 44 0 
