1
80
0 85 17 117 119 33 34 38 1 63 132 31 47 41 0 67 42 0 46 116 88 143 80 17 137 0 0 98 131 43 0 4 62 116 86 140 60 74 150 0 72 1 115 66 89 20 133 86 80 1 21 37 136 32 40 1 1 147 120 46 96 43 29 153 0 0 1 24 65 19 148 152 148 141 8 105 0 0 146 101 
138 0 28 1 108 94 1 124 75 1 22 0 137 88 125 15 3 11 153 27 27 103 128 83 54 67 70 0 1 1 1 107 133 48 63 67 28 4 48 76 103 61 3 108 87 24 80 96 75 139 1 18 150 71 5 0 19 26 81 138 26 106 144 37 135 11 135 62 104 51 1 1 113 145 36 54 132 95 64 93 
0 12 0 1 0 13 40 1 54 1 1 72 14 1 113 64 0 102 0 0 1 23 56 0 9 80 56 128 1 0 152 53 1 0 15 84 120 48 1 18 59 153 141 1 125 86 143 1 71 18 21 4 138 147 88 141 72 22 132 38 46 41 72 0 120 104 85 94 14 132 85 126 18 125 0 90 43 1 104 0 
83 5 111 0 78 0 0 12 1 130 86 131 154 69 133 59 80 141 1 102 85 119 0 102 1 17 0 0 25 105 47 105 13 62 144 108 114 51 90 122 1 148 120 65 17 1 155 91 144 1 107 1 75 24 0 26 126 47 158 123 11 50 0 0 83 84 9 0 102 157 28 8 73 125 52 81 13 148 0 1 
107 1 0 0 0 30 125 103 105 124 56 1 66 0 126 38 127 142 80 1 29 3 54 121 63 88 104 148 149 112 1 1 107 35 147 81 68 0 83 23 0 17 1 51 1 85 0 104 0 81 15 0 1 21 9 153 143 85 1 0 88 1 112 128 1 44 119 1 55 142 100 0 149 1 69 1 148 0 58 43 
40 48 98 92 30 0 0 93 155 69 0 0 59 41 0 56 117 140 1 15 0 45 44 78 115 112 135 19 51 74 158 102 59 26 0 124 34 159 118 15 57 74 77 15 39 120 79 55 1 1 116 68 34 123 157 69 0 121 46 1 150 1 0 0 66 61 73 29 76 90 153 12 83 69 61 137 59 133 0 1 
0 11 1 84 91 152 0 70 0 72 0 25 22 90 87 89 117 0 1 2 49 148 79 89 132 66 1 156 0 57 124 71 153 19 117 7 143 67 0 1 153 111 1 148 132 20 1 128 147 0 25 116 158 0 91 0 0 0 95 1 95 44 136 1 93 0 1 1 78 3 1 0 85 33 65 134 113 16 63 33 
21 0 1 53 134 22 73 0 39 114 125 1 9 3 63 117 97 70 79 10 105 104 75 40 98 120 137 27 89 0 10 133 3 38 14 107 35 3 11 125 0 31 0 0 73 136 69 1 37 114 107 90 1 60 0 50 153 0 97 137 61 83 26 62 159 144 127 59 4 117 147 0 100 1 152 154 24 114 158 157 
47 0 13 131 152 65 51 2 0 26 139 157 83 16 24 79 104 0 54 1 109 53 0 4 87 99 0 101 79 1 57 108 143 66 23 52 21 43 150 123 19 18 71 0 1 47 0 1 62 1 1 9 131 0 1 1 129 69 138 42 0 0 80 109 34 1 159 18 0 50 103 26 0 40 114 1 0 1 34 0 
33 92 112 0 98 36 53 109 116 0 31 12 73 4 151 135 93 91 1 85 0 154 0 113 0 30 116 69 152 77 2 75 68 128 44 149 135 73 127 1 116 53 1 124 107 32 64 79 90 0 1 40 119 39 55 12 137 127 131 0 1 155 73 25 14 80 122 138 83 114 18 0 83 112 10 16 110 1 90 0 
104 52 114 19 44 91 81 21 137 0 0 28 55 59 0 86 69 67 18 76 0 0 154 1 2 1 67 72 17 110 136 0 60 52 52 44 113 122 115 27 1 156 1 157 97 0 94 0 1 79 110 159 54 1 20 1 155 111 46 0 134 106 0 80 26 29 103 154 1 55 115 17 106 1 31 56 11 123 77 124 
9 0 0 54 0 57 89 1 121 13 71 0 1 49 8 80 59 121 47 76 15 0 0 68 130 100 126 0 53 11 8 87 38 113 146 121 14 14 0 24 13 107 0 46 153 100 63 0 66 44 0 151 146 54 64 46 9 1 1 123 3 0 0 0 60 73 118 115 94 1 0 72 1 89 23 68 35 30 0 138 
114 108 13 106 31 111 158 58 4 46 156 0 0 85 47 1 27 113 124 134 106 23 119 0 116 0 59 15 133 142 154 125 62 107 0 84 0 12 130 84 79 125 54 109 106 73 16 93 102 1 0 1 151 12 138 103 61 0 85 25 1 156 63 1 157 0 155 0 12 78 75 0 29 21 1 36 13 90 113 43 
118 48 12 60 90 1 1 141 93 120 132 37 1 0 43 112 86 0 10 113 1 1 0 1 43 122 159 85 1 23 107 33 0 103 0 45 146 120 145 135 10 157 72 13 6 0 108 36 0 0 21 110 141 0 67 7 1 6 45 61 116 61 0 60 74 30 147 80 1 0 123 107 45 100 56 1 87 99 46 96 
8 130 38 67 88 138 38 1 1 66 10 133 80 54 0 149 39 55 4 60 0 20 99 110 112 59 0 85 135 128 1 1 113 50 65 48 20 40 75 27 1 0 70 93 45 29 91 12 84 0 9 72 124 50 119 3 141 77 148 64 25 0 105 1 24 139 49 1 45 27 1 42 103 67 1 82 24 2 128 27 
0 42 0 151 115 35 70 0 0 82 6 72 92 124 22 0 118 155 145 0 2 140 0 29 35 138 1 103 26 24 88 0 99 31 57 77 45 86 2 68 8 94 41 119 51 34 145 1 19 0 0 90 87 1 19 0 28 108 96 1 0 127 123 20 63 96 61 81 11 11 0 61 85 1 24 127 53 8 24 11 
91 85 48 24 142 132 0 78 1 0 4 103 47 31 146 89 0 110 4 1 0 114 82 0 68 80 1 55 101 136 14 157 5 134 47 141 3 1 102 0 73 22 112 111 159 89 106 12 63 60 0 1 98 128 1 1 1 1 68 63 98 21 0 122 16 77 99 0 73 150 152 10 144 93 22 99 54 108 78 1 
18 3 54 105 58 125 0 103 52 0 7 79 77 103 115 132 0 0 121 24 153 1 27 0 1 103 29 154 103 0 1 65 91 37 44 117 56 0 0 20 129 117 57 91 135 1 100 9 127 55 1 18 156 0 76 74 109 1 101 12 0 46 76 139 0 1 57 13 114 108 96 101 72 0 124 54 19 88 128 120 
148 89 140 1 156 104 109 0 84 137 71 1 64 131 66 32 86 1 0 82 33 1 127 1 67 99 29 1 41 9 52 22 109 132 1 96 1 154 1 108 105 133 66 6 1 0 34 56 1 146 44 117 155 125 91 54 12 130 104 32 1 155 79 1 5 3 56 0 134 119 44 12 154 31 85 0 128 1 1 88 
63 1 0 82 40 5 121 72 109 44 86 154 27 45 47 20 96 52 94 0 81 0 152 1 135 116 0 121 146 46 98 37 139 29 0 1 63 151 150 22 1 144 101 102 0 137 132 135 134 22 153 0 101 59 4 30 74 61 156 0 2 21 125 149 137 14 132 0 47 37 133 24 142 33 1 135 46 0 153 126 
1 69 0 44 71 0 14 99 145 30 85 43 33 126 26 1 102 158 1 102 0 153 122 1 36 26 131 0 55 66 20 41 0 122 0 126 1 94 142 122 39 130 0 148 71 97 0 105 120 151 133 126 6 0 103 70 48 44 80 137 106 79 155 96 1 0 10 1 13 59 101 75 140 95 21 0 39 158 121 154 
41 65 64 0 0 128 0 1 128 0 1 0 114 77 59 11 64 30 75 3 99 0 139 153 91 87 0 109 142 69 137 85 137 150 117 94 1 73 67 86 28 146 22 88 108 147 123 135 96 19 87 0 83 0 0 125 19 125 94 1 122 62 9 64 96 82 1 85 0 7 64 0 94 96 131 1 100 91 0 91 
94 1 0 0 10 103 96 95 40 120 111 27 89 0 94 19 0 117 101 137 1 128 0 3 8 19 64 0 52 102 27 116 17 71 101 0 139 63 101 119 147 57 0 34 1 1 0 56 71 62 105 65 1 88 1 32 55 65 65 0 93 33 1 86 0 153 78 1 96 84 84 1 153 97 58 0 157 82 59 111 
27 152 0 85 107 106 107 145 51 61 35 0 48 120 15 155 129 96 27 18 0 0 105 0 1 81 102 17 0 31 144 30 0 139 149 137 48 103 139 20 87 0 76 38 1 69 34 111 49 47 1 110 56 145 1 63 66 1 0 26 82 53 124 138 0 121 56 137 8 74 94 11 0 60 135 50 50 34 1 71 
115 112 17 14 124 58 1 0 33 23 76 73 8 0 143 75 101 156 8 151 15 76 42 75 0 15 154 62 1 1 155 15 51 155 35 70 158 23 136 92 31 9 63 114 21 1 113 0 65 1 1 0 129 152 19 1 113 0 143 81 97 134 0 115 0 118 133 74 91 2 0 70 148 154 0 28 16 0 64 71 
39 81 148 72 65 36 0 68 121 139 97 152 13 0 101 42 40 73 69 47 27 1 53 111 0 0 114 25 36 16 0 116 102 97 1 11 49 0 16 46 63 20 1 6 97 72 111 130 152 0 0 81 37 60 1 67 1 18 151 84 144 23 55 89 112 83 144 21 0 137 145 57 1 27 153 103 46 132 68 75 
59 1 1 1 68 142 84 85 34 1 0 149 130 149 121 1 93 141 147 0 88 59 1 13 1 44 0 47 50 134 1 33 1 82 120 46 62 86 119 1 135 102 80 0 0 32 121 18 70 0 42 19 8 127 118 139 152 27 135 72 1 30 12 48 0 159 114 141 78 92 22 51 0 6 113 90 39 39 129 29 
69 86 72 140 1 98 1 126 14 92 87 136 4 157 117 116 31 112 0 80 0 0 1 9 1 25 111 0 104 82 0 98 1 0 98 136 149 111 19 13 124 78 155 119 71 0 91 0 107 75 18 0 0 130 6 157 1 66 148 35 124 0 1 73 0 82 99 88 129 0 4 136 51 51 0 98 1 87 110 1 
0 134 17 0 12 104 91 3 53 137 0 0 37 61 69 1 153 1 68 79 0 123 110 115 26 95 8 0 0 81 118 0 1 145 61 1 116 137 21 9 1 103 44 82 1 1 36 52 37 64 159 1 122 54 0 130 83 115 110 141 14 1 1 121 40 9 118 66 74 6 50 116 0 107 151 0 102 108 1 0 
134 118 122 0 65 18 22 116 140 20 69 143 29 1 19 67 1 21 100 1 0 111 1 1 100 74 1 143 0 0 60 0 23 77 139 17 0 56 9 23 1 136 2 0 9 118 69 39 45 5 68 118 29 104 0 147 52 0 101 14 69 15 1 141 145 105 1 138 9 76 49 0 144 129 131 8 24 124 90 1 
49 122 151 77 31 54 0 148 70 1 67 117 146 113 66 8 0 4 24 25 79 43 152 95 0 1 107 5 130 149 0 125 1 57 124 1 151 158 111 56 148 16 64 62 1 38 39 100 153 112 44 146 17 90 90 75 36 136 29 109 140 44 59 37 0 70 150 1 0 45 2 0 53 48 79 103 0 137 144 126 
37 58 0 1 0 1 139 25 1 133 124 26 48 96 77 1 63 50 42 1 41 1 117 69 120 148 137 115 118 11 71 0 69 38 49 26 0 0 33 16 143 72 110 28 85 35 18 133 77 106 120 150 131 155 136 9 85 40 71 101 4 132 26 100 94 44 131 1 17 75 60 0 0 1 37 21 1 69 1 8 
52 46 107 110 138 17 0 139 112 44 111 14 6 37 157 1 18 37 115 66 6 124 17 57 145 121 11 44 158 0 129 55 0 147 1 59 0 115 102 89 0 113 66 1 0 79 38 95 153 1 150 0 130 2 1 140 49 109 22 0 16 20 51 0 52 93 147 0 120 7 103 122 24 24 137 39 149 59 1 58 
26 69 80 147 1 73 57 0 58 61 55 89 0 86 154 1 137 50 25 0 1 127 33 142 23 48 59 53 1 139 96 12 157 0 63 0 136 0 17 44 45 139 16 136 18 14 1 129 51 130 99 34 1 71 7 1 103 73 88 88 0 159 21 101 46 136 92 1 115 113 38 73 71 7 122 62 49 120 5 1 
155 0 31 1 24 16 41 0 151 60 0 142 110 1 0 60 7 65 127 48 51 25 52 38 147 36 83 109 34 16 115 0 1 63 0 100 14 121 78 144 129 1 126 5 12 49 41 0 0 0 140 3 100 0 111 54 15 148 2 32 1 141 90 14 1 96 158 66 69 30 103 105 1 30 131 1 5 51 14 110 
94 0 1 0 145 87 157 104 109 64 86 0 20 93 100 93 93 95 1 0 35 0 9 7 19 30 158 1 17 76 47 59 79 61 85 0 0 1 145 0 56 0 54 120 26 75 151 142 45 76 98 107 71 0 123 0 57 22 88 82 33 106 51 20 44 8 1 88 115 16 34 60 0 89 1 24 13 12 3 24 
1 117 60 51 76 1 94 17 156 141 91 57 105 37 1 143 94 101 56 155 135 10 13 1 54 110 0 1 0 23 138 87 1 127 134 139 0 52 16 136 18 139 52 148 121 77 157 6 72 0 22 1 136 150 19 155 13 1 27 1 144 0 74 1 0 89 0 100 36 0 5 16 70 40 103 1 144 157 27 1 
1 1 8 17 76 0 1 66 84 87 1 156 74 126 113 0 141 111 64 7 53 1 1 117 0 67 152 133 98 159 8 53 97 152 68 1 88 0 0 0 0 56 152 0 78 91 89 0 159 85 31 29 18 16 76 156 71 24 1 127 32 1 29 144 51 1 109 105 13 101 47 104 108 74 0 88 112 116 155 153 
98 48 141 103 93 155 106 52 1 136 75 1 40 1 124 142 87 1 105 71 16 8 0 95 66 59 61 75 0 1 150 1 11 72 0 1 43 124 0 116 126 56 36 158 56 40 64 1 0 0 56 10 114 121 0 108 89 135 26 123 116 133 53 35 40 103 72 40 60 70 9 101 126 78 60 0 105 0 50 3 
19 1 1 0 136 99 46 31 76 1 115 132 95 52 46 134 157 31 69 51 148 14 57 115 86 35 125 108 63 103 129 1 116 82 158 50 28 0 119 0 0 0 28 116 28 13 1 6 1 14 7 153 63 119 77 127 58 147 114 74 18 1 75 43 8 1 107 44 0 95 48 1 1 90 47 152 103 145 140 63 
133 28 104 70 147 41 128 0 152 87 149 135 32 11 74 132 1 71 149 3 36 7 25 11 31 9 100 83 68 0 148 30 50 39 22 20 1 140 148 129 0 21 88 1 131 147 35 61 131 85 156 111 45 119 79 127 66 1 97 0 35 83 116 1 0 55 94 0 0 76 1 140 47 1 1 1 39 85 30 108 
1 105 60 135 121 23 120 1 97 106 41 55 123 75 131 105 1 1 101 49 27 50 1 148 5 1 0 84 153 0 41 86 13 69 146 20 0 21 121 110 0 0 51 16 143 33 0 31 12 96 1 87 79 88 1 141 151 4 1 1 75 76 26 158 0 86 0 5 153 77 132 0 129 7 65 92 17 126 93 95 
43 67 1 38 36 139 0 31 30 1 48 131 128 47 115 3 93 121 153 1 112 98 118 1 0 0 21 32 0 76 128 0 62 93 0 0 100 122 133 151 10 110 0 99 21 30 61 73 1 34 59 0 7 111 0 16 1 104 16 0 0 77 86 61 99 60 50 0 12 140 0 3 30 97 29 48 150 131 0 31 
19 133 55 46 13 0 1 67 123 73 68 56 50 1 101 0 112 139 28 143 1 157 31 110 127 123 0 0 71 69 0 150 142 70 50 19 115 111 118 13 100 35 73 0 0 51 0 0 94 1 0 24 43 74 138 157 1 7 148 99 0 89 38 0 0 1 1 1 116 129 20 149 116 138 157 0 0 2 0 91 
0 42 151 112 0 93 156 0 45 104 123 121 20 76 107 1 1 76 79 106 117 78 106 86 35 56 38 0 1 55 37 1 71 154 110 1 36 105 1 101 82 80 6 88 0 0 1 103 154 141 158 4 24 0 126 60 55 105 117 53 157 0 142 53 96 106 25 127 17 133 1 0 18 146 96 14 1 40 84 10 
126 0 77 93 39 1 63 65 95 149 121 80 129 0 11 1 51 94 115 34 102 25 77 153 0 52 1 1 12 159 88 100 77 14 48 80 153 149 130 66 1 33 133 14 60 0 14 21 155 10 77 15 150 17 78 152 147 102 0 111 152 120 152 51 56 0 52 30 36 0 40 136 30 23 85 155 1 64 109 42 
0 80 10 31 158 146 82 74 22 94 0 153 57 1 0 66 126 72 78 1 19 153 156 80 114 83 83 8 47 3 92 7 119 110 0 114 115 115 157 103 22 110 1 0 48 159 0 27 10 34 122 28 0 0 40 27 97 35 156 94 43 54 82 100 1 139 27 1 31 71 12 147 106 148 139 60 0 73 0 117 
1 88 147 48 63 1 0 126 113 0 157 1 24 83 11 134 1 52 84 133 1 29 0 93 81 133 30 55 27 102 137 95 71 30 21 108 100 40 79 3 0 16 29 114 1 47 0 0 17 153 54 0 158 94 155 157 19 0 78 49 15 1 0 31 5 1 105 51 115 1 12 99 111 141 95 57 1 51 98 146 
81 1 0 96 146 93 0 128 0 0 1 110 0 145 48 142 22 49 117 90 17 112 63 14 0 50 78 24 64 51 59 123 126 145 155 53 117 1 2 28 115 1 1 14 92 1 115 0 0 35 0 111 16 137 147 1 154 57 1 1 3 136 95 15 123 79 32 36 1 1 23 0 85 37 159 66 98 132 153 75 
120 151 131 0 1 0 55 1 1 6 36 82 121 0 0 0 7 78 1 0 65 96 11 153 131 1 56 0 144 47 126 117 96 29 56 1 101 0 1 129 10 69 83 28 33 27 1 127 36 0 24 119 134 119 107 124 0 66 132 130 134 16 3 94 139 102 36 74 90 68 134 122 58 89 57 63 41 10 1 0 
1 1 110 1 1 19 72 119 91 6 24 152 135 77 1 18 97 1 39 64 136 0 124 88 50 112 51 132 148 109 68 142 117 133 148 43 1 0 51 114 105 111 1 157 14 62 0 17 124 125 0 88 36 68 38 0 67 0 0 0 50 136 126 97 57 107 27 122 0 0 89 1 39 114 111 1 87 155 130 24 
48 123 148 60 110 151 54 71 1 99 128 115 0 1 125 65 30 67 95 0 1 13 58 17 117 37 111 85 1 4 45 1 0 75 85 89 1 0 148 8 3 0 84 0 41 125 156 149 114 122 0 0 103 146 45 0 67 76 128 16 1 54 143 125 0 64 128 16 65 117 1 71 32 108 0 85 41 62 133 68 
12 19 90 0 109 56 0 111 147 1 147 49 147 117 115 29 152 0 0 73 111 1 124 0 131 140 121 92 0 134 0 1 15 0 74 1 1 140 78 111 1 70 51 21 1 1 141 1 26 64 1 13 0 32 0 89 4 1 80 21 111 66 155 0 78 1 104 0 52 1 142 144 137 1 111 1 48 139 121 53 
153 6 10 132 33 134 143 129 66 46 147 0 1 159 28 115 56 71 4 39 138 1 1 22 117 1 7 45 42 1 42 0 36 144 53 0 154 91 103 24 61 13 81 0 91 1 110 32 116 38 0 109 49 0 1 63 80 1 44 3 73 137 0 141 1 24 22 79 70 0 92 76 156 121 148 50 78 1 44 56 
13 144 1 11 0 18 1 52 94 81 43 123 1 127 140 7 84 123 83 136 129 108 12 103 158 48 1 117 122 66 132 126 149 15 0 8 104 1 43 0 92 43 1 115 58 92 122 45 0 1 0 145 23 54 0 138 28 0 128 1 1 57 0 86 36 39 50 148 146 102 2 1 1 0 81 90 30 1 66 0 
0 93 1 128 91 91 1 64 31 149 68 66 156 65 89 0 98 0 0 61 0 65 139 75 120 145 71 131 66 53 0 4 81 92 76 1 1 159 145 54 100 1 102 1 0 140 128 104 42 37 0 53 21 0 1 0 128 0 97 101 139 1 110 122 35 68 86 99 94 58 113 67 0 108 6 119 0 1 53 0 
144 145 0 21 138 42 78 1 0 0 153 114 132 31 8 84 78 15 1 0 33 0 1 146 17 46 63 65 1 159 12 133 1 129 1 103 41 10 132 97 1 6 0 115 1 83 69 39 142 27 38 1 58 1 11 0 0 43 0 0 1 63 86 76 150 51 137 1 3 47 151 0 159 34 0 62 1 118 152 79 
144 91 126 0 88 1 152 1 40 46 26 1 0 142 0 110 36 91 36 123 29 25 110 68 50 80 22 135 123 135 51 101 30 113 0 142 11 45 1 60 90 53 84 132 130 103 0 149 0 1 153 57 156 1 1 0 30 0 0 156 105 73 9 64 78 0 1 1 0 23 47 40 16 1 0 150 1 51 0 145 
0 0 0 48 141 72 98 1 1 69 126 112 36 77 94 1 96 0 46 5 87 93 1 148 14 147 153 13 34 37 24 110 4 1 49 86 46 19 113 14 0 40 46 126 156 117 139 35 130 150 0 1 83 136 67 1 24 147 0 108 12 31 141 155 1 0 0 49 64 0 125 144 102 74 108 0 79 97 27 0 
0 4 1 61 52 94 113 34 0 12 157 75 110 61 0 120 32 72 102 65 81 148 80 74 158 28 90 40 1 1 158 0 78 2 142 85 159 158 37 16 0 105 91 119 1 0 79 30 79 88 119 130 6 146 25 37 133 44 106 0 84 1 47 62 86 139 99 26 118 26 35 71 5 38 26 0 102 153 102 2 
158 125 40 116 125 148 119 32 1 0 86 80 154 0 118 153 88 114 153 133 3 19 93 60 59 56 122 143 2 1 145 57 141 49 15 110 1 63 146 153 39 51 146 104 71 52 1 1 0 129 63 82 1 51 69 0 26 1 91 1 0 1 1 67 0 37 103 109 76 136 21 147 26 22 25 100 46 67 1 80 
136 1 72 1 110 68 0 0 84 83 0 100 44 16 1 105 53 141 0 1 141 153 157 41 94 69 40 0 136 135 154 104 112 0 61 84 24 156 118 33 0 11 76 147 37 43 129 141 53 1 64 0 134 85 133 92 17 126 81 49 148 0 3 93 1 84 127 56 0 110 0 111 89 147 66 21 37 2 47 36 
1 89 116 8 0 147 24 70 106 151 97 96 0 104 23 114 92 47 84 51 6 111 1 102 104 20 147 0 96 20 140 14 131 48 130 84 1 0 53 36 107 109 52 38 0 142 4 152 73 47 98 0 22 29 1 1 80 1 36 148 93 130 0 0 96 24 0 89 60 17 35 74 1 63 53 27 91 0 90 1 
145 128 149 31 1 36 79 158 84 122 134 1 125 158 98 94 88 1 147 108 23 48 0 0 4 21 68 153 154 0 19 89 132 75 22 90 120 115 102 88 28 101 109 67 95 84 1 121 154 73 0 103 60 73 2 35 138 0 1 81 0 1 19 0 1 155 43 89 9 0 1 141 0 141 91 60 61 59 57 94 
1 39 34 84 77 1 1 22 124 111 47 140 145 120 1 129 0 104 96 27 127 65 77 115 1 64 37 1 48 49 66 1 93 159 133 130 1 1 59 152 51 135 1 94 121 139 1 56 1 131 135 79 42 4 70 131 130 0 32 116 1 1 43 2 0 137 2 92 82 39 1 0 7 36 93 64 0 1 55 10 
3 109 1 46 47 0 1 49 36 77 113 120 0 138 94 121 110 62 65 48 50 55 1 41 82 153 50 81 0 1 48 0 31 34 71 152 37 64 156 84 135 85 87 1 7 1 1 0 0 159 1 0 31 10 87 1 0 108 53 0 71 80 103 100 21 0 55 61 11 21 102 1 66 115 159 147 32 129 148 7 
79 33 21 69 57 0 18 141 116 1 12 1 0 27 75 1 1 126 0 1 31 10 1 2 0 7 152 155 155 1 1 61 71 33 132 1 109 47 1 71 41 69 85 0 1 131 101 156 146 1 1 68 0 56 127 0 101 16 0 92 69 118 22 113 143 5 0 99 55 68 45 77 46 10 44 1 83 0 29 0 
1 70 138 87 18 133 0 86 0 70 105 13 70 133 56 55 1 18 92 104 11 11 46 24 14 1 16 90 36 82 90 105 145 1 66 60 56 0 0 58 150 154 54 127 49 26 80 37 116 135 70 15 159 0 6 151 1 63 145 34 104 60 39 1 152 95 108 0 147 102 0 19 34 83 49 0 126 0 139 0 
1 91 3 79 14 0 25 138 118 22 52 51 113 59 10 89 113 43 0 57 21 1 128 78 1 1 0 80 15 10 132 38 153 0 118 29 3 1 0 0 74 1 118 126 0 0 53 126 74 141 26 58 79 103 131 0 116 1 0 15 5 79 154 1 122 102 14 1 0 30 125 88 132 39 1 128 127 1 143 23 
28 35 32 106 125 34 92 72 147 34 44 36 23 2 147 0 105 11 11 31 101 146 0 0 41 111 1 0 37 1 6 12 0 54 10 1 45 70 1 10 89 13 18 75 137 6 1 56 113 37 95 67 13 1 0 53 1 1 31 81 110 98 5 62 114 107 0 136 0 0 1 104 94 52 107 0 23 0 138 71 
151 49 121 20 38 0 51 0 7 21 0 1 133 106 98 9 82 1 99 90 22 142 1 6 29 61 0 0 149 36 123 25 117 117 54 102 0 1 121 80 147 12 87 3 44 26 61 51 44 0 23 110 1 32 32 151 70 14 0 55 83 45 64 56 63 145 20 1 67 0 0 1 1 136 1 124 111 148 54 1 
27 1 0 62 0 86 36 0 120 34 105 28 146 82 137 46 0 86 91 97 141 59 77 39 41 52 43 67 17 121 95 0 109 9 25 1 67 130 98 10 0 129 9 1 0 67 1 1 1 52 87 30 0 38 94 42 119 0 131 82 134 7 1 159 139 1 94 0 121 124 48 0 1 50 0 159 27 0 127 37 
49 1 1 35 158 126 38 33 1 79 1 0 87 81 68 46 122 17 1 142 71 123 18 158 80 19 2 1 1 95 31 127 69 135 134 59 146 0 50 66 69 124 153 35 1 97 69 148 31 150 1 84 113 81 1 135 131 33 140 99 68 1 33 1 8 107 0 3 1 1 53 138 0 142 1 94 80 0 0 60 
80 102 1 45 85 1 5 5 118 1 157 1 0 92 0 18 0 60 126 133 129 126 94 27 132 24 143 40 1 116 0 102 20 1 21 0 29 35 1 97 19 84 39 55 73 0 9 142 5 9 73 89 116 108 66 38 83 42 20 119 110 139 96 0 57 83 103 64 0 147 36 1 0 0 55 19 12 126 70 0 
108 0 106 1 137 122 53 0 11 109 119 90 128 138 81 108 81 38 1 159 78 132 33 36 113 152 69 59 115 54 31 62 7 82 20 140 0 65 71 136 1 0 91 62 1 35 1 1 80 86 29 121 39 43 142 14 110 1 82 67 67 51 156 99 103 140 158 38 102 64 122 0 1 98 0 18 1 59 6 94 
137 22 33 0 115 95 117 112 54 0 83 124 149 99 97 1 93 60 58 36 146 111 116 151 0 0 0 135 1 68 0 16 1 65 32 0 125 95 0 6 4 46 143 99 24 131 111 141 16 0 0 49 0 0 6 20 1 47 130 93 137 89 0 79 104 134 1 1 29 20 88 5 54 90 100 0 144 0 109 135 
126 107 141 1 54 38 97 2 0 56 45 106 81 153 149 101 0 70 130 83 66 119 61 40 149 62 1 0 1 145 100 71 84 115 39 104 129 55 131 147 17 52 29 91 19 31 154 0 9 77 1 128 104 22 88 115 6 97 1 154 93 18 124 58 82 154 18 152 29 42 0 1 130 24 36 80 0 144 114 150 
120 1 1 147 5 151 12 46 0 24 50 1 151 1 112 141 145 48 0 153 96 85 0 80 1 108 1 26 71 34 117 102 139 3 91 20 50 35 85 53 17 69 1 34 1 121 1 68 1 54 71 102 131 0 97 94 94 1 1 131 33 147 50 130 1 145 100 74 81 6 108 122 41 104 0 0 69 0 69 0 
0 129 117 90 71 155 80 152 143 50 156 40 150 92 34 12 38 117 41 1 1 132 63 119 95 158 112 37 62 104 109 82 115 99 71 99 106 131 92 137 42 73 3 18 3 16 124 73 41 142 57 115 99 86 1 40 38 1 99 63 1 1 1 0 0 142 84 3 107 0 43 49 138 0 90 23 11 0 0 41 
11 103 20 50 133 76 131 39 150 9 11 6 130 68 88 93 53 121 159 81 0 101 147 19 77 90 54 49 26 10 32 40 0 153 76 118 0 21 130 58 91 134 48 155 10 159 97 58 82 1 24 128 94 19 64 8 148 147 87 94 118 106 94 27 40 143 13 110 1 0 59 1 135 11 78 155 48 92 63 0 
