1
50
0 4 1 1 40 0 97 14 74 83 87 75 50 42 29 1 39 0 0 14 70 71 0 57 83 92 36 0 33 53 84 1 1 1 66 0 22 21 50 1 0 55 71 26 6 88 80 5 4 10 
1 0 49 83 12 1 65 44 58 18 0 0 0 5 1 38 54 86 17 76 37 0 30 73 95 76 0 9 86 94 43 84 28 50 90 82 0 33 21 17 49 73 94 86 39 46 25 4 17 0 
0 23 0 1 1 89 17 1 4 1 73 86 14 35 50 0 1 90 34 57 0 1 25 79 73 75 1 1 43 78 71 1 50 1 21 69 50 0 89 10 34 83 14 29 11 40 94 22 79 44 
20 97 22 0 0 44 68 14 4 34 1 76 70 52 50 76 58 19 39 73 88 1 1 0 77 67 2 23 98 50 35 0 54 42 42 49 88 89 28 57 44 0 4 79 64 0 36 97 32 6 
14 78 31 0 0 2 73 78 16 18 0 1 0 1 94 0 62 59 58 9 25 1 80 17 63 0 7 97 38 28 16 1 15 11 74 22 0 98 41 47 10 75 1 0 96 0 0 45 63 31 
1 24 34 77 49 0 79 62 5 69 58 64 1 4 1 30 63 66 66 0 71 0 12 78 31 70 50 72 1 48 1 31 93 39 0 34 99 1 15 48 50 50 23 24 1 1 54 87 35 46 
21 0 92 67 59 0 0 82 8 34 80 39 0 1 22 49 1 12 75 56 16 25 28 3 98 1 68 65 9 8 79 64 1 9 0 1 9 62 1 77 66 23 94 71 11 66 55 65 2 5 
62 23 96 0 0 73 43 0 1 33 69 13 66 92 23 47 97 17 5 0 45 90 30 53 7 0 72 40 56 43 44 0 50 69 62 57 1 82 1 57 0 6 80 40 1 98 46 1 1 8 
85 71 73 19 2 95 0 68 0 87 45 17 3 26 0 0 1 14 66 97 39 1 4 62 22 18 12 15 72 12 63 42 1 24 0 58 1 1 50 76 24 80 36 75 69 41 66 91 1 68 
63 0 0 41 35 86 1 1 66 0 69 80 1 0 58 0 15 75 0 1 0 33 35 1 1 5 76 10 85 98 0 0 87 11 53 51 0 65 94 78 7 54 78 95 36 0 0 1 0 24 
80 1 65 94 66 0 96 46 62 1 0 0 13 79 0 89 80 82 16 59 34 50 96 58 1 96 43 84 0 61 8 8 84 34 1 7 11 69 1 0 1 14 82 13 91 0 27 41 71 30 
67 0 90 1 78 0 46 0 60 1 81 0 1 1 68 73 75 70 98 72 36 70 92 81 80 17 0 99 18 41 1 28 98 8 1 79 0 0 0 67 1 58 55 71 32 82 16 85 16 1 
70 2 93 1 57 51 92 30 15 73 28 0 0 40 65 92 24 25 48 32 68 4 98 68 19 6 41 27 61 23 65 61 58 2 0 92 54 24 15 17 69 63 1 43 64 81 38 74 26 96 
79 0 73 68 81 1 4 0 87 1 36 0 34 0 51 90 19 82 1 37 32 1 1 25 43 28 1 67 3 0 64 14 58 24 67 68 83 50 21 3 0 1 71 0 66 5 50 65 41 66 
87 0 1 32 32 43 80 63 9 2 16 6 1 1 0 33 16 83 79 56 3 80 41 79 32 58 90 14 68 57 57 1 77 0 34 71 0 1 78 19 97 19 97 75 22 92 64 43 0 20 
1 0 93 86 38 65 24 0 53 1 59 0 3 88 39 0 37 0 92 37 1 75 87 1 3 17 5 95 9 78 20 22 42 84 15 0 0 70 1 96 24 30 66 72 1 21 53 83 2 0 
60 76 17 84 35 93 98 40 85 21 98 37 64 1 19 29 0 0 81 91 64 14 96 1 72 92 59 1 38 99 6 86 41 98 10 0 11 1 77 24 93 1 34 32 1 97 1 91 65 99 
67 4 98 84 84 6 67 66 0 13 40 76 0 0 81 0 0 0 89 22 1 34 0 59 1 36 98 11 1 93 87 93 8 84 40 0 29 58 39 1 1 41 69 80 45 7 57 42 0 97 
1 36 49 53 10 11 0 90 44 41 39 9 0 0 0 1 0 1 0 97 45 0 60 45 93 8 1 87 15 46 46 84 62 80 56 1 0 23 11 99 0 38 23 36 23 40 1 47 30 82 
0 0 68 40 93 88 62 0 1 81 0 29 15 52 76 60 26 42 84 0 70 41 13 10 0 36 54 83 46 84 7 90 4 5 12 34 31 27 53 35 41 32 7 1 1 0 0 85 75 99 
73 12 32 31 66 32 95 66 35 0 60 23 56 72 27 46 64 38 81 98 0 94 8 72 87 3 0 33 77 25 42 11 1 1 70 97 1 34 11 16 60 52 1 81 1 11 30 0 65 98 
0 9 1 48 69 48 86 54 28 62 91 96 1 69 50 59 20 90 14 1 0 0 38 0 79 19 71 55 79 36 37 65 97 97 17 14 94 1 92 72 1 54 21 6 53 76 91 81 85 51 
0 78 7 63 87 14 29 45 40 23 61 0 19 23 19 85 1 20 83 14 16 89 0 32 81 0 84 64 80 8 66 92 16 59 63 66 0 0 29 0 32 68 56 35 0 9 0 1 72 1 
1 57 10 64 16 31 89 76 88 0 45 0 30 59 34 68 5 79 48 82 1 98 20 0 1 64 61 30 66 53 21 82 36 80 10 68 0 1 19 85 59 95 1 31 50 27 54 70 75 20 
99 2 85 0 80 1 27 1 46 1 44 19 87 9 70 9 1 6 80 75 0 20 1 91 0 27 64 55 33 0 55 69 61 3 20 3 90 0 98 36 0 63 94 71 65 96 0 88 21 63 
51 47 9 0 0 11 53 23 11 89 39 57 62 42 43 9 64 70 93 42 24 71 56 21 99 0 28 15 4 0 24 47 10 18 1 0 96 61 82 11 1 0 62 85 99 60 38 8 70 0 
33 79 16 13 32 76 67 63 1 37 64 28 30 1 54 76 44 94 1 44 46 33 32 87 96 0 0 51 81 91 89 79 0 2 30 84 1 73 0 31 25 95 70 9 53 1 88 77 26 53 
6 22 83 84 0 0 0 1 90 67 57 10 1 67 0 82 1 18 71 77 8 36 1 94 4 3 9 0 25 63 6 1 0 95 55 27 26 13 1 14 3 54 69 39 69 92 0 0 21 52 
94 0 80 48 58 89 59 96 53 37 76 98 0 34 79 59 1 1 14 1 81 73 21 69 0 3 2 0 0 39 0 6 66 27 0 47 0 60 0 0 69 0 67 56 25 1 0 59 42 1 
1 74 0 47 47 0 78 46 45 74 1 12 99 59 0 50 15 90 41 12 37 1 89 50 0 7 1 82 92 0 0 8 98 20 26 73 12 75 62 6 0 11 75 0 90 1 1 88 96 0 
74 2 1 0 50 0 1 7 1 34 1 19 9 31 96 7 38 13 45 29 96 79 91 19 12 60 39 99 63 84 0 94 24 5 30 36 0 1 80 0 61 85 22 23 1 17 0 63 0 66 
0 1 68 42 29 1 1 52 15 84 82 21 1 60 26 63 22 39 32 10 86 12 13 99 33 49 81 78 14 0 92 0 80 75 0 0 1 0 12 49 1 1 1 83 0 97 48 93 95 70 
87 1 98 67 1 0 50 0 79 31 84 0 38 63 61 93 53 16 65 0 1 0 0 96 1 15 1 0 1 0 98 15 0 0 80 49 0 42 18 72 0 4 1 66 1 88 53 0 50 50 
62 26 97 1 3 0 65 10 87 86 65 49 39 52 21 0 61 50 1 92 0 40 50 35 50 42 0 5 3 78 1 1 31 0 60 84 92 1 9 0 50 97 85 0 88 0 81 43 83 1 
1 60 93 86 16 80 78 86 1 0 92 43 1 32 81 25 32 0 43 56 4 1 36 94 80 55 91 71 1 31 1 44 11 60 0 65 71 58 0 59 97 4 13 70 1 20 0 98 91 98 
0 1 1 0 21 70 47 36 64 30 55 11 99 68 42 37 47 44 97 3 81 0 5 16 59 29 1 31 3 1 51 0 0 2 98 0 47 12 46 18 96 1 50 1 0 36 89 17 64 86 
0 46 0 10 0 69 1 1 6 92 0 1 38 1 0 91 0 35 2 0 67 1 88 28 26 99 19 73 87 12 4 0 65 33 16 70 0 88 97 84 66 1 1 69 1 7 62 73 0 0 
68 48 37 43 53 30 21 0 0 5 57 66 1 1 85 75 30 7 1 0 29 15 17 81 1 0 23 9 13 69 3 66 58 1 78 0 0 0 40 1 73 30 30 46 42 67 57 0 0 12 
85 17 38 55 1 0 51 1 7 47 30 33 1 35 21 84 65 8 1 31 35 31 35 92 7 40 69 3 20 6 75 1 66 56 48 0 63 1 0 1 0 33 1 93 38 91 71 15 84 65 
92 61 21 1 2 59 41 73 1 85 90 28 12 7 61 85 31 15 17 48 65 77 18 32 98 58 0 85 88 50 94 51 56 81 85 45 0 2 74 0 82 0 50 38 1 61 49 0 19 61 
99 1 7 1 82 59 83 28 1 76 15 24 12 81 6 56 68 65 21 35 86 65 1 64 0 14 92 98 1 22 44 83 32 90 64 79 1 41 37 44 0 1 0 84 1 43 81 2 0 82 
94 58 88 83 69 36 1 4 75 1 17 78 68 87 1 10 66 1 8 0 0 28 20 0 1 16 23 1 0 0 30 0 60 52 74 93 5 80 1 26 0 0 29 15 10 95 78 37 54 0 
66 42 20 89 1 10 1 1 1 34 64 17 41 81 16 29 1 92 92 20 81 0 95 98 25 97 58 39 34 39 29 1 77 95 82 98 32 68 38 40 1 1 0 51 93 6 5 34 13 13 
76 79 71 26 61 36 88 70 91 1 26 2 69 39 42 88 0 70 1 76 14 74 24 1 68 24 0 67 19 97 57 11 89 98 52 36 68 39 53 1 0 5 52 0 84 94 31 68 88 19 
1 1 17 96 29 95 0 49 55 0 81 67 74 12 86 40 0 13 88 71 1 1 95 0 1 42 29 86 76 16 51 96 66 71 11 39 1 1 0 0 47 61 15 64 0 0 50 34 12 45 
94 76 13 1 77 29 30 25 52 1 99 53 1 0 60 0 64 77 50 1 13 13 0 89 15 0 4 69 82 31 0 79 62 24 1 1 84 13 45 78 16 58 69 12 62 0 56 77 2 38 
61 45 1 1 94 65 30 40 41 97 56 18 8 96 29 0 17 0 88 42 0 20 12 1 0 0 18 43 16 1 0 20 70 3 34 16 80 54 99 84 0 70 0 56 16 29 0 0 55 20 
84 51 61 22 0 1 8 19 0 68 0 6 74 53 36 1 21 45 47 1 27 41 6 31 35 83 1 76 4 80 10 0 0 1 0 86 65 7 56 90 82 28 46 28 1 0 15 0 52 49 
93 23 0 0 90 3 87 10 0 1 65 74 0 64 48 89 61 37 41 38 0 1 20 0 96 78 4 10 39 24 59 66 96 0 42 58 41 15 0 27 1 23 1 62 47 64 91 81 0 1 
9 10 67 98 80 92 1 24 3 1 62 0 69 67 34 7 25 75 5 21 87 1 56 39 31 74 0 8 74 27 1 9 6 83 1 51 24 1 28 61 40 1 35 1 87 78 76 0 94 0 
