1
20
0 39 1 19 31 26 38 10 14 28 0 1 4 20 17 12 27 0 16 27 
37 0 1 1 25 18 26 0 33 36 0 11 1 20 0 7 17 8 35 35 
0 24 0 11 1 27 1 9 24 0 1 3 34 3 10 37 20 0 31 1 
6 1 1 0 22 36 10 1 21 28 1 18 38 37 22 17 34 0 0 12 
1 16 1 26 0 31 28 12 26 13 34 35 17 6 9 4 5 7 37 24 
32 27 34 14 1 0 21 10 0 8 33 13 8 0 0 29 22 34 12 16 
10 1 33 21 21 0 0 15 0 1 1 28 17 24 11 23 0 1 20 0 
1 1 35 20 30 36 27 0 21 18 19 9 10 1 37 7 22 0 13 18 
0 1 3 6 6 39 1 34 0 14 31 0 15 1 23 18 16 13 9 1 
35 0 15 35 26 14 8 11 31 0 21 0 0 25 25 25 0 7 7 17 
14 1 1 12 1 27 25 11 4 10 0 31 6 36 24 35 1 9 1 3 
36 29 19 15 34 29 10 31 1 13 5 0 21 1 1 0 37 17 9 9 
33 4 13 32 38 0 23 2 17 22 31 1 0 3 0 0 3 23 6 1 
12 0 1 14 1 0 25 1 32 38 7 15 11 0 0 11 18 0 1 24 
37 37 21 26 16 2 21 33 1 0 11 0 21 1 0 3 38 1 0 11 
19 13 37 5 38 0 0 3 27 31 1 25 9 1 6 0 27 8 37 21 
1 7 13 29 17 35 24 9 25 2 18 35 3 32 5 23 0 0 10 0 
16 4 23 39 1 32 18 0 14 35 24 36 0 2 18 4 14 0 0 1 
0 1 33 36 37 27 1 0 14 32 32 1 1 31 1 36 0 11 0 3 
37 14 6 38 21 14 0 10 17 12 4 21 1 26 1 7 0 3 0 0 
