1
20
0 14 0 38 9 29 12 0 3 28 6 36 35 38 6 24 23 0 14 36 
26 0 21 0 24 24 25 10 35 33 30 28 32 27 28 8 29 4 21 39 
32 7 0 10 6 20 31 3 8 6 0 1 24 7 31 2 30 17 25 1 
22 26 4 0 32 39 25 27 27 1 4 6 25 1 2 4 35 10 8 0 
38 7 3 24 0 16 38 16 0 5 9 25 1 35 38 1 15 34 29 28 
31 1 19 16 17 0 0 37 11 20 0 0 1 18 8 1 2 8 29 0 
18 2 2 0 27 23 0 0 13 12 2 3 10 5 35 12 31 0 30 13 
19 3 3 0 25 1 10 0 2 36 2 1 14 25 13 0 14 28 1 36 
36 4 39 19 36 23 25 16 0 23 21 12 8 38 37 4 35 1 4 1 
25 22 0 3 36 10 15 36 1 0 0 36 35 11 15 37 32 13 17 22 
1 14 23 15 26 24 14 37 13 11 0 34 20 26 28 9 32 1 12 1 
14 0 14 0 9 37 24 29 1 28 1 0 27 28 22 35 29 26 33 30 
13 25 0 9 1 7 7 8 10 6 17 39 0 19 22 22 0 32 1 0 
1 1 15 22 33 0 37 1 39 24 37 0 2 0 7 18 28 1 29 1 
0 13 26 37 24 8 15 38 0 10 27 23 9 8 0 0 12 30 24 7 
20 24 2 1 1 39 18 18 23 1 27 0 1 11 31 0 5 14 23 18 
16 9 2 9 2 35 1 28 0 1 39 20 7 3 28 32 0 1 5 0 
9 7 9 36 26 37 1 1 1 39 38 36 39 23 17 2 29 0 36 12 
3 20 28 35 7 28 12 18 15 37 8 1 4 30 0 0 0 7 0 35 
5 14 2 12 0 1 3 15 1 7 31 28 1 0 16 11 32 29 19 0 
