1
60
0 102 72 64 44 74 59 1 117 74 8 61 68 1 111 0 54 102 13 9 1 0 113 41 35 90 56 76 77 105 86 4 0 115 55 24 66 0 108 107 116 97 0 21 6 56 8 1 49 0 46 79 1 4 98 1 37 58 97 0 
80 0 60 114 58 116 31 44 72 82 0 108 57 0 0 24 107 91 15 111 0 104 36 96 113 116 20 0 28 111 86 88 0 1 111 17 96 98 1 98 11 99 17 2 89 1 19 8 1 112 1 1 39 50 50 41 42 26 65 57 
4 1 0 119 80 0 30 0 60 0 32 54 1 67 23 82 0 20 32 0 87 78 1 6 105 116 24 86 100 1 1 1 107 0 107 70 106 83 71 0 23 69 37 51 66 88 0 0 0 1 112 38 29 54 0 6 42 0 0 50 
83 35 0 0 0 90 23 2 115 110 1 67 39 0 27 7 4 111 0 12 41 26 1 1 54 37 0 106 1 0 18 0 88 26 32 4 91 112 0 42 8 28 51 21 68 1 8 101 54 93 47 11 53 36 72 91 13 10 118 31 
1 46 104 80 0 34 1 1 18 1 33 58 1 90 44 1 0 1 7 1 11 98 82 69 102 0 119 108 0 80 118 58 74 14 27 103 77 45 2 0 40 0 16 78 110 42 0 0 110 114 83 22 66 97 1 1 24 98 67 69 
43 34 91 48 19 0 1 40 1 42 24 89 87 99 43 100 74 113 114 61 46 39 37 93 82 74 55 28 48 110 6 117 11 20 11 83 84 0 41 0 36 1 1 0 93 37 47 98 1 1 106 110 79 80 28 0 100 82 98 67 
2 52 1 18 1 99 0 0 31 1 15 51 114 80 0 111 55 93 78 0 9 29 0 52 1 1 57 93 51 70 15 101 78 51 70 59 74 93 0 0 42 53 16 81 54 0 103 32 105 0 41 84 4 74 3 10 64 15 59 107 
1 65 1 0 1 96 93 0 92 48 20 13 11 0 60 26 111 46 97 76 116 20 99 61 23 70 15 112 77 63 91 86 98 65 1 55 1 0 113 118 0 0 71 97 35 113 1 72 1 34 0 0 14 1 98 103 22 1 0 94 
0 0 72 79 61 88 0 0 0 0 74 95 104 14 28 80 30 69 0 44 0 1 26 50 106 108 113 114 71 34 109 54 100 49 118 6 26 0 31 7 65 28 1 64 35 0 45 80 29 42 90 67 75 20 78 85 41 31 0 58 
1 45 81 63 81 19 112 2 118 0 32 1 0 73 62 77 0 1 0 0 25 0 48 58 73 0 65 0 101 9 102 17 0 6 9 1 88 84 17 1 1 4 82 73 15 28 68 13 11 100 85 112 1 24 1 98 51 97 63 3 
30 66 24 12 107 5 1 95 44 111 0 77 63 0 110 0 81 73 17 0 27 0 113 1 31 1 84 0 81 107 1 84 54 19 31 20 24 113 30 0 27 35 79 64 0 0 0 86 56 99 45 17 110 116 70 1 96 1 11 32 
50 57 43 119 111 3 103 14 84 57 28 0 0 54 76 23 1 0 46 48 61 61 46 13 105 59 60 24 107 1 1 11 72 46 11 70 73 11 84 82 0 78 1 0 0 43 106 32 114 0 44 100 118 58 99 1 48 64 28 35 
22 113 93 80 42 100 34 45 1 1 89 1 0 25 111 35 28 8 62 0 67 112 2 69 0 77 111 1 12 34 0 51 29 34 16 77 72 17 88 69 55 1 63 1 114 1 0 79 48 35 15 31 0 32 0 73 61 70 88 108 
1 0 98 61 7 114 0 68 57 119 53 113 0 0 119 1 1 67 84 1 63 0 84 28 16 80 27 75 16 73 10 104 93 118 72 76 0 0 20 29 30 104 47 71 92 1 0 0 101 1 0 26 84 33 77 1 5 63 48 1 
1 95 93 52 1 77 1 117 1 11 100 72 1 36 0 37 39 20 57 74 1 67 103 85 0 70 73 9 1 63 0 0 28 88 99 34 24 106 63 80 57 1 48 0 110 113 71 57 0 30 21 71 1 21 1 115 1 1 0 0 
1 51 0 1 0 73 1 84 19 34 22 1 85 25 0 0 77 23 116 2 43 52 34 117 11 76 5 0 77 16 53 17 21 119 59 61 114 63 8 28 22 37 0 109 72 67 80 0 50 84 72 0 35 24 60 24 76 114 0 51 
99 119 1 20 39 26 47 48 1 91 68 1 36 112 43 92 0 58 108 2 1 5 0 80 72 112 63 69 4 0 116 28 0 23 0 31 6 104 91 111 1 21 66 0 96 0 109 114 73 35 73 42 1 1 1 11 84 1 76 110 
116 10 7 91 39 53 36 93 55 75 53 5 53 104 42 0 1 0 69 91 101 3 1 26 29 6 64 1 5 71 4 25 5 98 3 65 87 18 28 18 62 5 46 0 29 6 1 89 35 61 86 40 30 1 59 0 11 104 95 28 
119 75 0 69 19 74 69 0 106 1 112 0 118 16 1 1 43 64 0 104 1 67 115 0 104 80 27 57 92 1 27 32 0 1 42 0 86 104 7 0 7 40 0 24 45 81 66 91 106 17 1 22 114 116 1 95 1 1 12 104 
1 1 103 27 14 66 37 52 119 112 8 55 64 41 0 56 18 14 90 0 44 29 1 7 1 116 61 92 34 0 79 12 89 1 57 73 1 1 94 85 103 0 100 6 103 1 84 39 113 30 5 0 1 9 19 43 41 43 50 36 
0 1 80 97 119 0 89 66 102 1 94 78 1 66 0 24 86 50 1 74 0 53 15 28 0 12 105 23 81 65 7 56 31 74 10 1 23 4 80 45 5 47 49 29 62 56 68 1 15 81 96 85 90 0 94 69 56 116 3 55 
0 35 81 0 24 56 27 1 109 59 47 3 116 118 43 30 0 47 0 3 1 0 58 88 112 67 106 1 46 87 7 15 34 48 0 111 112 13 0 36 57 16 1 3 74 48 0 5 113 100 65 105 0 7 56 86 0 17 63 29 
22 23 47 49 79 63 33 1 26 43 93 119 47 28 1 0 100 29 98 75 74 36 0 115 23 79 74 49 88 0 104 1 27 100 78 70 39 91 1 114 1 0 61 1 11 84 118 78 91 80 75 25 1 1 0 48 1 34 75 1 
50 70 107 53 0 29 93 1 49 107 92 39 30 16 90 105 40 5 13 1 63 48 93 0 2 1 4 26 76 106 58 28 53 48 62 1 109 9 76 14 26 71 47 0 104 55 111 1 76 0 0 90 55 102 1 107 102 43 0 39 
92 1 31 64 86 63 119 118 0 107 34 82 61 64 1 98 89 71 1 0 68 102 45 111 0 14 81 56 1 1 68 1 13 98 39 45 56 45 46 2 25 19 94 111 33 81 84 117 51 0 76 101 59 79 107 27 66 115 0 1 
0 21 51 69 5 106 94 1 55 97 1 109 73 62 110 20 77 78 89 1 19 20 0 0 82 0 12 0 10 63 48 75 44 1 1 83 1 1 1 106 108 41 1 102 98 41 56 102 106 114 1 82 18 34 39 111 116 1 15 37 
54 119 1 0 1 16 72 85 1 116 65 0 106 13 12 91 0 5 56 0 1 42 29 27 0 8 0 72 40 99 25 1 0 103 93 29 0 20 61 24 0 64 0 10 30 58 0 95 54 53 87 110 50 1 56 30 52 24 78 115 
1 109 1 0 1 108 2 8 104 77 10 1 0 31 0 39 30 15 1 83 16 30 0 18 7 105 103 0 0 113 1 95 11 105 0 109 70 35 0 83 115 78 35 0 105 1 86 56 118 44 48 100 79 115 75 23 39 43 76 78 
57 109 110 88 101 45 105 55 37 113 40 70 8 77 96 9 60 0 81 84 48 1 0 59 0 11 99 102 0 0 10 61 0 1 89 64 0 76 76 0 71 0 37 101 82 19 0 1 112 0 4 57 52 29 55 46 1 75 0 87 
109 35 48 42 34 34 62 45 108 8 17 0 7 82 105 32 81 1 26 1 42 100 74 110 1 69 63 0 66 0 80 80 99 0 54 51 108 1 51 1 36 29 36 30 1 84 0 89 67 119 86 99 1 18 71 111 14 22 24 13 
0 17 10 118 44 93 0 0 112 54 27 26 5 41 41 69 0 25 1 0 103 25 50 33 66 99 35 34 0 119 0 20 83 87 26 104 114 0 0 1 75 0 0 111 1 115 103 63 1 28 1 25 42 88 1 73 0 47 76 37 
92 109 57 65 110 91 90 48 72 31 48 76 119 100 39 70 16 13 58 0 30 57 62 76 0 0 80 43 113 89 43 0 38 0 0 119 41 92 112 78 35 108 113 0 24 94 18 1 26 4 41 40 33 113 55 57 98 57 98 35 
88 1 1 14 99 0 112 107 46 34 39 76 46 57 1 7 77 1 94 31 1 67 16 77 0 119 1 13 86 1 29 19 0 32 34 63 94 11 58 109 0 18 0 1 0 1 88 39 13 89 116 60 78 97 63 29 50 44 0 22 
0 59 67 69 77 38 0 49 113 24 0 0 1 58 0 29 4 32 1 1 37 79 44 57 20 109 108 16 1 71 34 87 45 0 38 46 0 0 92 0 46 1 89 50 56 0 81 65 0 92 39 88 0 38 107 55 7 1 1 0 
97 37 62 0 20 24 48 105 16 14 77 1 11 32 17 90 1 9 76 19 110 12 108 44 101 18 62 1 33 46 99 32 59 101 0 112 52 32 9 48 43 36 0 0 0 1 79 88 38 109 0 37 40 31 74 0 52 119 0 25 
113 57 15 95 60 67 108 0 76 1 7 2 28 114 0 1 99 74 45 111 112 99 54 70 55 1 14 1 86 1 28 96 74 10 51 0 112 63 89 44 48 8 13 86 61 0 103 30 104 1 33 66 88 0 0 79 1 99 119 112 
85 17 28 72 0 87 0 23 56 115 0 101 98 49 85 106 52 14 25 113 0 102 0 1 11 77 1 0 13 25 95 88 0 60 114 3 0 0 90 28 40 74 109 63 114 45 9 81 34 94 23 114 22 12 74 50 9 75 108 55 
0 1 8 73 86 23 1 83 32 11 59 73 24 1 13 106 1 0 92 18 53 48 0 40 37 1 55 0 7 16 33 42 0 64 38 92 26 0 83 1 80 39 66 27 0 57 61 1 52 0 1 33 12 1 12 1 118 63 89 108 
0 4 43 26 28 1 51 79 27 44 1 1 0 25 1 87 1 100 0 64 97 0 14 106 29 51 18 0 11 27 0 93 1 1 44 98 113 0 0 113 71 93 19 43 1 36 14 92 42 42 85 4 5 45 0 0 1 1 117 1 
106 61 116 0 55 79 1 0 0 45 56 72 27 77 45 68 118 0 92 1 94 1 88 86 15 11 0 99 0 74 71 3 57 34 0 74 102 1 78 0 92 112 55 49 62 13 86 0 1 65 0 54 1 10 103 54 1 119 40 90 
66 12 1 0 2 87 24 0 89 0 1 62 106 81 90 7 23 26 0 67 117 114 73 47 31 23 47 0 0 32 1 3 119 27 83 31 116 1 59 67 0 82 79 110 109 109 101 82 53 94 88 0 80 85 25 0 66 113 1 98 
69 106 20 99 21 15 96 0 0 90 1 42 95 69 110 60 60 20 48 0 88 54 1 30 25 1 54 43 0 41 51 99 19 91 1 0 68 102 17 23 42 0 62 31 55 0 82 92 51 1 68 3 99 1 112 60 118 0 0 62 
46 31 21 44 101 2 48 56 66 87 1 21 30 6 48 47 1 45 79 57 47 31 107 0 91 118 1 59 105 41 106 113 1 23 0 0 0 108 70 115 108 1 0 79 73 66 43 49 0 31 0 83 45 33 0 66 14 56 15 0 
69 1 43 1 73 94 63 32 112 6 75 0 0 57 28 118 81 118 9 22 0 28 1 4 66 111 28 110 9 65 117 53 1 66 25 0 1 0 1 22 89 26 1 0 25 16 1 111 114 0 33 0 96 0 105 98 47 1 6 93 
94 4 14 71 89 28 25 0 0 20 92 106 0 105 0 1 10 57 69 81 112 96 71 9 1 69 86 0 12 9 9 101 107 0 96 115 49 1 107 0 33 0 35 0 0 0 38 59 73 57 1 1 0 29 1 14 1 62 37 53 
0 1 30 59 77 110 0 56 119 26 1 50 1 0 1 34 6 94 95 3 22 106 63 103 72 113 83 29 38 0 75 30 25 43 12 27 1 117 25 112 67 45 118 112 69 0 1 1 36 0 1 90 44 1 19 8 83 81 108 40 
104 12 0 14 49 84 63 64 7 64 77 7 97 24 57 60 7 104 0 46 112 54 1 12 82 0 24 1 90 17 1 1 87 74 88 1 77 21 17 0 99 113 24 1 108 100 0 0 42 0 9 54 1 1 1 1 8 40 14 1 
0 99 93 32 45 1 36 40 0 0 13 1 117 0 76 76 15 74 101 99 44 67 0 111 7 7 28 52 1 0 110 87 70 80 14 0 0 37 5 75 110 1 0 103 48 35 26 0 93 69 50 47 97 89 63 94 1 50 81 73 
108 2 81 1 66 90 58 27 104 1 111 56 80 86 110 0 79 108 59 42 73 28 22 100 0 1 34 36 12 45 0 5 46 62 1 30 111 52 1 4 45 118 53 65 95 15 15 0 0 89 103 89 108 10 85 86 1 0 40 96 
68 0 103 1 1 10 64 0 18 111 20 91 88 0 52 70 1 14 51 105 22 115 0 27 26 53 52 28 1 43 119 48 23 27 77 1 111 92 1 62 53 1 83 102 93 116 92 7 112 0 70 98 0 75 25 20 1 0 82 25 
18 1 94 67 40 46 33 21 105 43 59 0 40 117 0 36 1 31 0 87 60 1 104 55 106 105 0 83 25 9 42 0 65 29 0 37 1 31 117 11 11 100 74 37 45 106 47 20 66 0 0 2 108 114 106 0 41 46 1 89 
1 113 0 65 79 0 36 0 0 27 112 64 33 1 1 1 37 22 112 1 110 96 56 0 99 0 12 11 6 1 34 68 104 42 0 0 85 95 119 56 114 61 14 30 1 42 18 22 98 1 86 0 77 73 96 95 43 111 1 20 
1 119 29 90 107 1 111 53 91 56 10 57 29 97 41 3 24 47 0 37 0 1 0 1 0 116 44 45 1 116 0 94 21 64 23 28 15 25 0 38 1 34 4 21 93 17 105 51 74 113 54 2 0 90 14 74 101 1 4 1 
36 116 116 74 6 1 108 40 33 75 0 54 61 1 93 1 84 62 56 107 115 92 0 61 24 72 74 1 0 18 101 27 19 17 0 0 111 9 0 0 37 2 63 1 1 32 55 19 4 1 50 1 66 0 1 0 58 113 77 13 
54 88 56 1 33 117 0 32 77 6 62 6 30 2 40 106 37 111 64 1 12 75 100 42 68 0 63 4 70 1 42 14 60 66 70 1 1 1 1 6 47 68 1 88 50 107 59 27 0 54 5 44 119 4 0 105 1 82 65 74 
52 6 0 25 105 79 110 70 47 62 53 105 1 34 31 115 0 115 1 116 108 91 82 87 4 19 92 56 49 61 89 76 106 65 0 56 118 44 1 0 1 24 92 44 101 0 89 29 86 1 36 96 55 1 1 0 13 41 14 36 
11 99 75 29 3 39 1 15 0 15 78 77 69 54 2 118 0 51 1 107 1 1 2 1 1 1 0 1 0 1 110 76 0 55 82 8 32 1 28 59 0 1 92 89 0 1 109 74 110 24 0 91 113 24 65 15 0 108 1 101 
103 95 43 25 77 103 33 97 117 97 12 110 1 1 52 67 51 96 97 119 0 0 39 50 12 1 119 66 16 0 20 18 41 109 70 68 113 85 38 0 36 87 1 95 1 44 0 80 42 13 72 26 0 1 82 56 41 0 38 107 
98 26 94 3 97 49 79 0 35 1 7 0 96 58 10 0 33 16 17 94 81 64 1 30 106 52 50 26 1 93 52 16 1 24 64 1 43 119 98 0 21 53 100 87 92 83 0 26 117 13 1 1 13 1 0 92 86 58 0 10 
87 75 103 1 79 74 0 0 74 55 67 36 4 29 64 1 16 118 29 1 61 111 74 112 11 93 46 113 52 1 43 34 1 69 116 8 105 40 26 113 12 1 0 1 69 0 1 5 40 0 47 30 62 115 21 16 102 6 71 0 
