1
40
0 17 0 17 22 22 1 15 27 70 67 1 8 23 47 62 27 27 1 46 27 15 12 3 18 0 69 28 74 38 1 0 24 0 46 52 33 7 4 63 
1 0 3 69 43 56 1 0 13 69 38 17 61 29 9 56 33 61 13 32 15 1 75 5 67 1 0 0 25 19 12 39 51 1 30 46 36 73 54 21 
54 0 0 74 0 2 24 43 1 26 0 1 3 62 2 19 57 11 1 38 1 79 0 71 1 41 22 0 2 0 73 14 46 74 52 37 56 21 72 63 
13 66 65 0 1 69 0 63 70 0 24 65 65 1 64 58 9 54 1 0 10 49 0 47 1 0 36 43 23 46 53 41 1 3 31 1 35 46 1 24 
74 26 69 1 0 48 5 10 64 54 10 55 58 1 73 0 8 0 1 63 0 1 47 44 0 62 1 18 59 19 0 23 79 14 13 50 44 6 31 0 
1 47 10 38 65 0 24 78 23 1 1 1 0 9 42 67 35 24 24 14 68 37 22 71 67 56 38 10 12 0 26 69 62 0 73 1 39 1 75 68 
20 42 22 29 1 25 0 67 71 0 39 19 76 39 79 1 18 6 1 1 36 2 1 0 20 11 27 42 61 1 18 72 0 0 66 42 62 7 0 38 
63 76 0 55 33 39 0 0 0 72 7 37 0 1 77 17 18 69 32 20 38 53 23 34 1 63 27 28 50 76 1 58 57 74 1 0 0 1 58 42 
1 29 24 1 24 31 0 65 0 13 0 43 1 65 58 47 57 1 5 48 6 0 23 24 61 21 1 22 44 0 30 22 29 18 70 15 42 66 70 20 
44 17 66 26 5 24 23 1 49 0 51 29 35 78 0 1 77 9 63 22 5 1 58 3 6 46 49 55 5 1 77 64 51 64 20 0 22 24 51 71 
0 1 30 1 20 54 1 63 1 54 0 44 71 63 23 63 41 52 53 32 36 72 1 66 1 1 40 1 0 73 60 17 1 47 49 0 26 59 9 1 
51 19 7 34 42 52 65 41 8 11 25 0 72 64 49 68 61 73 27 13 0 66 76 1 71 37 76 7 12 0 21 14 0 18 13 54 44 35 1 71 
10 5 28 41 32 31 36 31 0 69 17 13 0 56 77 1 0 70 73 38 0 32 9 41 45 42 0 17 57 11 41 19 55 65 55 0 28 0 8 27 
28 24 78 1 57 67 67 22 70 14 49 2 15 0 3 24 0 62 1 62 52 46 1 1 3 67 55 1 0 49 1 1 1 1 77 54 1 0 1 35 
54 1 28 1 77 37 1 35 25 15 0 1 17 40 0 47 38 4 60 1 40 14 57 29 1 70 28 31 2 37 0 50 45 23 0 1 64 13 37 0 
1 74 24 22 74 16 37 21 54 63 59 1 40 65 54 0 65 72 75 16 45 50 0 7 37 77 47 73 59 1 0 51 15 58 1 1 12 54 32 48 
52 23 6 1 27 35 5 33 26 18 0 67 1 4 36 22 0 72 1 28 1 1 9 1 39 55 0 1 0 17 66 2 73 52 30 53 44 54 58 29 
57 1 52 1 26 13 11 77 59 41 5 79 0 3 1 0 54 0 43 34 75 33 7 0 1 10 33 46 48 74 1 60 64 46 68 1 46 1 68 9 
37 38 16 72 8 63 1 44 0 49 1 51 63 1 57 48 8 40 0 21 62 1 56 11 0 29 0 39 1 79 64 67 31 1 77 1 1 55 15 36 
7 69 37 59 2 0 63 26 0 0 20 1 23 17 0 6 26 47 47 0 40 79 1 67 10 68 0 50 1 42 53 42 0 68 17 69 74 0 67 0 
0 59 38 0 71 72 0 57 1 1 59 1 65 11 3 0 12 53 63 37 0 1 53 55 62 1 35 67 0 1 33 74 1 1 1 42 70 39 34 18 
66 16 55 0 35 6 0 9 75 42 1 71 1 71 0 0 8 16 73 31 1 0 57 18 61 1 61 72 63 6 79 0 22 35 1 6 18 32 2 62 
18 78 18 63 50 61 14 19 25 0 63 0 65 8 56 22 65 0 65 0 62 73 0 79 0 64 10 0 74 12 2 12 2 8 51 46 39 1 18 53 
1 62 26 61 42 1 56 1 30 0 0 1 60 19 38 36 1 4 9 70 0 43 18 0 29 26 0 1 18 72 19 18 0 0 61 36 0 50 73 50 
2 1 17 37 71 30 15 69 5 68 58 44 76 39 0 38 3 1 57 10 7 7 26 51 0 54 69 26 0 26 0 1 0 46 0 59 0 67 32 45 
35 18 0 75 13 44 1 3 20 48 46 21 43 19 4 3 69 75 0 58 59 76 72 64 76 0 55 0 8 26 39 20 78 45 54 44 6 26 10 57 
1 44 55 38 55 45 25 61 1 0 27 67 1 64 25 53 36 9 31 24 26 1 70 27 21 45 0 15 2 49 43 59 1 63 79 76 69 56 51 19 
50 52 3 31 1 36 26 1 55 57 0 46 33 60 50 22 0 74 71 36 2 24 67 33 51 28 3 0 1 71 73 0 79 30 22 0 1 38 34 37 
57 25 79 1 72 54 3 77 2 13 41 50 53 24 58 35 13 73 48 38 35 9 51 0 0 15 0 0 0 20 9 21 46 1 22 65 23 78 1 38 
1 6 40 0 0 36 36 0 15 66 71 16 1 65 18 0 10 30 0 9 1 67 0 39 1 1 34 62 79 0 1 54 1 59 56 13 27 74 44 1 
1 3 50 1 7 1 0 79 0 41 68 1 72 31 25 76 78 1 33 25 74 2 45 59 0 75 14 14 52 3 0 46 35 73 32 61 1 67 39 60 
5 65 69 0 26 70 9 43 38 1 58 0 17 1 68 0 0 44 63 10 0 1 0 1 28 1 77 0 63 2 24 0 6 68 1 23 27 30 24 75 
49 56 1 33 0 41 8 1 1 8 26 58 56 1 62 1 12 66 1 9 0 46 47 3 40 1 17 47 20 62 79 29 0 71 40 46 57 32 23 66 
60 0 0 39 25 32 1 74 79 49 40 1 1 1 1 63 0 11 60 9 33 19 9 69 52 51 10 4 0 51 75 1 47 0 37 64 1 15 1 1 
72 32 74 54 10 42 68 0 51 0 33 39 37 2 53 0 41 1 0 39 30 75 62 10 1 63 40 16 1 46 0 68 1 23 0 28 77 1 9 78 
37 1 17 6 61 1 71 0 74 32 24 1 40 9 37 69 14 73 78 67 1 2 14 0 46 32 7 16 73 50 34 12 7 0 75 0 37 49 5 0 
55 66 17 48 65 49 29 64 14 60 77 77 24 66 52 0 6 45 5 29 0 0 0 37 17 1 26 8 36 0 0 61 1 0 13 1 0 77 44 41 
1 63 48 0 26 30 0 77 70 47 75 47 77 37 70 1 16 21 4 50 1 23 51 35 66 6 0 7 56 60 58 1 46 68 52 1 1 0 49 52 
0 0 39 38 1 49 1 11 24 1 7 3 71 74 6 52 0 43 51 48 58 72 56 69 1 36 44 1 38 24 2 66 0 26 23 69 3 0 0 33 
31 30 55 77 28 0 9 1 21 31 19 66 46 40 1 46 29 13 0 63 7 41 1 0 20 44 53 60 26 0 47 30 64 40 70 36 34 12 24 0 
