1
100
0 80 152 1 198 18 102 194 0 85 84 41 62 162 155 27 50 67 197 136 90 82 103 60 21 137 183 30 113 13 153 98 43 134 1 182 1 4 188 170 149 190 105 0 61 114 148 42 129 115 193 137 59 29 0 197 46 101 0 9 100 44 136 0 120 27 138 177 38 159 67 70 0 0 11 117 135 128 42 124 1 152 95 129 95 193 23 30 82 99 17 92 81 34 98 1 0 36 186 3 
120 0 0 4 0 90 5 6 191 136 192 1 75 52 42 0 1 94 99 128 0 16 26 139 3 15 101 37 1 1 1 162 1 1 171 73 101 180 142 50 143 161 20 32 173 173 30 69 119 78 17 7 109 36 0 44 167 37 26 1 71 119 143 90 161 74 184 0 154 179 190 1 126 175 77 154 89 155 133 1 123 0 152 0 1 7 130 126 131 186 62 0 193 17 52 113 62 70 192 0 
106 98 0 156 44 73 167 1 143 75 30 23 192 0 1 153 87 126 136 9 17 0 1 0 112 0 0 1 1 148 111 40 64 197 0 128 33 133 1 36 166 0 51 1 151 35 35 1 83 81 146 170 1 0 1 169 124 140 126 179 38 169 61 0 118 150 68 0 199 145 131 166 72 97 190 88 116 119 93 162 1 0 176 16 1 195 79 96 74 11 155 66 183 117 0 1 95 0 180 1 
87 46 0 0 80 15 168 41 54 186 74 0 160 95 115 18 58 129 80 95 1 0 22 0 39 1 53 1 0 155 181 79 21 137 39 1 1 1 4 131 183 133 145 143 0 26 1 0 37 0 155 155 22 91 42 113 105 173 61 158 123 17 99 1 186 58 107 1 0 65 177 51 1 127 137 25 120 162 103 46 1 0 123 178 57 183 45 0 135 0 72 19 167 142 127 1 75 165 103 58 
196 126 0 92 0 198 1 84 6 10 94 6 104 87 33 82 128 195 0 0 75 156 159 156 54 139 145 0 1 3 29 1 91 184 62 34 156 193 62 115 183 97 46 188 0 39 145 126 79 90 45 193 1 91 0 0 193 80 0 140 94 68 170 0 131 1 103 1 126 131 17 89 175 72 1 160 12 106 198 133 169 162 85 23 72 126 1 38 45 118 108 154 13 35 1 1 0 5 96 194 
163 96 187 64 174 0 85 107 75 195 112 135 0 0 57 0 1 77 119 100 173 109 135 1 14 110 71 45 65 115 199 151 164 198 73 54 108 112 11 198 49 41 1 57 39 76 30 1 11 0 107 122 154 136 47 198 187 125 69 94 87 156 101 148 121 150 122 60 192 95 97 0 192 5 166 1 70 121 118 20 1 179 14 0 33 36 55 85 25 80 93 1 98 1 15 51 1 4 90 57 
151 65 171 146 130 81 0 8 147 91 96 63 41 12 0 1 32 132 71 137 65 19 153 175 1 67 94 0 192 72 35 147 128 74 186 0 25 154 138 0 0 109 1 148 44 20 41 1 160 9 145 139 162 75 158 103 16 126 147 0 125 108 19 0 39 1 0 95 79 42 61 59 28 79 18 98 34 77 63 64 149 107 0 68 0 81 49 7 77 132 84 7 104 0 179 11 115 161 154 174 
111 48 169 99 161 97 42 0 169 31 1 65 162 198 43 188 41 92 86 66 195 1 45 20 95 1 187 1 123 138 0 1 166 0 192 40 9 89 16 44 69 72 1 1 175 87 186 9 135 61 156 75 50 1 186 68 0 0 122 1 66 25 184 90 89 0 1 120 24 100 56 1 47 27 1 54 172 27 52 60 158 145 191 126 188 115 68 3 173 14 66 91 107 21 9 66 197 56 117 93 
144 0 65 1 86 139 89 52 0 0 89 14 62 152 142 141 76 0 23 193 153 186 90 11 0 165 68 1 0 128 166 0 155 100 54 16 80 181 128 91 29 69 0 167 52 56 72 6 1 1 15 75 153 141 196 126 187 102 149 173 42 1 156 136 191 72 1 133 113 0 1 88 88 129 103 161 38 0 122 139 0 2 149 124 102 0 86 19 1 195 0 162 30 1 1 109 171 173 19 56 
1 1 46 5 181 145 0 0 0 0 199 1 0 34 1 76 132 106 0 44 126 3 1 106 192 104 49 98 7 58 0 1 96 194 76 128 1 59 1 191 1 119 0 74 61 0 50 33 1 0 79 174 36 122 130 174 155 0 141 36 124 172 0 67 183 5 12 1 0 117 137 0 0 60 3 0 18 183 197 174 0 1 35 138 150 1 60 177 85 80 0 1 153 0 120 1 23 0 0 108 
149 25 154 0 184 51 121 143 79 0 0 197 0 0 7 104 1 71 57 57 3 11 49 6 196 48 84 46 114 0 122 118 57 140 145 63 1 1 127 152 116 110 106 0 120 43 73 67 15 58 122 160 8 160 136 112 168 186 1 89 3 142 86 108 162 31 6 28 98 139 108 167 57 98 35 0 182 28 114 41 0 125 162 0 166 62 27 1 5 127 40 53 159 0 86 35 88 59 191 151 
87 50 48 168 54 178 0 11 162 54 185 0 43 96 196 109 150 129 0 137 21 147 68 37 174 175 0 116 0 57 86 102 132 6 1 39 31 40 98 18 99 174 0 149 132 192 67 0 61 44 2 139 1 167 38 47 142 71 85 47 15 136 0 95 99 1 81 184 196 170 112 144 2 150 37 0 28 34 70 147 60 3 94 0 186 11 91 103 77 161 170 136 157 1 79 0 168 64 1 1 
0 1 154 1 32 1 185 1 124 45 129 42 0 195 125 93 20 0 0 53 0 37 22 1 57 17 1 89 14 0 30 0 30 15 18 70 189 0 160 0 92 106 128 0 109 1 118 27 116 1 151 30 114 9 0 34 124 20 122 171 37 111 149 158 80 1 114 112 1 131 55 143 50 174 167 1 0 40 0 77 105 80 74 1 0 165 1 21 55 1 0 0 0 5 1 1 8 0 0 1 
183 9 1 196 52 1 74 131 94 79 77 135 195 0 91 12 128 20 59 97 178 114 0 0 130 1 0 169 124 170 10 86 7 183 129 89 43 39 159 141 187 1 0 124 27 37 108 116 0 96 175 154 142 93 121 0 0 38 78 1 0 0 109 187 47 115 1 63 0 1 35 138 91 90 180 38 19 29 1 14 158 118 1 110 10 65 174 40 8 74 0 149 53 1 7 186 24 0 4 10 
172 198 0 140 111 177 175 17 82 167 62 53 0 7 0 134 1 0 1 134 46 108 1 150 83 102 66 0 0 98 143 178 42 52 1 66 0 0 29 175 29 12 141 172 194 121 38 118 151 4 191 0 179 20 190 113 132 0 1 9 120 2 0 195 0 158 72 123 79 0 21 49 15 77 198 169 75 177 154 1 119 157 155 97 71 30 80 1 0 121 0 175 160 17 1 1 0 142 150 1 
148 156 9 78 0 82 0 63 48 0 1 16 199 97 57 0 45 0 0 60 0 1 163 142 117 0 193 40 66 29 1 147 113 130 47 57 75 154 20 109 117 0 0 99 101 191 131 153 130 0 129 143 144 90 45 152 5 0 118 123 109 88 79 132 162 76 70 133 160 127 97 143 50 70 176 181 135 128 26 1 0 170 117 57 190 168 83 178 72 82 72 1 173 34 192 0 132 82 154 109 
115 143 97 133 0 157 102 197 0 0 78 81 187 131 1 1 0 14 14 105 1 8 116 103 109 83 1 0 159 161 66 49 138 107 0 133 18 0 157 1 1 105 119 167 110 12 4 118 152 52 7 29 0 28 65 0 139 38 126 189 163 1 152 83 0 38 119 188 104 72 97 150 0 98 197 91 9 89 34 27 45 33 124 78 47 1 38 1 199 74 78 193 164 83 127 199 54 1 62 0 
1 74 187 0 0 152 13 59 33 35 131 21 0 126 118 195 133 0 175 63 170 104 1 1 100 144 129 0 0 161 0 21 88 110 0 24 32 1 64 118 166 153 0 1 1 180 185 9 97 12 72 197 0 151 34 6 78 0 155 0 103 62 30 0 1 87 74 105 1 0 55 178 57 156 169 96 108 155 0 146 199 87 77 109 127 3 66 83 175 188 0 139 111 199 52 152 154 76 191 87 
116 27 76 0 54 30 45 109 0 48 0 189 189 128 44 23 117 168 0 0 0 32 1 0 25 0 96 107 79 104 1 148 146 48 158 1 181 41 1 1 88 166 167 196 155 2 1 0 140 98 45 151 175 157 1 75 114 0 187 3 74 136 98 115 1 165 47 35 79 8 25 161 1 0 10 26 18 102 170 42 96 125 3 105 108 66 106 0 187 144 0 0 189 2 170 152 178 179 128 57 
105 68 1 147 172 1 137 0 83 47 12 176 0 99 124 38 132 70 56 0 122 69 130 32 133 71 90 74 46 71 127 25 105 38 1 147 143 157 123 43 1 101 0 57 197 0 99 103 28 1 34 0 195 15 1 49 0 158 110 87 85 176 162 140 77 1 116 145 18 0 41 57 24 129 81 187 60 135 129 195 132 19 38 0 186 151 41 18 67 1 0 35 0 47 78 127 170 164 176 0 
45 1 174 186 124 105 19 167 135 105 1 34 6 1 1 153 92 196 88 1 0 1 177 64 114 18 3 1 138 31 68 1 105 196 123 32 120 127 142 74 62 188 22 0 125 22 99 117 153 121 10 0 91 84 87 0 50 66 195 0 141 0 119 78 160 0 196 0 163 77 85 85 23 0 0 1 167 110 103 68 38 176 0 146 1 0 76 113 0 71 160 82 1 115 105 0 90 71 125 80 
124 49 1 60 49 157 1 30 28 132 50 24 8 142 1 176 100 36 119 185 115 0 108 0 51 1 48 13 168 171 97 139 146 0 162 61 1 151 128 106 145 82 147 140 0 196 23 193 0 141 84 117 1 0 0 0 8 23 89 1 28 6 0 151 165 84 0 154 170 153 167 186 44 50 154 26 1 27 93 21 1 15 182 1 1 0 118 105 0 198 22 17 130 83 1 7 0 0 165 185 
1 61 149 30 62 108 167 119 155 9 166 1 124 0 50 38 1 46 1 1 36 93 0 0 65 112 108 51 120 1 195 1 58 113 64 1 177 1 1 115 1 149 73 58 0 137 51 128 179 49 128 140 0 34 26 150 93 181 119 77 73 26 121 149 176 91 119 92 87 158 0 1 121 148 50 0 125 116 107 1 83 115 129 16 1 139 0 14 169 159 23 1 92 126 1 74 191 1 156 74 
0 9 1 37 8 107 190 173 101 109 11 127 120 1 167 173 9 136 62 178 46 13 40 0 0 80 1 102 64 96 133 167 131 5 0 126 49 79 1 27 0 0 1 109 121 25 182 48 0 1 95 25 26 185 1 32 3 0 1 1 14 5 51 22 24 0 15 146 54 107 194 180 98 112 68 111 96 34 0 20 102 0 7 0 13 70 134 43 191 194 0 109 65 182 20 24 23 169 0 115 
35 1 64 124 1 0 0 34 31 46 0 195 0 46 132 146 14 0 0 21 1 51 186 0 0 94 173 1 58 0 39 115 32 78 146 1 1 195 191 131 171 5 109 17 1 88 121 0 101 0 198 17 109 24 14 1 122 11 83 57 156 0 78 0 156 109 136 183 167 151 187 0 103 7 1 180 13 198 106 58 37 11 140 12 1 92 178 0 70 106 88 93 94 11 0 0 187 177 1 106 
3 54 120 194 1 160 16 1 1 39 36 55 100 7 1 1 0 165 74 67 11 46 1 123 24 0 45 119 29 0 110 83 141 59 62 81 1 1 1 1 80 30 1 146 65 0 44 64 21 52 43 135 84 0 53 121 187 40 5 0 17 1 0 22 4 116 1 64 123 1 188 34 86 27 70 18 120 184 85 1 107 65 1 68 73 1 72 1 69 78 114 194 115 82 51 73 195 0 16 162 
168 182 165 49 171 176 189 87 148 103 1 175 60 104 90 0 73 135 198 82 1 55 1 70 114 37 0 1 52 23 65 161 196 93 16 161 147 151 26 0 51 75 113 117 19 0 197 150 156 1 143 172 82 0 1 184 36 157 1 32 186 4 119 186 116 31 83 198 52 84 0 62 128 143 1 1 95 34 0 190 0 126 129 92 8 85 1 118 1 40 38 122 105 85 40 199 163 31 73 111 
0 27 118 3 194 0 133 9 59 1 136 156 173 0 1 20 1 164 91 157 5 59 116 0 82 145 0 0 193 129 0 162 94 0 40 1 148 162 0 185 41 101 154 0 94 199 118 150 114 65 156 177 16 166 115 174 1 1 0 173 73 63 135 153 120 35 152 1 0 194 14 35 0 65 5 181 148 0 169 5 97 79 94 64 174 12 1 97 29 66 103 150 9 119 102 1 115 105 26 35 
170 65 86 61 54 81 7 132 30 1 134 73 82 145 0 177 0 47 50 1 130 0 0 141 0 122 38 18 0 1 106 123 5 116 47 130 74 81 173 148 136 0 76 81 92 70 0 181 103 95 0 82 41 1 4 42 37 0 150 165 141 16 1 24 56 4 140 0 152 58 79 81 1 0 164 25 25 146 31 1 6 141 117 1 146 1 6 87 189 160 72 153 77 1 4 97 0 57 171 0 
60 85 142 72 0 1 150 99 86 190 1 123 93 178 170 16 1 81 133 101 77 132 143 178 121 142 122 143 100 0 79 51 2 113 22 186 188 143 134 168 26 16 1 106 167 48 157 82 99 29 0 0 74 161 51 150 0 8 0 0 1 48 46 0 127 51 68 9 92 99 58 32 145 107 81 1 181 60 61 53 0 1 16 140 124 5 75 94 30 48 132 118 82 65 94 1 71 83 1 1 
148 1 23 189 138 1 123 14 153 117 143 82 42 166 27 70 185 0 1 25 93 0 0 108 2 78 0 80 39 1 0 34 153 26 152 0 153 159 57 1 10 184 70 19 51 83 147 163 95 11 106 6 1 137 88 195 38 1 117 96 186 76 0 87 161 13 138 1 10 0 157 0 1 0 23 168 3 187 2 154 1 68 6 130 124 41 130 1 174 140 142 0 1 0 164 184 137 11 86 0 
0 83 0 161 15 122 44 32 1 16 0 1 1 6 45 134 27 0 133 191 77 158 37 78 1 52 1 0 84 2 67 0 29 86 29 179 1 125 177 58 151 0 176 61 193 191 181 81 55 1 0 0 1 96 173 34 0 104 0 112 0 0 23 132 1 193 152 59 132 12 1 97 72 91 1 84 72 86 53 0 1 118 191 1 0 11 91 32 191 178 130 29 41 139 0 21 182 192 1 168 
140 1 34 129 1 155 185 110 77 95 42 165 23 21 160 0 57 64 56 73 0 104 149 109 0 1 87 1 198 48 0 148 0 178 0 0 0 0 164 109 1 65 25 12 109 108 1 173 68 147 31 5 1 155 154 0 175 197 76 0 104 0 0 113 158 106 0 25 176 125 162 0 193 69 62 194 0 59 195 15 22 105 142 191 0 173 195 29 188 0 2 34 1 102 110 1 87 82 1 0 
141 119 1 98 84 173 92 192 1 115 32 160 129 52 111 150 0 1 0 63 176 26 0 1 1 181 179 83 124 43 119 1 191 0 0 0 82 1 172 129 0 143 32 0 1 0 139 79 68 1 162 0 56 0 0 107 194 73 169 69 46 159 108 45 0 0 153 1 0 105 153 1 13 46 94 118 126 55 92 86 180 72 0 8 40 182 86 197 161 47 0 0 137 84 0 4 11 125 103 186 
1 163 41 41 68 1 97 184 189 138 0 1 162 34 1 184 88 1 185 0 186 1 0 116 73 0 171 161 30 1 1 139 106 82 0 0 194 11 115 27 32 154 18 0 140 97 141 0 137 22 0 179 78 71 125 1 131 6 155 150 147 109 1 130 63 71 56 101 76 0 1 15 0 88 1 122 5 125 68 21 1 196 109 0 36 64 167 198 1 90 144 66 0 128 85 0 0 78 120 29 
1 1 0 46 0 32 1 18 80 23 1 1 25 24 149 43 153 42 162 41 137 102 140 0 1 171 1 179 1 13 0 1 32 1 126 0 1 154 24 147 117 33 152 0 194 169 0 9 130 1 137 168 1 0 5 38 186 95 0 2 150 125 54 1 1 193 1 86 71 121 44 163 115 170 178 0 196 9 1 49 160 185 0 120 1 31 35 72 83 118 85 113 42 98 0 1 124 57 134 0 
106 149 176 142 152 163 1 131 120 29 80 78 185 61 92 123 78 46 45 132 20 158 163 59 118 104 92 119 23 88 51 41 1 65 138 67 0 1 182 4 143 50 189 130 40 53 0 148 1 2 60 49 0 113 127 65 153 109 6 166 154 48 105 0 115 97 0 64 125 118 94 181 164 56 113 199 6 65 0 97 0 81 61 196 59 58 0 58 0 16 0 0 95 186 185 1 90 1 115 50 
172 0 132 1 13 85 0 196 1 190 87 82 21 151 89 88 125 142 1 192 138 167 1 158 87 101 149 79 124 0 62 0 42 80 174 191 21 0 46 1 16 145 99 1 91 164 83 13 192 27 169 41 135 45 80 86 84 111 93 0 29 0 1 175 0 35 109 179 1 89 0 0 1 152 118 1 160 18 56 156 1 1 137 199 161 153 1 0 1 50 152 164 0 113 107 1 112 27 141 91 
1 150 1 1 192 93 183 108 1 173 69 11 189 65 47 120 177 0 64 52 150 1 151 53 0 1 46 153 5 166 1 0 10 105 1 54 155 33 0 90 197 93 145 102 70 31 121 51 72 136 12 0 72 146 152 51 1 67 7 112 1 41 192 0 0 2 121 149 146 5 1 0 162 69 0 10 5 0 102 1 0 117 157 32 64 101 1 108 124 162 96 1 68 0 1 1 0 27 89 155 
89 0 148 87 71 172 0 0 137 24 85 39 1 0 23 195 17 71 173 176 0 1 13 21 46 0 77 0 105 46 46 65 64 14 0 25 172 1 116 0 0 102 0 57 0 40 159 16 0 136 1 12 182 69 0 22 144 0 194 190 114 0 0 130 83 4 1 0 27 18 55 165 1 87 144 42 69 0 76 153 0 103 0 145 197 84 0 159 0 166 86 30 30 87 179 124 1 151 135 141 
131 26 0 39 34 35 3 169 33 0 0 172 119 33 155 0 0 49 142 64 186 0 1 86 193 131 63 113 0 155 82 1 72 1 0 194 0 0 112 1 0 134 142 103 89 139 21 145 62 24 73 197 78 18 98 39 139 112 141 162 168 147 126 94 0 44 198 15 0 73 1 1 3 1 180 30 99 1 116 173 146 5 18 191 4 107 117 103 137 1 38 74 114 127 138 1 0 151 67 1 
58 182 0 85 74 19 1 0 32 77 14 134 5 143 73 68 170 1 176 90 1 24 1 116 165 55 0 77 90 1 86 143 0 157 193 13 129 176 0 174 11 0 144 1 137 0 0 1 144 141 0 100 37 1 1 0 41 65 1 24 141 44 158 15 0 0 1 73 101 0 1 37 114 46 0 7 112 34 0 14 152 27 163 168 121 1 109 1 0 0 116 163 174 166 64 31 96 31 12 115 
142 98 198 1 16 178 1 98 148 132 62 53 1 10 162 154 107 0 6 1 136 1 144 106 35 52 0 61 36 190 166 144 161 82 21 125 109 1 172 146 21 8 0 57 65 169 29 150 93 19 0 1 125 0 183 23 58 1 54 76 9 25 106 108 142 147 180 42 72 140 92 0 88 146 72 102 0 52 1 79 140 68 48 129 65 0 55 15 82 123 1 123 153 173 94 27 16 1 105 1 
128 1 42 0 125 22 165 127 54 0 137 148 1 59 9 108 196 1 190 105 0 166 34 14 56 0 146 128 1 1 0 155 158 68 121 55 93 30 41 159 1 60 199 0 101 126 46 29 194 177 103 156 2 85 49 112 169 139 99 37 0 3 0 0 0 37 35 168 134 170 179 116 170 131 48 43 196 120 1 1 178 172 3 133 10 0 64 0 22 184 20 1 7 0 0 0 1 112 170 187 
98 34 46 56 141 115 76 0 15 0 125 0 0 0 0 1 198 49 191 135 122 0 93 1 131 0 74 161 1 1 1 149 167 98 163 174 12 45 90 0 88 0 0 198 0 121 8 41 96 140 76 82 1 127 22 163 0 29 133 0 106 73 43 199 133 79 31 144 53 110 0 55 10 127 99 127 1 80 81 76 0 76 0 108 56 45 38 178 157 71 151 151 197 47 5 126 141 173 122 104 
146 90 89 0 1 0 0 152 0 51 174 84 30 0 12 1 1 1 102 24 53 170 134 192 107 145 1 94 62 1 148 188 0 109 105 105 0 60 68 1 0 1 1 176 80 0 156 44 1 62 173 160 1 79 138 179 133 124 185 128 152 1 51 60 27 1 7 1 1 141 0 111 91 179 0 151 170 194 1 0 21 0 183 135 6 90 37 0 142 57 181 177 1 53 1 182 177 100 57 105 
0 88 0 54 189 97 1 111 111 108 0 117 183 162 144 55 181 0 94 115 114 10 58 176 63 187 169 109 97 0 157 35 1 173 52 156 1 165 44 1 112 92 140 141 29 52 0 168 30 69 119 12 146 150 21 0 2 0 34 138 150 56 173 103 1 1 69 0 72 86 105 100 57 16 1 179 0 77 94 1 0 66 125 0 197 0 92 1 102 40 106 119 199 163 0 42 167 132 157 21 
25 26 35 87 138 122 0 174 129 192 6 91 84 26 1 4 0 61 71 13 63 165 187 82 131 67 1 119 185 1 59 68 0 172 10 66 125 23 42 26 1 61 146 11 0 180 104 0 10 39 33 1 0 102 0 189 112 185 139 0 79 9 128 0 55 59 176 33 15 1 0 0 48 0 1 48 1 127 93 143 60 1 176 185 136 64 199 164 132 56 38 143 122 181 25 138 57 120 1 43 
0 0 1 151 174 135 21 42 1 75 178 1 198 107 141 0 77 155 170 63 184 184 27 172 86 131 99 37 17 78 25 132 119 59 82 51 65 115 150 0 1 76 44 125 199 89 5 0 0 132 90 15 0 183 149 197 1 161 62 52 111 45 0 1 116 128 78 1 1 51 25 168 25 171 0 169 62 86 22 22 118 73 80 91 184 0 1 190 99 191 50 106 3 22 0 178 94 1 187 0 
80 112 17 0 198 111 0 179 104 67 26 26 175 20 0 198 69 1 184 181 12 99 0 1 179 112 185 0 0 60 163 0 2 136 0 1 1 84 0 1 50 156 61 98 102 0 198 1 108 0 124 145 106 1 137 1 165 0 1 68 113 85 35 93 1 38 184 1 62 15 173 194 123 72 186 123 1 0 144 1 0 171 1 82 24 17 52 43 49 70 165 153 1 160 1 163 92 122 42 0 
0 21 91 129 1 0 55 144 1 0 83 1 43 0 134 65 109 28 82 112 23 86 60 0 0 174 1 1 132 162 0 90 34 45 183 153 83 197 68 194 37 197 97 87 1 1 72 1 0 52 0 133 116 1 0 97 34 153 0 147 62 115 1 133 141 114 1 47 133 183 60 163 125 0 1 144 1 50 7 182 0 127 89 44 1 50 68 4 67 124 192 0 146 72 0 9 38 135 165 88 
1 118 173 7 1 1 18 47 116 139 139 131 93 176 121 0 182 163 3 65 86 33 98 193 169 70 49 42 0 122 12 0 0 3 28 92 94 0 97 14 37 38 1 49 52 82 16 106 139 134 57 0 171 77 174 25 85 1 114 0 189 35 158 154 188 4 169 197 124 195 140 31 1 1 13 0 124 193 0 64 192 93 185 142 0 1 173 168 105 85 67 191 0 0 100 127 142 98 60 18 
49 194 155 31 155 1 0 0 141 68 54 121 72 125 0 0 79 33 195 103 159 179 186 158 1 0 134 101 172 54 0 144 59 33 35 46 141 13 16 0 1 0 76 179 190 4 0 199 1 1 0 1 0 111 129 51 182 151 85 52 21 141 83 190 33 77 18 16 177 117 15 87 124 0 0 106 1 1 53 0 71 139 1 81 0 84 0 0 1 1 147 0 162 21 0 50 1 189 25 55 
125 43 56 0 1 162 109 135 107 8 0 64 146 84 155 0 198 0 153 98 49 27 193 50 1 11 148 63 0 54 136 194 190 153 30 143 176 1 50 1 170 178 0 116 1 75 0 49 14 161 108 0 0 0 1 1 1 196 1 198 63 0 165 78 97 62 1 69 23 72 1 41 70 37 79 1 22 87 117 151 16 119 104 60 13 189 98 0 23 1 80 37 1 0 98 136 162 38 1 92 
45 0 0 70 162 1 1 170 112 115 142 22 1 93 0 89 0 0 1 0 0 77 0 148 133 117 0 20 73 1 181 158 196 135 143 165 33 154 119 16 49 24 157 1 171 0 1 176 149 0 182 63 112 66 0 67 94 1 188 1 22 130 199 22 138 182 0 1 0 0 133 51 1 107 113 187 84 137 0 135 1 128 175 3 100 0 100 199 182 184 192 0 34 119 45 138 175 102 148 97 
86 179 1 32 100 144 20 20 199 161 66 135 1 1 182 86 95 155 24 33 154 0 1 1 78 26 58 1 114 163 111 116 29 184 162 29 61 178 196 56 62 109 150 103 83 0 78 0 0 0 65 0 41 113 183 0 199 1 94 1 84 0 41 176 157 51 94 1 122 104 42 1 68 30 25 146 0 88 165 53 13 12 51 63 176 1 10 134 177 147 161 88 0 43 53 75 0 22 1 0 
178 135 1 122 27 192 106 1 157 1 1 0 143 72 169 2 38 198 80 147 129 0 101 0 134 0 128 56 98 62 122 73 38 112 1 197 12 1 1 116 10 138 81 1 134 1 1 88 156 91 58 14 0 7 106 143 0 1 11 123 137 23 157 9 166 94 67 168 0 1 0 184 185 166 1 160 173 144 133 62 1 0 178 64 160 67 1 1 0 0 90 23 80 154 51 136 160 42 0 199 
106 173 60 0 10 72 177 194 1 25 7 136 0 171 75 46 143 1 105 63 143 1 97 0 147 93 184 195 188 185 140 160 2 182 0 97 64 45 112 193 1 166 170 194 22 165 1 141 1 1 136 169 0 172 199 0 133 0 1 182 174 129 97 161 106 1 118 16 75 0 91 173 22 153 15 71 183 97 189 45 0 19 173 50 49 23 74 0 79 102 32 122 112 41 172 112 1 109 154 170 
130 38 86 55 135 108 0 198 109 33 52 185 142 178 20 106 118 197 82 0 1 125 144 142 72 102 76 0 0 167 54 0 0 195 135 0 84 116 105 178 1 191 198 0 0 183 36 179 1 98 146 1 14 78 46 116 31 1 0 108 168 10 0 142 38 194 106 193 4 44 77 32 0 169 47 1 5 71 76 114 111 32 109 116 41 74 124 5 52 121 42 11 146 67 0 17 86 87 18 24 
0 18 98 71 122 2 1 112 1 82 104 159 106 156 1 67 136 109 65 1 128 75 82 147 109 6 15 7 157 1 166 1 199 127 17 98 1 1 1 12 76 128 160 75 153 34 185 178 93 125 51 168 168 62 55 57 62 184 126 0 179 1 1 114 81 1 176 186 3 154 1 134 72 163 0 168 1 50 149 37 159 132 8 0 0 160 157 112 153 117 72 0 108 14 83 22 129 47 169 7 
188 1 1 193 160 144 100 1 78 50 1 14 69 0 63 13 1 153 122 80 112 43 115 75 1 63 124 101 173 114 108 1 21 114 9 173 45 1 108 49 53 0 46 148 178 1 22 115 104 124 1 160 179 83 53 0 79 1 132 122 0 180 8 0 100 152 139 15 124 144 0 77 0 56 1 17 140 0 109 166 1 43 23 66 32 125 37 179 63 0 127 113 155 0 27 156 179 155 1 1 
90 82 150 120 73 22 186 71 130 0 115 168 68 49 87 10 0 12 0 50 1 170 142 84 41 189 1 52 69 1 63 1 147 0 0 0 115 146 0 24 187 0 163 41 42 58 1 1 108 116 40 1 199 120 126 0 197 151 125 199 59 0 1 174 195 0 1 1 1 70 20 155 108 1 25 124 103 183 4 20 125 0 0 188 60 1 127 45 16 164 0 74 2 57 84 189 101 176 167 40 
174 143 114 183 0 83 173 132 1 88 49 146 102 99 196 0 0 7 96 90 188 189 21 1 1 47 194 33 48 54 0 132 0 165 57 106 47 45 98 1 20 0 1 0 75 45 0 0 145 94 19 90 86 84 140 0 1 98 149 63 75 182 0 1 50 32 110 1 93 55 59 121 117 1 143 103 146 158 84 75 95 37 155 68 1 180 147 47 168 110 171 1 133 168 90 0 0 81 127 1 
23 0 1 195 0 77 193 0 115 140 122 0 70 1 176 127 158 0 179 79 158 171 20 44 0 188 107 72 46 145 189 182 194 21 24 19 62 50 75 0 187 41 151 93 51 0 1 101 135 1 113 54 198 158 1 1 174 0 148 178 147 36 119 0 6 1 175 1 142 11 72 1 10 133 0 134 0 3 59 93 6 0 0 0 1 0 91 63 1 136 33 193 67 1 62 121 86 188 127 17 
1 66 172 165 1 165 188 1 0 1 192 169 93 101 129 63 43 5 140 0 45 196 132 125 173 2 118 7 104 64 189 0 157 1 1 138 135 115 1 0 0 93 118 138 95 1 0 123 61 19 68 125 163 160 118 177 155 107 36 177 1 192 1 41 0 78 141 96 58 118 8 0 1 142 137 87 190 1 84 0 0 84 67 199 145 172 196 78 166 176 56 1 34 147 11 44 0 0 44 1 
1 72 1 117 117 92 173 199 33 0 95 34 7 63 195 141 29 33 150 21 119 74 32 107 65 115 1 118 49 104 0 162 98 122 174 191 1 1 109 126 95 117 138 0 127 191 128 51 26 5 0 69 2 148 31 48 157 0 86 67 153 1 41 70 0 0 138 130 1 142 163 12 30 185 0 0 161 114 139 141 7 1 153 136 1 179 195 174 34 156 0 87 90 0 166 1 31 117 0 196 
0 1 64 191 167 193 37 147 54 0 69 1 55 0 121 0 27 1 40 117 123 93 84 37 192 68 122 138 177 47 198 58 1 83 138 194 0 0 100 66 124 159 1 198 140 2 2 145 79 171 155 72 157 50 174 0 0 170 69 1 196 0 40 46 43 6 0 179 69 0 1 114 1 53 30 51 180 111 22 46 147 25 0 0 41 0 117 194 94 91 162 1 50 177 118 59 21 161 77 179 
111 193 179 0 0 57 0 24 0 198 131 21 116 0 106 1 138 127 42 89 103 171 52 141 69 156 0 123 115 0 172 19 83 16 112 1 1 12 168 0 140 116 22 175 119 168 1 159 0 24 171 159 112 193 141 154 143 17 28 183 138 0 1 0 16 131 170 0 199 0 76 96 46 182 128 138 46 67 177 93 0 23 25 85 129 10 118 5 108 1 0 103 81 161 105 135 98 144 160 73 
151 62 146 129 0 198 0 131 1 145 166 108 190 193 45 100 110 85 4 1 1 46 188 55 111 110 177 188 98 29 184 1 11 0 2 0 1 192 157 0 168 105 119 1 113 179 154 105 92 1 83 117 178 48 100 157 4 195 116 179 29 116 55 141 123 86 191 81 0 0 58 179 193 123 69 140 60 0 148 1 25 128 23 141 155 181 46 187 132 0 0 190 35 53 0 134 128 181 1 88 
53 130 0 119 182 103 44 0 79 90 138 134 157 95 157 177 114 37 86 126 71 90 1 188 23 0 22 123 2 1 1 95 32 127 0 54 9 83 30 150 153 47 1 0 47 53 177 51 152 153 0 85 130 136 179 120 58 109 2 86 123 180 150 39 89 92 109 156 152 0 59 48 178 171 174 20 191 89 82 72 0 121 37 76 48 1 87 58 136 0 1 172 54 189 153 58 143 40 51 168 
35 10 78 1 172 109 195 73 168 0 129 130 138 1 0 75 138 185 0 1 135 121 193 13 32 1 163 1 1 132 62 108 193 50 22 0 0 1 44 166 66 93 37 166 0 151 0 100 176 134 60 107 108 96 57 0 128 53 146 147 63 0 198 133 0 95 0 188 13 14 0 36 0 72 1 107 1 1 1 62 102 1 173 146 8 113 192 165 0 66 158 134 0 9 168 134 139 1 1 89 
1 134 1 25 190 67 35 192 85 146 7 25 51 154 147 143 170 63 19 65 79 174 36 64 164 148 0 119 161 83 117 74 21 197 102 138 92 152 42 135 1 95 153 1 176 189 108 108 1 190 61 0 178 109 122 166 199 30 1 82 0 119 0 0 48 69 171 109 175 3 192 0 47 50 1 82 39 81 152 81 0 141 109 175 156 1 90 113 1 52 135 14 1 1 35 39 153 63 1 102 
187 66 168 101 1 198 48 1 75 158 108 137 39 1 1 137 60 42 1 153 125 23 163 1 30 12 0 15 197 2 85 197 0 78 184 83 175 184 14 82 128 0 38 53 81 43 147 153 50 151 0 5 25 45 42 80 1 18 25 196 188 142 1 80 194 74 178 132 71 0 124 14 0 28 0 91 43 0 113 91 66 62 0 199 0 91 19 82 192 103 181 89 16 57 52 178 88 101 61 22 
48 91 107 116 0 71 115 49 166 0 176 188 100 120 180 64 1 197 58 176 34 57 0 0 0 0 165 0 1 0 73 163 31 194 129 11 1 8 103 45 64 134 107 56 0 1 177 0 1 78 162 103 21 49 0 112 123 51 69 10 173 167 69 89 181 80 141 153 168 0 126 0 32 0 172 1 59 64 175 48 0 0 127 106 133 24 38 154 174 0 148 1 127 124 4 0 75 152 149 168 
155 187 123 26 1 1 3 151 51 81 133 101 154 88 122 139 7 17 83 0 67 1 162 0 184 179 25 1 173 3 167 5 0 10 1 123 71 130 169 0 109 59 0 12 38 95 114 51 54 116 168 155 0 0 138 64 117 102 163 12 100 47 167 156 0 130 1 15 23 53 0 0 191 1 0 1 150 30 1 29 0 183 70 110 147 1 132 0 27 144 153 134 86 0 149 183 55 1 91 18 
14 1 1 114 35 180 1 181 72 1 1 6 179 1 7 5 1 93 110 1 81 12 149 24 41 100 62 0 171 103 84 110 46 0 0 144 73 172 1 0 91 146 166 45 122 89 0 1 7 0 1 100 103 1 86 171 97 8 126 196 129 141 74 0 194 59 57 11 156 1 1 5 170 106 0 0 48 9 0 55 113 49 184 1 25 0 39 185 80 0 0 136 0 13 1 0 38 10 0 71 
176 175 0 0 0 192 67 1 98 164 5 81 190 49 135 23 68 6 145 165 102 178 151 51 123 1 87 60 47 137 19 34 80 102 37 182 1 0 81 121 173 17 1 141 186 102 179 91 43 1 117 15 66 183 60 69 191 54 118 0 116 68 196 35 152 95 128 1 131 0 0 140 78 28 0 1 0 1 68 70 41 1 134 1 1 69 147 1 111 138 72 75 1 70 124 48 155 1 199 32 
159 133 0 1 1 1 193 73 186 188 1 1 97 8 0 43 0 136 1 66 96 148 97 136 0 0 121 1 0 173 62 191 147 0 171 16 55 121 0 154 72 142 56 0 41 39 146 0 101 84 37 9 0 46 188 93 38 27 111 39 130 161 190 0 112 1 156 35 53 133 0 25 53 0 16 108 1 0 92 0 169 30 51 106 103 154 183 196 62 197 79 18 85 77 165 53 1 1 188 1 
141 49 39 0 181 7 13 48 1 0 128 70 181 0 177 191 44 85 119 1 67 0 68 49 1 0 180 57 14 80 23 6 1 86 183 5 180 0 57 120 1 28 133 19 121 0 107 109 49 1 105 88 0 1 1 0 0 0 1 146 0 1 106 24 183 135 164 0 106 28 0 26 61 0 66 173 57 149 0 1 73 45 41 106 32 35 0 118 197 20 6 61 45 1 1 67 141 0 114 0 
0 69 158 0 33 0 85 41 2 1 120 83 148 0 167 171 35 1 169 114 0 176 166 18 167 187 1 189 166 2 37 23 1 175 0 0 1 146 87 133 168 190 97 141 34 1 1 32 189 49 48 11 1 128 1 0 1 179 124 17 189 0 88 23 52 1 33 0 53 189 1 1 114 0 129 3 39 62 1 0 97 142 1 20 151 12 139 19 0 1 16 0 187 0 111 168 1 152 173 134 
118 42 135 15 0 44 1 1 66 25 1 71 1 58 0 95 116 0 130 192 89 0 156 1 92 176 106 172 109 143 124 102 17 88 188 1 44 0 158 163 82 50 50 0 100 127 92 1 0 77 97 103 17 162 154 1 1 153 152 22 145 123 1 85 137 114 11 186 8 159 154 160 51 1 1 168 0 1 1 8 0 53 176 6 172 123 186 83 111 0 137 143 52 156 32 0 1 1 69 1 
0 117 1 1 0 19 58 0 95 186 103 0 185 91 190 1 13 0 135 0 1 1 121 182 0 28 0 8 104 21 4 193 77 173 185 0 141 79 11 0 190 81 182 55 1 106 95 57 1 57 1 23 119 5 186 0 0 126 3 19 0 7 0 1 0 178 2 193 81 177 184 1 162 46 157 123 1 31 1 108 1 0 1 181 32 180 117 147 89 114 0 1 99 89 56 1 1 177 84 13 
180 168 1 72 95 89 105 56 23 167 0 177 175 1 1 0 5 0 71 88 0 188 0 1 43 128 17 151 156 1 105 150 1 162 119 130 38 91 0 1 42 26 180 3 85 0 160 125 115 24 110 151 146 148 174 0 145 161 1 85 48 103 141 16 0 170 0 167 0 144 78 54 128 0 129 179 145 79 163 0 0 0 0 1 137 1 84 193 131 158 0 1 158 92 186 178 136 67 113 108 
115 122 167 60 89 23 110 97 1 100 196 45 0 138 159 64 148 87 55 78 112 113 25 118 3 0 191 59 131 26 0 1 185 122 107 1 0 180 15 139 1 198 153 26 0 0 152 63 141 157 1 1 50 1 1 0 111 44 191 12 82 44 171 0 1 187 40 0 177 0 32 0 105 86 0 192 0 142 136 53 122 1 95 0 0 71 109 37 80 99 197 42 142 0 144 112 113 162 186 65 
0 0 1 57 16 4 74 158 122 50 1 93 0 0 125 9 163 119 165 104 1 4 106 111 113 33 83 149 190 149 33 11 1 84 121 1 116 125 22 173 45 1 100 165 1 75 1 45 100 44 53 1 166 51 53 0 0 196 183 31 113 18 0 3 108 102 42 150 39 6 163 0 136 0 186 163 1 176 64 9 46 146 156 66 0 31 0 103 188 30 56 0 83 118 0 6 0 110 114 26 
24 117 75 175 1 39 19 114 188 0 91 37 53 152 149 1 158 191 107 102 126 1 1 179 87 177 154 0 13 185 21 160 74 52 26 129 1 25 0 95 36 4 82 115 1 182 53 0 109 130 89 48 101 87 145 16 71 37 17 155 164 19 51 149 176 97 168 38 187 0 1 175 1 4 113 29 24 1 93 104 116 94 180 1 157 0 74 0 142 36 71 100 1 91 0 173 1 0 164 134 
0 1 76 0 130 54 114 105 51 0 28 55 138 155 82 31 77 0 23 47 49 55 54 31 85 155 1 71 169 15 135 3 37 115 1 59 0 106 121 54 75 178 104 1 11 111 1 176 1 39 160 120 52 108 179 1 81 12 105 0 191 136 0 16 183 171 14 84 94 0 0 157 37 40 0 140 21 188 0 5 1 7 116 110 81 40 0 0 150 152 1 20 191 0 189 0 1 87 1 0 
1 0 5 83 86 119 0 1 0 119 165 114 24 15 1 80 30 52 180 0 53 17 1 8 3 80 0 1 0 77 190 136 44 73 58 181 1 194 0 72 110 148 124 154 174 180 64 138 52 197 77 86 93 146 178 170 169 34 172 28 1 169 1 1 189 57 121 82 8 59 1 78 22 10 42 1 80 98 101 142 0 103 22 15 0 186 99 0 99 164 1 180 1 90 29 52 181 95 191 0 
52 185 0 92 89 137 107 167 0 51 116 20 34 21 19 137 12 0 170 44 163 181 175 128 73 181 1 105 77 0 65 0 66 198 48 89 192 119 28 77 171 18 121 126 27 1 59 41 89 30 199 1 131 11 190 1 61 26 190 33 93 10 30 96 111 3 146 0 116 60 123 1 43 119 30 11 38 2 82 85 3 0 1 32 1 61 102 161 0 17 191 156 184 49 0 190 0 119 19 166 
1 171 99 1 152 0 0 0 0 24 83 44 82 26 78 57 148 149 119 172 48 6 136 20 1 0 137 32 69 154 193 8 80 1 192 171 106 163 179 66 9 119 0 11 112 10 0 30 19 168 92 106 0 58 50 73 51 10 1 7 166 69 168 41 1 0 11 40 48 0 33 195 0 0 38 179 177 150 132 117 129 0 0 94 1 1 0 135 54 0 1 1 124 61 155 150 89 129 43 0 
111 139 90 196 159 192 0 152 130 22 144 174 1 158 29 57 1 0 185 141 0 88 0 41 104 19 0 146 37 1 85 60 169 133 88 158 149 172 93 122 31 179 176 99 1 51 43 144 89 68 194 40 150 136 0 1 187 132 24 1 69 34 156 1 33 158 57 122 0 114 33 2 57 176 83 88 170 92 1 133 0 80 133 69 1 174 1 1 1 49 0 137 123 1 61 0 26 131 2 111 
186 0 7 112 0 0 108 166 107 39 71 3 154 2 31 1 135 108 0 102 198 161 28 90 0 6 0 1 9 14 0 181 0 34 3 31 1 0 67 89 1 17 7 1 20 155 128 119 0 69 82 194 106 162 151 141 80 16 57 172 171 179 158 56 188 1 184 1 9 189 1 1 72 16 17 162 105 69 174 1 59 116 97 60 65 3 127 1 120 141 16 0 26 137 0 0 23 121 0 121 
158 4 169 118 0 113 174 1 141 28 5 137 77 0 78 1 139 149 42 66 185 168 95 166 0 84 119 87 31 179 192 24 72 179 78 9 136 174 198 152 11 177 49 12 53 57 93 105 189 1 0 8 34 69 1 1 7 53 119 119 0 1 112 1 129 2 165 51 5 197 167 52 91 58 52 0 126 85 185 24 152 137 140 1 0 142 64 70 110 0 154 148 0 158 73 0 117 80 0 30 
114 0 192 121 0 0 47 86 114 0 127 139 161 95 86 128 128 170 150 82 1 0 125 158 168 166 42 1 105 162 0 46 179 0 76 14 177 81 1 150 33 1 120 144 98 0 176 48 186 0 166 40 1 44 1 167 66 117 0 66 6 1 67 130 159 162 173 33 61 1 101 95 157 37 0 179 1 78 148 64 68 68 173 133 25 47 22 58 19 100 0 0 163 0 64 0 54 42 1 0 
68 118 1 195 138 158 110 44 0 1 83 48 0 0 0 65 2 169 53 131 19 164 4 130 3 120 75 15 107 174 85 71 185 98 1 123 0 197 72 180 94 85 7 141 110 162 151 115 127 1 13 1 49 85 190 0 174 0 41 75 193 80 144 1 0 170 17 158 0 93 0 112 117 57 1 0 19 0 126 192 132 1 92 126 172 140 66 9 51 66 143 49 113 197 0 1 16 17 169 91 
121 199 123 0 48 41 198 26 98 159 192 1 75 144 1 12 116 69 0 193 109 1 192 49 190 20 1 164 49 190 1 42 0 109 0 11 75 1 10 184 1 139 152 31 66 102 0 183 191 176 153 0 97 145 46 1 121 98 171 8 112 158 163 0 66 1 0 193 0 197 168 30 118 114 120 191 0 59 92 52 0 0 52 1 35 18 30 99 1 12 117 1 179 1 0 0 122 58 0 137 
184 190 1 0 191 73 65 80 97 26 3 141 119 123 94 37 161 185 164 62 194 116 80 184 1 35 1 168 119 72 130 105 0 161 1 160 1 69 170 67 76 122 0 87 13 165 36 64 59 45 22 87 159 0 146 0 96 0 94 189 163 86 148 29 97 183 157 178 172 121 89 0 134 0 176 152 0 119 175 49 1 1 0 155 57 81 28 3 10 90 37 139 63 121 114 93 0 116 6 68 
140 145 80 74 142 1 11 156 109 1 2 173 117 185 90 151 126 137 121 198 90 178 122 107 171 68 1 0 1 108 164 0 36 1 44 6 125 166 184 1 186 158 49 18 159 78 175 190 105 1 28 46 76 0 1 18 0 98 86 1 35 37 0 82 1 155 1 170 185 0 174 24 42 0 124 140 126 195 190 55 36 178 45 107 0 147 0 5 0 27 0 135 38 157 0 136 0 0 73 0 
127 93 85 0 14 0 145 20 31 189 190 94 0 20 1 176 15 1 169 117 75 139 142 1 29 146 196 153 79 78 0 1 193 120 0 33 152 0 128 0 128 130 183 56 56 0 185 149 154 164 159 57 62 1 0 164 185 67 172 53 62 13 62 51 44 25 55 68 87 65 0 102 162 197 144 2 108 1 19 59 186 0 61 179 181 137 124 10 1 1 16 1 195 170 92 170 33 78 0 1 
110 161 86 138 1 37 132 1 6 180 92 1 1 1 73 1 179 153 72 45 0 144 144 105 197 34 0 58 59 97 168 178 100 146 190 148 149 154 40 3 101 0 191 134 0 52 1 78 1 24 29 66 153 120 169 0 0 0 82 160 138 128 1 1 111 36 1 1 70 15 187 52 1 102 31 0 174 173 107 47 182 13 168 3 128 117 14 0 178 119 60 22 123 1 116 104 45 1 1 0 
