1
20
0 1 0 31 28 28 4 7 28 9 6 0 1 8 3 39 29 22 24 0 
1 0 28 33 20 1 37 6 34 13 18 34 0 39 30 15 19 23 13 2 
35 24 0 14 8 0 17 11 25 35 37 1 17 1 24 0 38 38 0 19 
38 35 20 0 0 25 1 20 17 27 28 13 26 12 5 23 29 15 6 20 
35 19 36 0 0 20 19 0 33 28 0 8 34 33 0 1 0 0 1 1 
39 0 30 28 4 0 28 35 23 18 0 3 16 1 36 23 0 31 29 18 
21 1 39 19 38 1 0 7 0 35 12 9 17 39 1 1 16 35 26 1 
0 0 0 6 8 22 15 0 20 0 0 5 27 0 26 12 1 29 1 16 
1 22 16 7 31 15 14 30 0 32 12 8 30 9 9 25 0 14 22 14 
6 17 21 7 0 13 39 38 0 0 7 1 0 4 23 18 2 0 1 17 
30 10 18 38 24 35 27 23 11 18 0 14 4 18 5 0 14 37 37 17 
1 1 28 36 0 0 31 16 26 30 36 0 1 34 0 34 26 7 2 10 
11 34 19 1 24 23 1 19 36 34 20 1 0 19 24 0 12 29 36 29 
1 23 5 11 19 34 9 0 26 16 0 37 13 0 21 1 24 1 33 28 
18 7 9 33 14 6 4 17 36 12 3 1 0 3 0 0 1 22 24 18 
6 38 1 17 1 0 0 1 0 17 19 0 38 4 30 0 24 34 38 28 
0 18 31 24 0 34 3 0 20 31 24 26 1 21 6 30 0 0 23 0 
28 14 1 0 9 1 1 11 36 24 28 1 13 39 1 11 28 0 3 15 
24 12 10 21 29 2 0 25 3 4 31 12 13 1 1 25 0 12 0 31 
25 28 0 1 35 9 31 16 20 17 1 31 0 2 1 7 0 36 34 0 
