1
100
0 87 160 182 71 1 192 105 69 4 1 13 67 149 56 0 1 67 53 135 123 5 10 32 198 177 1 196 52 0 128 16 186 20 123 40 0 0 46 40 0 188 36 198 180 79 98 170 44 1 58 195 144 1 71 193 0 173 50 85 1 1 1 63 16 0 173 14 78 0 1 1 169 64 0 22 175 79 0 17 1 141 160 120 1 0 12 88 157 104 41 27 108 40 1 150 34 0 21 95 
131 0 102 187 168 179 127 148 130 0 178 97 124 1 150 1 1 178 165 180 53 121 113 93 0 112 139 0 10 154 58 44 191 44 69 79 16 1 1 62 133 150 56 41 150 0 148 49 185 134 95 1 132 112 13 7 69 8 198 41 97 14 0 125 164 143 0 0 179 165 119 0 156 116 94 81 19 140 184 0 100 1 113 177 21 0 48 1 1 7 161 154 47 0 55 2 120 0 0 188 
133 180 0 140 45 1 10 98 130 1 37 95 1 57 102 81 188 0 0 53 51 3 35 1 96 81 49 63 112 26 0 1 88 152 58 60 71 16 143 142 46 196 190 1 17 86 49 0 186 194 127 1 174 167 125 151 74 29 166 0 70 124 171 1 173 1 151 58 58 20 139 1 22 28 11 114 9 1 172 125 125 5 32 0 184 0 30 146 158 113 4 0 15 138 0 150 13 66 141 196 
1 48 17 0 141 0 155 83 0 195 1 0 122 0 1 93 179 188 129 1 102 0 0 0 1 156 27 3 188 3 175 1 153 39 122 174 20 57 194 78 37 0 104 21 165 132 176 104 53 192 137 80 0 199 86 33 1 129 70 197 0 65 18 177 1 60 116 155 118 65 171 0 0 0 13 31 127 74 0 1 1 74 181 198 177 186 99 66 88 0 1 171 188 10 0 126 141 148 103 0 
47 25 96 125 0 58 50 126 165 0 79 65 24 101 1 1 79 57 0 85 65 195 42 135 52 136 0 1 105 74 11 108 132 72 0 146 10 87 36 155 118 90 44 164 185 30 42 149 128 179 78 163 0 14 26 121 131 0 65 15 49 12 76 171 0 0 44 1 128 0 29 47 67 189 69 0 64 1 124 0 0 28 0 136 192 1 173 99 86 134 0 93 53 51 167 198 172 101 23 1 
103 0 63 82 175 0 156 125 192 0 198 110 68 80 147 140 0 159 102 133 149 1 58 138 43 58 33 0 51 71 33 0 1 0 3 172 142 21 0 133 38 26 149 107 20 114 54 138 192 103 55 198 90 52 188 4 1 83 87 76 95 174 169 16 63 64 35 150 75 80 13 111 31 188 181 152 147 81 5 70 80 37 167 67 67 81 0 28 0 68 0 84 0 136 128 0 117 90 51 0 
41 122 0 1 1 97 0 120 0 99 87 0 40 14 89 158 180 97 0 73 169 43 185 163 1 46 90 144 0 125 0 130 3 178 1 15 88 1 54 35 96 0 149 1 193 1 191 136 107 103 0 147 30 47 0 1 190 151 109 72 42 138 13 174 0 91 162 142 25 1 137 188 180 37 0 135 1 143 65 0 33 1 136 1 140 1 133 101 77 100 185 87 0 85 175 1 71 0 102 13 
1 149 134 60 0 100 49 0 111 90 0 53 1 64 1 37 102 63 1 67 1 1 56 179 0 114 95 45 116 0 81 169 0 68 91 125 46 86 1 10 63 34 33 143 167 6 150 97 24 78 157 30 1 1 133 74 32 192 102 188 74 73 0 141 92 152 74 169 177 189 0 121 1 191 190 0 37 174 0 0 187 64 94 0 71 0 42 18 74 80 24 1 50 28 128 73 36 4 67 58 
1 0 0 1 0 164 55 0 0 179 0 102 24 170 131 6 44 71 78 29 1 1 44 137 0 60 84 139 171 59 1 49 165 0 155 81 17 11 90 167 63 199 1 165 0 126 43 0 113 97 92 1 189 26 197 175 82 17 48 56 98 126 1 180 191 172 86 1 112 185 1 0 92 168 0 1 156 10 187 79 1 132 0 182 27 0 177 1 126 0 119 133 1 90 136 62 71 86 11 25 
14 25 1 149 198 150 12 30 0 0 94 73 0 144 137 4 26 0 119 165 146 51 188 76 0 0 130 35 95 39 67 49 0 164 0 45 2 192 173 139 1 22 17 173 108 15 18 34 33 192 189 1 107 0 61 95 14 171 0 63 23 150 56 158 0 114 90 120 1 193 1 1 53 176 117 109 1 0 137 0 64 117 0 132 111 144 1 175 0 177 148 32 52 107 56 143 170 194 37 93 
0 94 11 41 1 1 62 1 123 141 0 0 125 1 1 48 105 107 194 0 1 51 193 114 113 44 30 101 148 76 126 67 0 135 1 33 175 10 0 1 0 170 164 167 126 32 81 46 191 106 171 100 197 1 96 0 74 0 0 158 134 31 149 9 173 46 178 1 148 1 1 106 1 31 19 32 59 55 0 97 1 29 192 172 0 179 72 126 32 1 108 90 0 1 28 197 98 24 104 149 
136 111 51 1 0 108 151 27 185 1 137 0 100 1 9 1 101 156 0 114 192 1 115 1 0 81 9 1 1 195 35 19 122 73 1 146 28 154 122 7 49 75 109 20 137 151 95 45 73 56 52 76 10 161 100 1 0 73 82 0 0 1 45 23 1 159 1 1 113 9 143 17 180 0 1 28 88 60 180 81 103 60 194 45 72 38 92 9 123 48 160 66 45 1 0 197 176 196 0 70 
1 111 75 105 26 97 197 10 1 139 1 105 0 1 181 0 20 127 103 63 0 0 162 84 1 178 55 192 197 1 150 44 1 134 163 170 97 99 2 85 182 46 77 91 74 24 77 30 144 170 47 37 125 1 156 0 0 30 1 122 1 0 179 40 8 155 77 59 31 181 127 172 113 104 42 0 117 193 150 100 58 1 0 164 0 177 95 165 72 48 23 119 65 133 144 26 1 1 1 68 
1 18 90 0 158 1 135 107 113 103 120 0 71 0 144 1 176 0 0 57 0 139 120 0 103 121 91 13 27 180 115 174 189 24 27 68 0 29 8 161 107 101 0 18 101 189 169 0 139 180 0 0 159 123 128 1 174 38 77 73 193 96 77 160 1 0 30 60 69 8 50 104 47 0 104 54 79 0 179 59 199 119 0 0 175 33 95 1 189 92 171 190 51 148 139 149 76 156 59 175 
34 0 165 0 91 46 124 38 150 0 38 141 3 86 0 139 1 1 36 14 175 40 0 65 151 10 56 6 90 118 22 1 50 183 1 0 1 0 75 18 139 66 34 54 47 192 188 70 41 1 10 1 0 1 198 97 0 54 73 140 1 152 164 0 105 101 80 125 82 152 168 17 176 134 175 198 109 52 57 31 0 72 193 40 99 48 136 61 55 1 76 105 96 0 76 0 101 0 1 0 
13 48 124 184 42 1 9 48 0 13 1 88 184 121 1 0 130 182 40 23 166 145 67 162 127 170 117 97 113 175 161 21 1 61 18 80 135 1 63 12 0 0 168 69 37 162 0 105 169 102 84 156 68 75 161 93 50 186 21 114 196 159 115 50 181 66 29 114 154 134 41 18 78 1 165 148 101 96 14 81 158 78 119 25 100 89 94 0 179 86 135 67 146 1 51 103 1 68 157 1 
152 103 167 22 182 43 67 21 57 82 82 199 149 20 27 101 0 0 106 140 69 20 66 139 32 186 74 30 52 155 85 0 39 183 0 142 50 114 0 100 166 125 105 148 178 175 0 171 111 188 181 34 85 106 9 144 82 166 199 1 1 4 95 60 45 188 161 146 194 0 106 10 103 173 1 94 185 33 3 0 150 1 102 110 176 189 0 109 26 0 145 127 0 79 125 129 47 90 1 103 
1 184 54 143 127 1 5 155 191 92 1 0 96 166 150 1 83 0 27 60 194 95 199 139 0 32 174 116 27 1 162 194 1 6 21 134 186 188 1 166 1 29 63 26 139 36 123 49 0 13 22 0 1 120 61 49 34 26 1 178 21 1 85 56 185 117 113 151 172 188 86 74 156 169 1 0 0 0 49 76 31 0 126 25 0 78 121 7 53 56 125 0 142 91 70 175 128 111 25 18 
63 124 71 35 37 0 129 5 63 173 50 1 19 37 76 164 176 44 0 1 165 29 147 1 1 35 139 130 139 105 1 91 25 122 48 107 95 142 14 1 28 181 0 2 112 128 20 185 53 40 0 74 120 143 153 135 70 20 168 144 51 14 57 88 131 74 1 197 118 109 1 58 127 188 1 86 104 126 172 178 0 0 188 104 99 73 0 16 96 34 91 154 78 117 22 11 1 197 1 0 
197 81 178 151 148 76 1 19 144 57 112 197 8 94 62 7 34 135 66 0 28 3 1 4 74 74 71 130 1 0 1 1 1 0 128 57 140 155 146 162 27 127 143 92 0 161 135 10 144 198 65 180 68 28 11 108 160 187 0 1 146 145 129 51 163 61 126 20 139 60 48 97 162 37 30 53 59 0 1 15 1 0 53 26 31 155 73 1 22 13 46 1 107 80 78 132 16 63 0 86 
37 104 155 55 134 109 75 24 135 1 158 54 1 1 35 64 36 88 53 1 0 14 71 95 15 0 56 184 123 68 192 178 0 197 1 115 185 55 98 108 131 0 105 133 159 0 199 1 1 126 87 90 48 22 80 0 185 115 12 178 10 1 150 187 31 165 194 193 117 61 148 62 68 150 0 135 152 87 1 55 1 149 0 1 23 105 12 35 1 43 20 1 163 40 50 93 0 124 0 1 
61 1 1 1 126 2 123 174 126 0 10 22 20 26 185 0 165 0 121 67 60 0 168 0 10 172 68 193 140 1 1 18 138 112 165 162 159 151 26 151 41 180 1 0 182 184 44 32 1 88 61 175 84 114 26 121 23 0 1 183 154 199 17 24 1 166 0 113 79 0 80 37 13 60 90 110 102 140 12 41 70 61 156 25 0 118 122 46 142 1 122 76 0 0 13 83 39 87 121 1 
143 0 54 77 56 12 176 0 181 0 123 174 84 162 5 2 103 54 106 17 104 131 0 193 71 47 106 98 0 9 63 188 0 2 132 36 16 174 116 178 76 178 0 1 52 31 141 137 122 129 111 87 1 193 142 1 105 167 127 1 138 69 196 1 184 192 130 50 64 1 172 0 122 111 186 116 107 0 84 46 154 191 0 141 159 95 193 156 104 0 111 2 164 44 198 76 0 29 132 0 
0 63 195 84 128 79 173 163 86 178 59 87 172 118 74 117 1 55 1 90 0 143 0 0 145 54 1 34 90 182 19 66 146 88 62 78 133 16 33 157 0 45 65 33 1 15 96 171 1 67 191 114 131 121 122 0 133 65 165 179 1 190 1 29 183 24 139 98 109 180 116 152 104 1 141 186 113 98 1 1 132 95 131 72 23 1 0 134 34 1 0 155 0 0 35 106 1 130 186 81 
173 0 188 0 120 2 35 62 1 50 150 31 70 1 1 13 164 36 137 1 50 39 158 0 0 0 192 149 195 51 38 1 1 149 22 35 40 21 1 47 1 44 37 16 1 1 12 0 33 118 179 199 71 77 1 1 111 1 1 84 0 124 78 144 1 43 1 177 0 143 109 160 0 20 174 90 1 175 103 1 192 70 79 85 161 0 199 0 1 67 26 0 171 115 45 0 104 137 0 153 
106 109 92 17 1 1 1 67 75 68 89 1 13 155 16 189 187 131 28 14 51 101 22 188 1 0 76 173 16 154 0 1 50 177 44 41 68 15 1 173 99 177 58 140 62 99 96 52 192 44 197 104 192 39 0 133 186 1 0 0 139 192 37 107 43 56 0 22 196 10 167 72 1 151 118 51 51 69 64 92 5 34 38 104 2 7 16 54 64 185 189 41 140 7 192 1 0 149 14 23 
189 8 0 187 5 73 29 1 148 170 85 88 144 1 145 1 194 35 0 52 197 0 191 162 0 129 0 30 183 1 0 38 175 78 47 14 147 170 189 58 1 64 112 0 167 35 185 122 1 83 79 61 6 168 72 1 0 1 0 73 1 124 43 105 31 30 49 98 0 44 126 73 180 131 184 1 176 0 186 192 0 96 172 101 135 190 79 98 155 127 63 123 0 103 117 156 174 74 33 32 
52 45 67 190 1 154 91 1 89 95 157 58 0 134 91 180 141 0 56 190 169 136 47 198 42 72 27 0 11 69 196 39 14 0 157 1 16 97 191 0 101 117 0 123 131 51 133 0 9 152 157 0 146 162 125 59 90 1 155 75 1 0 79 0 0 130 183 168 125 175 173 16 92 132 14 74 107 134 44 86 11 81 83 150 49 143 95 1 56 185 110 162 148 0 0 132 139 98 1 26 
0 1 129 197 73 18 98 1 0 113 109 48 1 81 147 34 31 142 0 0 147 0 75 138 1 0 158 135 0 74 136 113 13 98 21 130 143 65 0 1 87 118 128 111 194 188 1 0 198 154 39 1 1 183 113 172 60 193 147 67 147 123 60 128 0 42 111 0 70 79 171 148 95 0 164 85 127 119 16 0 33 87 1 128 1 0 128 49 82 140 82 48 77 10 124 0 0 68 1 7 
37 0 0 0 113 170 11 5 67 139 111 15 30 1 41 100 0 152 1 1 1 131 120 64 73 36 135 193 0 0 122 1 50 0 15 1 43 185 17 156 19 174 82 102 49 0 108 179 104 95 95 169 0 59 129 0 40 194 123 146 111 61 183 19 135 150 51 30 88 91 160 16 123 28 1 36 25 10 198 50 33 149 0 1 0 132 179 3 0 0 123 88 0 70 0 190 0 26 49 103 
0 66 0 31 15 29 1 16 1 92 156 0 8 135 32 1 129 101 0 178 49 105 150 0 21 164 14 141 10 103 0 1 110 0 151 77 60 0 185 0 74 155 28 51 115 97 64 1 10 149 169 46 1 191 152 52 143 1 125 31 25 91 86 10 79 73 191 102 194 31 59 27 58 64 1 19 1 23 99 5 54 127 0 65 15 135 190 179 118 150 84 26 88 0 68 129 0 22 1 27 
35 80 42 182 158 0 198 176 84 0 72 148 1 78 1 29 0 68 191 65 14 34 130 1 0 181 51 26 0 160 27 0 67 188 30 1 24 106 0 191 58 180 0 111 122 196 0 1 178 108 1 88 1 82 1 64 185 176 111 67 150 1 163 143 147 192 63 1 43 41 173 80 137 0 0 88 0 17 32 161 1 164 0 1 117 165 76 32 110 23 57 154 129 1 103 0 61 141 0 127 
117 0 168 1 0 39 103 36 1 0 140 38 42 40 45 1 89 19 172 44 140 35 138 87 0 157 109 72 151 143 80 163 0 92 0 136 19 28 9 185 0 14 61 1 152 166 0 162 49 173 103 52 26 28 182 185 173 0 22 1 143 4 75 1 111 151 41 104 1 109 81 23 15 122 6 166 85 178 63 67 29 87 1 147 0 59 1 63 196 71 97 67 0 0 1 143 1 0 1 88 
132 22 14 36 30 133 0 128 143 161 60 89 135 1 153 112 1 116 0 0 136 83 88 64 84 1 178 0 18 190 131 147 126 0 198 0 139 98 1 196 1 80 123 93 35 110 178 186 0 158 106 1 186 171 55 87 26 188 0 40 115 1 178 32 137 122 0 0 1 39 1 0 0 64 23 125 132 113 1 9 123 34 132 190 0 109 84 163 1 20 35 181 151 1 1 197 196 34 165 1 
110 1 112 0 145 1 147 19 0 180 116 13 121 0 104 0 0 130 175 59 99 130 165 148 97 46 1 68 25 159 1 122 115 154 0 42 92 1 115 160 173 21 31 0 24 194 35 173 83 0 97 181 113 46 169 126 43 43 19 0 189 1 149 166 115 64 35 27 15 175 156 110 41 114 0 113 100 139 183 90 102 89 1 61 153 23 115 135 41 164 37 0 88 0 59 38 47 1 163 90 
138 49 142 0 135 159 88 41 118 0 0 173 77 133 65 0 83 0 165 27 1 15 78 32 115 99 112 35 1 0 1 1 21 117 40 0 136 0 6 0 11 63 1 55 145 140 151 0 41 134 187 135 187 122 56 0 173 0 199 37 4 0 99 42 15 43 63 0 29 36 0 3 8 52 1 102 1 56 187 1 197 109 174 1 195 25 39 1 113 141 192 0 146 95 0 84 47 0 154 0 
131 85 156 124 158 0 61 12 121 24 1 13 184 25 0 1 0 94 93 38 54 71 70 21 1 1 1 46 1 192 123 0 26 1 0 1 0 1 38 192 49 163 187 155 128 78 61 12 102 70 137 137 15 45 3 154 136 16 1 0 29 173 82 164 0 61 81 63 22 92 112 191 108 138 165 1 70 1 51 150 101 43 51 124 1 93 191 1 121 4 128 159 95 0 112 180 180 135 183 168 
1 173 184 0 1 45 23 13 39 59 78 0 163 0 16 94 33 165 48 0 0 0 66 19 119 0 0 167 151 34 110 0 91 0 67 102 118 0 31 71 195 17 182 132 0 75 26 25 1 45 191 84 30 0 1 1 173 151 161 129 135 145 42 1 171 1 187 1 0 2 80 45 134 83 38 178 97 36 155 1 0 0 93 10 116 55 127 144 98 1 0 149 102 1 141 53 0 54 37 12 
166 75 0 121 0 180 131 1 142 96 1 179 195 149 198 198 1 129 198 78 6 102 111 135 56 99 1 73 0 76 19 0 140 1 189 22 124 0 0 1 1 46 174 55 121 96 1 193 115 173 34 157 180 56 49 0 91 45 0 152 147 103 0 176 190 102 15 138 5 1 175 65 194 1 194 196 61 0 2 14 192 176 147 1 175 83 155 180 159 93 1 95 1 73 141 7 125 40 12 181 
61 11 22 17 1 161 68 94 70 32 34 109 170 146 0 148 119 146 122 175 140 1 185 108 79 80 158 31 38 7 59 139 0 107 64 84 188 72 90 0 23 1 13 36 2 64 7 115 1 68 199 168 96 172 182 138 145 122 5 141 1 85 165 2 61 1 113 99 55 1 174 116 121 112 1 1 151 0 110 76 86 96 66 149 82 1 176 91 89 92 138 62 170 1 0 126 118 48 55 104 
36 27 0 29 0 0 46 132 115 7 0 128 3 107 124 107 10 109 0 34 175 0 110 72 147 96 188 90 163 95 161 126 174 121 186 1 30 19 0 125 0 33 26 0 89 150 168 0 10 174 42 155 111 123 37 97 132 23 103 1 46 197 158 9 38 130 1 174 32 1 1 0 20 134 171 99 1 92 46 141 77 1 25 199 181 67 107 37 152 90 142 42 51 178 143 79 46 61 75 0 
133 139 70 120 188 132 1 136 198 156 0 68 0 13 187 1 46 75 1 66 117 162 88 84 33 141 95 74 198 142 36 198 68 59 46 41 123 162 69 0 183 0 1 150 0 137 22 134 0 137 1 178 185 119 69 180 9 0 182 73 38 88 125 52 31 80 113 68 101 60 0 75 181 30 161 137 119 194 162 16 0 0 70 0 6 84 199 159 106 0 40 98 0 0 100 45 0 37 132 0 
8 104 187 164 3 54 30 153 3 60 1 14 98 53 44 167 13 18 167 120 0 88 195 98 102 100 145 24 18 111 169 143 1 59 1 59 134 187 40 0 184 163 0 164 0 30 0 20 68 124 102 26 71 1 156 126 15 83 1 1 1 46 147 1 1 5 0 15 3 186 27 28 107 1 106 122 0 44 36 0 24 1 7 70 100 1 77 4 1 189 178 61 67 149 171 83 0 158 199 163 
0 94 1 154 148 138 177 11 87 1 0 0 148 39 5 95 196 91 86 115 124 130 27 140 47 119 0 52 12 0 41 145 132 115 0 25 113 198 59 109 1 22 1 0 114 154 54 14 0 29 97 0 196 126 0 34 41 157 36 34 0 7 0 189 75 61 179 0 11 43 180 47 20 31 0 23 184 96 95 56 56 156 30 147 11 1 199 60 97 45 1 118 28 140 9 142 7 81 89 78 
0 56 0 45 0 154 5 127 30 123 167 158 0 99 181 1 95 109 123 38 101 94 181 18 132 1 74 49 97 35 41 130 152 58 20 56 126 147 0 0 0 15 1 50 0 70 1 124 154 74 97 57 156 172 31 138 17 17 0 193 35 44 137 193 139 96 2 109 112 114 12 0 54 53 144 132 0 69 140 56 1 17 1 170 14 52 40 34 27 74 1 192 77 135 105 154 188 131 106 127 
143 1 0 1 146 1 74 171 44 121 158 56 42 8 1 4 35 114 7 56 27 1 1 0 5 148 67 68 129 70 129 39 42 77 54 173 1 1 136 80 49 11 68 164 0 0 147 65 1 18 41 103 138 119 86 103 1 148 136 151 159 0 35 81 15 0 0 157 113 1 110 85 94 25 97 138 159 192 109 82 27 154 170 0 17 3 30 1 75 144 184 87 155 120 147 69 1 1 1 101 
186 44 26 0 160 13 0 0 0 1 120 189 131 69 132 146 198 156 31 64 143 67 96 0 0 1 66 29 117 0 1 167 65 106 1 97 199 16 45 188 127 1 41 129 59 123 0 1 94 114 32 0 0 136 128 2 60 137 13 171 76 191 0 155 127 84 67 23 1 137 13 39 186 1 1 135 179 21 0 0 82 130 136 185 129 192 85 105 56 91 51 155 134 104 96 0 131 112 24 171 
69 197 160 1 0 1 1 70 52 122 91 82 53 196 1 132 103 108 153 158 1 182 56 49 56 0 101 42 175 0 121 32 146 101 188 31 0 103 147 25 97 62 62 0 0 31 0 0 0 46 175 1 36 63 0 67 104 0 112 70 129 132 2 127 16 54 0 1 72 125 57 17 55 99 198 0 180 174 8 182 155 28 8 25 59 168 150 52 140 89 0 122 178 167 45 199 0 0 170 165 
121 14 0 0 119 37 155 1 169 0 158 64 1 11 37 0 106 33 112 74 160 137 97 85 167 80 123 116 161 108 120 126 185 44 84 25 1 117 118 106 0 0 0 145 178 101 0 17 0 120 148 109 0 186 58 52 115 97 1 125 73 158 1 1 187 137 149 174 12 0 1 105 181 82 1 57 1 141 0 0 1 25 17 137 1 178 98 82 56 147 52 0 37 28 78 59 1 21 163 146 
91 13 29 1 45 0 1 154 160 49 1 35 13 175 170 99 101 171 1 72 92 64 1 1 189 170 0 19 1 2 0 186 54 0 15 163 1 28 73 105 68 137 58 165 73 0 117 175 181 0 84 179 113 45 6 19 1 52 7 1 95 87 90 154 33 107 145 165 127 0 129 82 27 148 47 1 54 65 35 179 16 170 0 67 151 23 64 51 91 116 91 9 75 27 197 153 55 141 113 96 
27 1 129 196 69 157 106 193 125 94 152 196 14 112 62 133 49 88 0 1 128 10 99 5 36 17 18 88 148 140 103 75 137 0 28 20 0 1 0 67 1 0 195 133 1 135 177 126 147 80 0 1 78 0 35 63 155 86 1 183 32 1 183 72 132 20 0 193 34 0 118 18 166 112 50 18 1 86 3 118 96 176 91 157 32 81 1 143 1 2 126 156 61 70 0 0 175 73 1 179 
63 16 168 90 176 0 130 198 184 163 86 75 179 198 55 81 187 45 1 12 142 21 154 1 0 99 183 183 73 0 1 134 0 13 12 0 198 110 151 0 92 187 117 102 130 169 1 0 12 80 0 0 1 1 51 1 0 179 193 83 183 57 125 181 161 105 11 20 72 71 156 82 57 166 37 100 1 85 6 1 195 76 0 177 199 191 82 129 39 53 41 105 162 87 29 16 190 22 0 0 
152 0 62 167 164 113 0 185 94 89 132 0 1 185 16 196 53 0 0 109 137 143 67 27 82 105 63 0 71 148 66 95 98 131 113 13 34 0 0 1 132 156 0 14 47 0 173 105 0 124 77 59 0 105 157 139 55 1 35 118 69 0 112 85 60 99 104 163 40 174 1 106 87 0 105 26 147 78 125 148 161 176 100 5 0 2 0 162 65 173 3 173 187 1 111 76 0 139 100 140 
1 175 0 94 155 113 35 0 187 1 185 136 176 1 84 114 1 57 33 0 183 1 1 179 0 25 140 179 7 0 0 76 120 56 1 89 107 1 89 21 6 43 107 159 32 28 42 1 1 67 168 186 119 0 1 198 126 113 146 198 90 0 1 79 189 172 135 74 79 69 131 110 125 173 151 50 1 161 173 1 130 0 42 117 194 115 193 173 0 1 0 62 184 139 192 157 24 3 68 190 
0 113 72 175 59 173 0 0 163 0 25 40 67 185 181 1 159 17 111 30 1 114 106 165 152 35 0 126 71 98 58 1 186 76 1 6 19 164 82 161 163 77 36 69 143 10 77 18 133 60 80 148 1 91 0 13 82 183 170 193 159 51 45 74 82 25 147 74 53 155 69 0 121 10 1 1 1 0 195 104 144 30 46 185 27 153 45 149 25 24 42 52 0 191 126 173 40 12 82 1 
178 153 127 32 105 110 0 178 179 0 70 138 125 155 83 96 84 0 0 85 1 114 0 12 64 98 22 118 51 1 0 191 29 185 117 95 46 60 126 45 182 138 7 82 31 167 66 1 127 195 1 53 1 130 93 0 56 0 9 154 91 74 85 94 109 39 52 72 127 136 12 43 48 131 124 0 1 109 142 1 0 16 121 109 1 118 67 95 156 55 0 18 0 1 104 0 163 73 20 0 
138 46 9 0 64 1 1 76 11 102 46 0 35 72 0 13 128 4 0 94 156 17 186 29 67 14 177 60 1 107 105 6 45 0 6 12 97 64 53 1 1 62 21 149 49 0 0 143 0 1 0 108 54 0 155 127 0 25 144 46 40 0 197 147 187 1 124 16 25 45 0 192 0 0 71 193 22 0 76 108 0 165 86 10 0 1 119 0 25 0 0 0 119 1 131 143 179 148 86 59 
1 50 10 48 36 1 56 1 132 152 172 1 120 76 137 152 1 1 1 0 117 181 169 47 122 164 3 1 108 153 56 35 134 145 1 104 177 0 0 55 128 0 180 1 28 148 70 89 131 0 185 195 130 121 1 14 177 0 186 75 1 0 0 1 110 127 91 178 87 108 108 58 119 15 131 16 106 1 1 197 146 26 0 1 1 1 168 1 0 1 1 94 0 164 43 51 0 105 85 198 
106 179 4 8 73 8 160 137 110 67 0 16 171 193 1 117 178 23 0 46 148 1 77 94 100 113 105 125 64 26 139 132 1 33 0 58 76 0 1 28 0 0 172 3 6 23 51 167 0 178 105 162 9 72 111 101 181 76 0 139 71 50 89 192 109 57 145 29 120 79 96 127 93 1 74 1 59 70 51 105 182 179 105 67 26 196 1 1 1 1 0 193 144 0 133 82 185 98 124 26 
183 175 139 167 110 24 42 0 81 14 156 127 126 75 0 1 1 137 1 79 1 70 1 89 51 38 0 101 17 116 62 160 25 94 147 79 1 190 182 108 195 83 66 1 66 0 165 1 0 26 77 44 153 14 57 38 196 103 176 0 119 30 79 0 73 1 1 89 47 94 199 145 1 42 1 68 25 34 0 156 119 13 37 176 0 1 85 0 0 0 71 62 39 152 188 38 77 166 0 66 
114 1 139 126 63 1 48 190 176 91 54 191 141 62 1 1 165 55 149 194 0 127 128 0 136 21 86 0 96 178 48 163 82 32 1 0 17 170 60 53 53 1 107 92 83 154 191 1 92 98 86 1 157 1 1 153 164 4 135 67 0 39 198 102 1 79 24 139 8 1 108 8 103 5 118 97 81 54 175 40 115 1 37 81 26 16 88 6 24 116 4 39 93 109 1 116 85 0 0 34 
36 63 50 0 189 1 15 179 169 1 150 167 107 0 66 0 189 159 61 1 130 0 134 183 72 51 114 0 166 0 0 76 0 80 1 8 0 15 38 91 131 22 91 67 56 0 188 0 43 71 1 44 1 83 122 25 176 0 45 157 88 0 139 87 83 118 102 151 103 139 196 76 98 164 66 1 13 28 1 0 99 113 133 29 179 176 1 185 198 145 198 1 0 45 42 132 118 24 85 0 
16 128 52 8 116 14 149 1 1 17 57 40 26 157 76 127 124 143 162 110 0 19 61 72 50 0 0 35 1 0 150 75 27 65 40 107 19 105 1 1 1 102 77 1 105 1 122 38 1 32 0 1 22 5 1 61 168 0 136 96 196 158 0 11 171 189 1 51 0 98 118 93 186 148 174 1 114 156 17 0 39 147 80 1 1 0 132 136 0 150 0 0 106 86 1 65 0 56 1 137 
1 1 105 105 145 79 186 0 189 61 4 61 0 164 44 96 15 55 5 44 97 181 25 138 63 175 109 1 0 196 4 48 46 0 119 80 160 172 185 50 133 159 120 35 129 54 1 94 189 75 197 121 59 0 39 1 2 24 147 23 111 191 88 0 182 141 0 0 107 9 185 114 39 176 121 128 0 31 4 187 136 21 189 0 0 12 38 144 1 79 170 98 1 129 145 14 30 29 61 90 
16 109 18 57 93 2 85 180 28 193 156 115 194 64 101 147 18 108 197 0 1 85 158 26 0 57 111 102 1 69 146 21 0 1 158 23 74 84 191 182 79 79 58 0 167 1 27 1 0 39 24 62 191 136 25 107 76 171 0 166 183 163 1 55 0 12 21 103 110 0 13 162 120 132 14 62 1 45 118 0 25 193 38 193 129 66 91 117 101 154 11 39 54 57 13 176 133 0 192 0 
58 108 1 162 194 185 171 0 148 1 36 151 90 13 149 0 87 106 0 1 144 0 26 50 152 33 109 22 77 158 160 128 192 97 167 99 1 69 1 105 0 31 172 121 0 31 7 193 2 69 0 1 1 1 5 102 143 166 161 83 160 75 1 0 80 0 115 182 165 1 163 0 178 35 11 66 185 134 79 89 71 0 173 97 107 66 36 59 166 1 42 0 98 4 75 51 76 27 106 178 
105 45 0 1 109 188 93 134 153 0 0 1 45 103 161 1 92 48 0 92 0 175 136 9 91 79 0 67 1 37 77 22 57 100 81 86 196 137 102 13 112 146 150 123 0 1 3 139 65 0 68 0 166 1 169 108 1 16 94 155 39 112 77 18 9 153 0 184 110 25 102 11 148 150 158 145 1 135 0 15 1 194 116 156 53 1 188 154 119 1 1 161 82 16 53 40 149 134 107 119 
8 180 75 1 34 150 1 37 0 31 0 89 128 1 128 55 191 3 192 0 61 1 176 25 31 64 0 1 38 11 167 194 102 1 106 0 1 127 188 106 0 49 93 1 1 29 8 0 103 0 163 51 0 16 1 2 106 0 69 1 162 188 1 145 80 193 21 0 142 0 159 39 189 16 104 1 59 18 100 1 138 1 1 27 131 144 176 0 136 117 28 184 21 170 0 102 3 150 106 168 
61 89 63 112 101 181 76 150 52 82 1 1 165 4 0 6 0 160 176 7 0 1 1 1 157 0 123 0 0 109 44 92 0 166 1 56 72 51 75 31 164 107 1 1 84 28 156 1 111 136 170 68 2 196 27 143 148 74 0 176 119 21 0 36 0 141 150 149 0 153 79 183 1 53 173 0 157 40 0 163 114 61 0 1 3 1 30 0 1 29 0 42 134 1 139 198 147 1 70 1 
83 144 119 95 13 1 87 1 181 32 120 9 0 61 60 199 194 0 194 62 142 27 96 11 14 0 43 104 39 105 166 98 180 140 187 9 148 1 154 23 71 179 0 11 64 81 109 7 1 122 17 122 86 59 17 50 100 3 191 16 95 21 112 129 1 83 1 121 81 0 89 98 73 24 51 28 199 1 191 0 19 94 45 13 1 139 0 11 70 127 5 101 165 173 117 28 25 97 89 0 
133 15 135 0 1 1 89 81 13 0 0 41 170 16 0 185 38 177 0 92 179 96 14 64 69 99 167 160 137 173 111 193 1 1 113 75 72 108 45 164 12 64 108 6 23 1 114 60 24 159 148 105 94 21 1 126 1 108 1 119 79 1 1 25 0 60 106 0 181 125 0 29 0 48 0 0 130 0 50 10 35 17 160 0 102 112 124 93 12 185 84 33 1 20 1 159 0 1 152 29 
34 49 56 188 30 177 21 119 176 124 55 32 104 110 50 1 137 85 15 14 194 42 128 101 137 129 13 0 166 1 108 25 76 147 13 33 22 196 141 1 71 35 39 61 45 162 133 0 98 6 0 64 143 192 199 46 53 14 198 0 182 132 90 178 2 0 15 15 142 0 78 0 61 113 41 19 42 1 20 123 79 1 145 94 1 99 1 27 16 179 80 1 65 77 115 83 184 58 139 51 
172 111 1 156 163 180 106 42 14 1 1 66 129 173 121 180 172 145 77 57 136 194 0 37 114 174 39 168 2 68 0 75 154 76 91 0 1 128 102 12 30 69 0 53 179 1 97 0 1 74 1 0 65 1 0 130 1 187 1 187 0 189 1 6 156 164 187 105 138 43 167 198 0 147 105 194 128 66 164 92 103 5 151 191 99 193 130 13 172 3 150 182 0 90 42 1 44 108 198 162 
138 34 84 133 0 70 47 68 0 76 0 63 195 139 19 117 41 147 38 126 26 1 0 68 188 81 95 136 1 164 184 164 8 25 86 0 0 72 22 56 41 92 89 103 10 6 26 140 0 12 42 2 66 63 28 116 0 104 184 95 104 194 1 79 129 107 131 1 61 82 181 46 184 0 122 196 44 49 114 0 0 94 158 38 83 0 114 152 46 155 0 0 31 0 125 1 1 141 127 131 
12 33 132 45 180 154 0 43 169 1 47 130 166 159 87 160 109 2 2 191 4 182 139 186 65 0 176 155 133 1 0 0 85 67 78 134 1 0 18 80 104 138 25 93 188 59 1 10 14 32 53 0 81 34 103 134 162 195 170 128 1 135 0 101 104 1 138 179 0 0 122 0 33 25 0 196 101 26 21 194 153 42 99 5 0 100 0 1 2 13 51 155 129 196 35 1 57 152 0 103 
146 0 160 77 106 6 180 127 75 0 2 1 18 26 151 0 156 71 0 27 16 89 0 99 77 25 71 0 102 1 91 0 0 1 0 104 97 175 55 32 1 96 30 105 0 103 107 1 73 51 101 124 4 94 114 117 82 185 52 128 0 90 23 132 1 88 146 163 149 140 1 165 79 167 188 0 8 112 87 1 72 62 92 0 55 157 181 124 90 15 34 68 188 0 1 105 140 140 74 0 
84 21 56 103 162 0 71 0 8 35 108 93 167 66 131 183 135 133 154 194 20 139 90 1 154 109 0 0 110 184 76 48 0 115 123 149 11 190 136 0 39 54 33 133 133 129 182 150 52 30 0 166 5 25 34 0 120 157 170 136 17 196 70 82 185 179 188 144 131 81 164 1 0 59 1 1 0 102 0 99 19 57 1 43 163 37 113 195 70 0 1 177 150 62 68 156 1 86 70 22 
109 90 0 89 1 58 169 130 21 52 152 165 46 101 198 1 187 1 190 63 0 13 49 0 158 43 1 1 0 0 78 1 0 0 143 23 1 0 154 1 178 92 101 186 46 1 15 172 198 153 3 33 1 198 197 181 74 0 103 61 0 29 61 72 1 1 158 83 142 177 189 0 23 189 1 120 192 0 80 0 152 147 81 3 124 52 61 193 177 1 109 0 76 0 131 161 0 80 59 0 
108 40 84 137 1 44 129 1 7 45 1 11 56 176 1 28 1 54 28 1 75 25 164 155 153 0 86 189 145 114 158 67 12 30 136 185 125 0 1 56 131 121 1 1 57 101 1 0 120 0 96 4 176 0 50 13 80 1 0 114 159 0 68 133 172 66 14 188 57 38 197 21 169 1 0 0 154 44 0 120 74 115 173 0 142 0 199 1 133 176 24 125 0 93 126 73 52 23 143 166 
137 1 1 35 61 81 1 170 1 81 28 49 187 174 0 111 125 102 89 57 60 145 114 197 143 0 1 41 182 160 131 103 4 34 116 0 1 1 1 59 47 1 65 96 0 172 169 38 47 157 1 1 10 157 149 0 76 62 100 116 124 169 9 20 141 1 192 37 135 0 126 172 1 114 141 177 115 131 45 0 147 1 38 195 94 176 182 1 134 81 146 80 0 35 38 1 1 56 159 0 
0 123 1 132 165 35 99 91 76 151 132 192 75 1 0 130 143 188 0 11 32 45 14 134 42 118 1 55 1 30 1 121 175 1 0 11 24 1 148 163 0 8 195 0 87 35 151 0 62 5 44 97 44 0 1 123 187 3 0 194 0 131 59 102 103 191 1 55 112 101 125 65 27 134 14 102 0 160 0 0 0 2 44 167 0 37 94 149 66 93 78 163 35 40 82 0 37 124 168 74 
1 0 135 43 189 77 16 1 123 179 196 24 92 123 24 18 165 94 71 160 160 1 1 1 1 1 177 80 0 113 90 71 1 1 189 1 13 1 43 157 174 19 0 122 129 135 150 47 97 87 148 3 1 181 155 88 103 14 39 119 6 83 0 183 116 35 47 5 120 156 119 194 0 0 85 194 52 137 26 121 0 0 113 114 1 107 140 55 77 95 6 71 0 1 153 168 57 193 151 147 
1 27 79 0 37 15 113 83 113 106 172 130 187 92 34 80 1 45 60 1 0 142 37 140 106 171 11 72 0 4 121 168 121 7 79 1 121 25 113 0 1 0 47 104 136 95 1 186 4 145 175 40 102 1 0 73 188 111 116 177 59 65 75 43 152 103 33 185 190 1 199 3 67 72 76 93 171 20 66 132 196 128 0 105 1 136 183 96 0 126 1 48 89 163 189 0 19 21 53 49 
1 1 88 68 182 61 0 116 1 172 65 172 33 24 93 38 1 17 167 113 143 32 33 0 189 170 151 199 1 62 24 68 1 0 86 185 95 5 64 64 8 0 122 87 116 0 148 158 17 51 1 179 0 173 1 74 28 42 1 0 33 139 31 39 0 102 103 0 167 27 71 43 1 0 133 162 157 21 145 83 64 0 42 0 1 124 87 157 125 161 0 171 58 1 118 123 42 127 44 127 
1 173 143 120 1 61 0 50 39 40 127 199 165 181 194 1 174 34 174 111 1 113 173 0 37 139 0 1 157 71 0 7 178 176 0 16 115 62 73 123 1 156 130 10 33 1 0 188 1 196 1 1 44 88 162 0 108 189 82 45 171 123 154 13 5 0 7 111 154 179 181 0 51 117 69 0 1 124 147 67 193 53 1 1 0 33 0 136 110 77 0 177 143 131 198 171 16 98 1 0 
79 120 33 141 199 145 14 64 71 0 178 188 126 0 177 194 21 1 1 143 50 0 97 57 25 15 38 1 115 90 172 110 130 126 148 67 152 184 192 195 104 94 1 0 35 138 151 131 1 16 21 42 165 63 36 0 138 54 166 83 0 29 114 1 167 92 137 64 37 185 93 18 120 50 0 56 18 194 163 46 0 83 42 0 1 0 197 20 14 141 10 12 1 160 178 199 49 54 65 1 
63 67 73 12 1 0 71 40 76 96 34 0 73 187 1 166 0 159 184 166 105 0 170 79 190 32 48 114 1 5 111 96 0 129 22 52 1 1 49 60 1 165 1 0 176 145 137 141 161 63 185 1 31 1 0 126 1 79 147 145 38 1 175 0 26 127 1 177 70 144 105 66 152 129 34 0 1 57 136 1 137 77 66 192 1 24 0 34 16 115 168 167 1 25 117 0 2 85 26 42 
144 44 52 198 34 102 116 0 122 1 152 1 41 110 1 172 137 66 1 1 182 12 35 82 1 0 19 103 0 184 118 44 96 0 0 128 1 197 76 188 0 172 86 166 118 0 48 38 24 80 179 138 67 0 149 1 7 133 125 21 192 67 26 114 169 0 71 96 34 22 110 75 186 140 0 59 1 29 6 169 1 165 152 0 47 154 125 0 1 74 19 144 118 142 0 199 108 149 142 79 
56 8 3 152 0 174 167 71 196 1 15 164 159 172 1 157 1 79 116 48 49 107 122 38 72 184 121 164 1 197 186 172 190 65 0 10 71 74 1 111 132 19 1 5 76 1 160 158 198 117 81 191 143 16 0 1 157 0 136 156 1 123 111 124 188 1 45 1 89 191 35 16 176 189 56 132 134 0 0 74 75 1 164 147 110 1 74 48 0 67 114 157 181 196 190 154 62 1 14 1 
171 1 143 190 184 145 54 1 4 134 57 45 0 1 6 179 182 40 144 194 1 17 161 0 36 163 129 98 5 1 1 127 175 10 194 84 123 61 170 0 168 161 6 178 0 0 21 69 54 197 163 87 83 124 32 0 156 72 1 104 14 1 1 126 50 39 58 113 3 15 196 1 124 1 164 194 191 71 0 152 0 0 105 0 65 118 0 0 149 0 8 8 136 27 11 0 162 134 0 70 
12 166 77 60 113 40 1 0 171 17 131 85 65 53 147 115 51 146 0 76 138 153 1 109 58 142 61 137 0 134 101 0 145 0 189 1 177 1 120 117 1 127 78 66 19 191 4 45 103 16 98 171 1 46 186 196 1 170 1 54 30 120 147 0 0 98 100 0 6 1 1 74 20 0 1 38 38 119 170 1 0 143 79 5 41 138 165 153 1 116 0 188 70 191 1 170 1 166 95 189 
32 36 29 54 147 133 100 190 22 171 1 107 0 138 1 135 155 140 54 31 0 92 88 56 1 74 166 0 44 151 91 172 59 29 110 115 156 170 166 159 123 189 34 182 194 10 67 94 46 107 33 176 100 19 136 87 18 43 78 64 43 166 1 1 108 95 191 145 0 43 17 21 82 197 31 129 124 12 160 123 95 1 0 118 74 57 0 1 172 97 193 0 0 194 0 131 177 161 129 79 
69 118 1 59 91 155 92 59 165 190 153 74 68 99 127 130 1 125 53 187 1 43 199 160 101 25 156 1 1 60 2 13 164 181 72 55 80 31 110 105 11 173 64 71 99 164 0 83 0 156 4 154 35 179 149 188 1 71 94 197 73 16 26 1 65 199 194 174 8 51 6 0 159 1 12 30 87 56 87 2 46 116 197 1 47 148 151 197 139 15 122 64 0 24 175 1 0 128 175 1 
0 17 126 48 72 187 90 11 1 46 2 0 134 17 48 182 101 94 53 89 127 51 1 183 1 155 120 21 118 1 120 68 3 174 25 50 179 134 141 109 59 1 34 1 192 159 179 145 1 38 59 119 92 0 73 86 1 153 119 111 65 187 20 143 189 135 9 12 69 97 15 139 106 146 102 28 1 1 163 143 88 1 66 53 142 109 181 0 150 0 69 72 0 0 192 36 30 0 1 20 
65 139 39 1 56 157 82 166 189 148 145 35 164 167 1 32 35 1 30 199 1 97 0 0 5 55 0 114 25 0 69 137 142 53 191 159 1 10 71 41 102 199 156 56 0 108 0 1 161 24 62 162 155 54 131 45 138 131 33 1 26 104 42 0 199 118 57 1 0 163 0 191 0 1 90 58 154 169 11 0 113 175 0 0 146 14 163 187 1 105 109 61 2 194 0 112 143 0 70 0 
19 174 36 177 0 178 98 95 78 0 1 0 94 1 0 142 51 47 1 1 65 197 191 72 158 128 185 76 166 15 0 0 22 73 0 135 119 32 180 162 190 28 53 141 93 195 101 182 50 14 1 0 40 1 38 0 68 1 63 0 151 22 184 1 0 20 147 1 0 167 89 144 1 76 10 67 0 139 0 37 163 131 23 76 0 152 0 35 42 121 70 33 0 99 113 0 114 65 1 101 
130 171 20 172 73 119 75 142 126 0 60 58 68 62 122 94 0 6 185 181 168 4 69 1 0 92 15 63 0 52 105 20 168 1 136 0 1 1 119 164 0 161 192 20 88 191 114 60 80 147 179 0 124 29 14 149 33 193 106 91 106 9 29 181 175 131 40 61 175 63 55 13 23 0 127 0 0 15 1 1 1 1 0 0 11 39 1 57 1 72 92 0 94 0 114 1 0 103 155 0 
0 157 58 0 69 70 112 52 197 129 50 89 152 72 150 6 147 149 196 64 135 75 114 102 1 7 1 0 52 122 77 75 38 97 1 39 194 184 57 127 30 19 118 1 169 1 83 32 135 87 1 64 75 0 161 118 44 1 199 141 186 0 69 0 56 175 130 117 165 198 186 143 29 43 31 90 42 18 37 43 157 17 24 55 13 179 0 198 62 81 182 53 48 0 0 66 94 0 68 26 
1 147 32 153 167 84 120 90 75 27 113 16 144 195 48 167 5 36 153 188 11 1 93 34 143 25 118 0 153 181 184 12 189 198 130 74 42 1 36 29 15 190 23 24 174 192 51 1 16 191 0 0 0 7 1 95 0 1 151 92 148 100 22 186 147 176 7 0 29 88 0 3 191 120 1 75 159 36 126 142 8 183 1 0 190 169 122 188 77 67 168 170 8 9 0 0 183 129 0 140 
28 59 136 58 183 0 0 0 49 199 87 23 89 1 103 0 2 107 130 122 68 130 66 48 0 27 4 189 114 149 195 148 84 81 0 41 0 0 144 129 0 0 116 140 140 1 1 45 188 62 129 79 79 24 85 154 162 138 24 197 9 60 0 0 106 8 166 0 0 142 86 28 1 74 12 0 109 27 71 183 1 180 153 187 0 72 24 0 88 162 122 0 9 30 110 62 90 3 64 0 
