1
50
0 62 0 66 0 24 63 1 99 1 84 1 0 87 73 0 40 8 1 1 1 53 11 96 8 10 51 62 70 95 1 39 58 53 0 0 6 0 88 0 91 0 24 76 15 68 54 55 0 1 
69 0 1 53 63 18 1 53 49 12 1 31 32 14 39 56 65 0 39 19 52 79 1 76 0 14 0 22 86 66 68 11 92 81 27 62 7 79 46 9 56 82 38 66 37 34 6 27 22 59 
84 92 0 55 1 92 38 95 1 0 94 0 0 0 12 75 40 93 74 57 57 74 59 95 89 13 64 53 22 65 91 11 75 36 0 53 60 26 56 32 0 1 83 1 0 12 0 1 0 17 
84 33 50 0 1 89 36 4 15 15 22 21 5 3 1 76 88 0 1 0 22 1 1 1 97 0 53 1 19 49 8 46 94 0 0 58 33 49 33 52 17 64 82 50 1 1 28 6 1 66 
69 54 72 15 0 0 86 91 87 26 1 1 22 56 30 16 0 28 34 36 45 1 0 89 53 50 1 46 59 0 79 15 27 83 10 32 0 1 95 0 26 85 25 23 73 0 57 1 60 0 
97 20 1 94 18 0 77 24 71 48 13 0 73 41 1 51 90 91 20 89 9 60 68 75 0 15 33 0 60 27 0 67 44 77 67 17 4 79 16 48 5 20 29 1 82 53 77 32 24 0 
55 79 1 91 1 95 0 93 73 0 93 29 92 0 90 24 2 1 82 93 43 35 25 83 12 74 70 58 33 27 96 1 7 10 10 93 1 0 73 61 1 1 0 0 82 0 1 40 6 57 
1 1 40 26 88 89 86 0 27 98 1 1 1 97 55 80 1 39 56 0 30 41 95 34 1 38 35 51 26 30 15 88 40 65 38 66 0 13 97 70 94 0 62 83 1 1 23 39 19 24 
10 55 3 0 12 55 1 27 0 86 1 28 69 31 71 47 52 29 88 25 60 25 0 60 42 0 47 65 71 94 1 17 21 95 1 1 27 19 36 79 1 20 4 85 26 0 32 0 92 67 
1 56 8 74 1 35 50 59 12 0 86 6 90 25 97 78 23 35 0 43 90 20 71 1 1 6 0 83 2 56 72 1 17 35 64 29 58 1 76 51 1 0 89 24 94 47 7 61 0 0 
90 48 98 33 76 2 25 40 57 88 0 65 6 61 31 58 0 28 80 26 0 87 29 69 22 76 0 81 0 0 51 0 9 0 74 18 45 8 1 11 62 1 0 64 0 2 19 76 1 72 
0 1 44 70 83 44 10 33 4 1 95 0 59 1 32 0 16 73 70 0 90 1 41 0 25 22 23 4 56 1 8 1 20 95 12 0 44 85 89 81 71 35 61 91 57 0 95 1 84 0 
29 0 12 96 83 77 83 45 81 0 41 16 0 13 60 1 84 1 15 44 85 12 54 8 0 13 38 98 83 41 0 61 54 42 22 62 71 22 0 75 4 10 0 93 61 77 50 19 0 51 
1 1 62 97 14 52 62 42 23 1 17 91 0 0 41 1 43 34 89 49 1 35 1 52 56 1 32 56 26 12 81 88 0 73 1 8 24 82 29 92 21 63 0 6 55 85 30 72 46 87 
27 41 1 18 67 75 22 90 30 44 30 1 14 62 0 21 82 1 28 83 86 0 66 44 1 52 6 0 42 0 1 1 37 95 40 6 0 35 24 42 31 21 95 98 27 59 52 88 29 21 
4 15 76 62 68 0 90 87 0 1 16 33 12 94 72 0 0 1 23 11 49 6 1 49 63 29 1 19 0 1 23 1 26 9 78 98 1 40 31 43 0 36 49 81 82 10 0 48 35 10 
35 91 74 51 1 34 72 24 7 71 0 0 4 0 66 80 0 12 0 1 29 94 54 45 1 84 71 1 0 36 45 1 40 76 71 70 10 71 7 68 63 0 67 69 80 29 96 5 0 24 
90 0 1 96 1 52 58 4 38 52 1 26 0 34 0 59 30 0 49 95 40 1 60 38 89 78 14 78 0 11 54 62 76 77 61 99 66 94 34 17 98 86 97 86 1 43 87 55 68 56 
57 4 17 9 0 84 0 84 14 31 78 12 61 16 14 0 53 83 0 79 25 72 95 66 59 15 73 74 0 74 28 43 19 1 55 96 8 1 18 11 3 44 66 53 40 95 9 1 41 69 
56 10 5 37 63 99 1 1 25 1 88 94 1 71 20 1 34 56 96 0 1 0 19 1 85 40 57 22 86 67 0 0 68 1 1 59 76 15 51 27 37 0 45 72 61 35 54 7 97 0 
20 10 56 39 72 1 0 14 20 1 57 0 5 58 78 1 20 1 58 71 0 73 62 67 1 23 26 20 93 3 92 1 58 94 0 90 1 32 58 15 49 45 21 6 37 57 18 8 52 63 
72 67 39 18 16 71 1 1 0 0 39 99 0 11 62 1 17 46 86 39 29 0 9 4 8 12 95 50 3 90 1 24 25 1 57 19 21 72 50 60 21 2 21 16 77 4 60 97 44 54 
64 64 56 0 1 0 73 1 23 97 17 6 23 92 33 24 30 28 58 40 1 0 0 42 9 1 13 77 40 1 1 37 1 1 74 61 0 45 20 96 13 61 4 66 1 1 72 1 21 2 
2 21 67 21 94 90 8 13 64 61 0 0 26 80 7 37 1 67 41 49 1 0 0 0 90 90 8 94 62 7 1 66 85 97 4 33 99 88 91 1 84 84 16 13 60 1 4 36 32 26 
14 0 11 93 99 51 94 15 77 1 4 12 54 60 0 82 94 54 0 0 1 48 55 23 0 1 61 0 12 3 14 0 1 1 66 93 99 79 96 61 21 49 18 1 26 20 0 1 49 20 
2 63 57 54 68 1 33 69 1 0 0 42 69 1 17 0 28 19 39 45 71 77 33 34 36 0 91 13 0 1 75 18 79 0 1 66 1 26 74 15 52 0 1 1 63 1 13 83 19 84 
55 75 5 25 1 34 78 45 0 22 27 59 1 76 42 92 53 79 85 80 43 41 80 93 0 1 0 15 57 77 35 11 45 1 0 1 79 21 39 0 39 70 0 77 25 71 1 33 63 73 
72 47 14 73 78 51 71 46 61 94 9 96 91 59 74 12 61 59 73 20 17 81 81 21 23 79 45 0 18 0 81 89 0 29 1 73 55 28 91 0 77 0 4 20 31 70 33 5 56 0 
68 87 92 93 54 69 43 11 2 19 27 1 65 90 73 33 11 54 0 73 69 92 1 0 1 1 1 96 0 9 35 27 88 75 55 29 60 29 73 45 39 15 1 0 97 0 0 0 0 41 
37 17 1 1 19 1 33 1 2 92 1 1 67 0 1 13 55 0 32 1 46 1 6 0 1 1 45 41 56 0 43 0 0 0 56 1 0 90 65 78 61 49 23 0 49 54 0 1 45 1 
15 58 88 83 51 51 2 49 88 77 1 54 1 47 0 68 53 76 47 77 71 31 5 0 69 99 7 92 0 95 0 53 1 93 28 47 19 21 45 35 1 46 0 76 32 35 98 50 0 80 
42 4 0 32 90 12 95 9 3 39 73 20 5 81 21 28 62 0 0 93 53 80 57 91 40 15 1 8 96 69 60 0 1 63 31 29 26 83 20 41 10 87 69 68 39 53 0 0 40 81 
62 52 0 1 40 31 1 40 0 77 77 31 80 80 73 19 74 64 1 87 1 17 50 64 76 65 93 62 53 77 75 61 0 41 1 36 0 56 49 77 22 0 90 54 89 15 1 80 0 58 
0 6 59 76 10 14 0 82 53 0 0 72 0 1 1 98 0 1 23 80 62 84 24 76 29 59 0 16 25 0 1 87 33 0 77 60 1 20 77 62 13 1 42 28 1 9 26 0 0 1 
29 41 96 81 54 1 23 21 65 93 1 91 95 92 59 60 29 51 1 12 27 1 60 52 64 48 1 1 0 26 67 1 1 0 0 80 20 54 1 55 21 81 54 86 21 15 39 99 64 0 
1 70 85 34 19 24 41 0 32 1 1 54 57 0 95 42 26 51 47 47 49 26 32 55 30 51 32 35 1 0 45 28 7 49 16 0 31 15 95 1 5 8 0 24 0 0 53 93 74 25 
87 0 0 0 83 0 35 38 1 56 0 71 28 0 75 42 80 1 0 78 6 65 1 70 19 90 1 36 36 50 53 1 95 38 6 0 0 75 8 99 18 35 95 23 5 0 1 27 23 31 
7 81 87 81 75 71 37 20 27 1 1 41 70 41 3 1 0 88 15 1 31 13 66 76 71 63 74 21 24 0 78 23 87 58 21 0 73 0 32 20 18 88 9 44 73 89 89 1 38 69 
28 88 1 87 0 57 12 20 1 76 86 8 6 19 0 8 1 25 0 21 24 1 77 18 1 57 94 58 40 13 47 69 75 32 94 22 0 96 0 0 48 60 10 1 7 93 0 7 1 8 
1 16 99 32 96 82 9 38 48 27 90 97 1 68 1 0 24 53 81 39 1 50 75 10 81 0 1 60 1 94 1 44 0 28 8 74 93 35 3 0 48 10 68 21 1 1 46 0 0 64 
52 57 0 0 0 42 32 18 1 0 2 88 64 1 1 1 1 41 75 55 6 6 15 64 63 2 84 52 2 42 66 47 83 0 3 29 55 50 36 50 0 20 74 97 34 82 0 78 75 49 
54 23 63 21 22 28 51 0 44 14 36 0 5 56 74 22 25 0 41 47 1 1 0 64 98 69 61 95 0 80 0 50 60 1 87 37 0 16 92 86 67 0 16 13 14 96 58 1 79 11 
21 67 3 1 0 93 6 81 61 85 1 43 26 72 24 75 0 58 1 68 1 40 34 1 81 79 1 12 94 0 97 75 77 1 0 11 67 1 28 25 1 71 0 0 14 64 67 99 63 19 
0 32 88 76 0 85 1 51 38 23 47 82 48 24 0 38 93 0 77 85 4 34 9 57 15 1 80 0 61 91 22 23 0 88 18 70 92 70 4 30 59 83 58 0 83 33 1 0 15 75 
47 2 0 96 1 9 78 33 30 73 67 85 35 56 1 66 1 42 1 0 33 74 1 45 95 59 13 0 83 0 84 54 43 58 10 26 81 82 98 7 51 19 1 35 0 0 11 32 86 90 
0 93 64 1 1 1 24 1 0 53 38 74 48 17 17 19 86 1 87 46 85 8 82 32 1 1 10 49 44 1 28 82 80 25 6 21 70 17 1 86 35 9 86 22 17 0 32 48 30 12 
6 13 34 0 14 41 93 51 64 94 29 53 82 77 7 72 63 1 3 22 52 0 0 0 61 72 96 56 91 36 44 77 37 1 17 54 7 33 23 2 0 1 53 86 53 60 0 64 49 73 
1 39 1 90 36 1 6 71 88 0 98 5 82 99 37 53 71 76 67 53 1 42 70 24 99 12 43 71 96 0 64 1 44 57 33 84 14 7 7 51 1 1 0 53 47 48 7 0 7 99 
1 30 14 0 27 22 1 0 52 64 87 98 0 73 8 85 1 65 5 70 0 17 82 57 78 0 57 0 71 34 0 54 27 74 55 50 22 1 12 1 0 0 10 24 84 50 92 0 0 29 
69 96 0 0 12 17 90 80 12 24 1 12 43 6 1 66 97 40 1 3 95 84 57 0 35 1 1 98 70 0 52 0 66 90 85 56 60 3 34 0 0 12 22 76 77 1 9 10 86 0 
