1
50
0 0 57 98 93 93 0 36 17 96 47 14 15 9 92 6 1 0 48 81 18 48 0 26 0 86 94 53 0 1 37 77 80 8 6 60 31 15 81 63 1 8 31 62 11 19 28 98 99 0 
53 0 0 76 84 77 79 90 55 93 25 1 52 25 0 67 83 43 63 55 86 96 38 62 73 71 12 1 17 76 89 1 65 63 48 17 35 8 89 57 89 91 88 96 1 3 1 44 86 67 
39 0 0 0 12 9 16 89 74 0 72 20 73 14 1 0 64 1 1 92 39 35 1 82 19 90 15 0 92 92 75 62 44 1 0 79 31 75 12 20 1 0 39 10 0 1 52 42 1 20 
38 89 1 0 70 0 1 39 1 55 0 67 0 20 57 64 78 23 84 62 35 23 25 54 44 98 0 68 53 15 95 0 23 25 96 4 97 1 62 75 90 0 84 99 5 1 68 82 1 55 
95 1 57 76 0 54 1 48 1 49 1 76 15 36 39 43 80 47 1 69 1 38 23 1 36 98 53 52 75 84 0 87 66 86 0 0 1 31 32 24 1 1 79 56 20 53 18 12 0 40 
3 60 1 28 1 0 0 1 67 97 79 76 11 68 0 15 45 83 1 28 15 26 25 1 86 5 73 0 54 1 20 60 0 38 70 11 0 0 1 14 91 85 94 75 61 10 41 83 9 61 
89 30 86 75 12 0 0 31 1 84 79 80 48 59 40 5 50 43 18 14 12 51 14 64 12 0 26 31 77 0 69 2 94 71 53 0 0 0 6 56 32 1 1 1 1 17 5 73 5 32 
95 76 53 1 23 27 1 0 0 26 1 63 96 27 59 60 39 0 89 27 52 0 5 11 1 1 1 54 95 82 41 24 63 87 78 15 0 27 80 54 22 31 0 96 1 35 50 0 1 0 
86 23 34 1 33 49 48 96 0 1 61 52 1 1 23 16 61 58 3 54 36 76 58 35 81 17 89 99 2 59 27 0 12 91 97 33 83 0 0 98 18 66 0 7 1 63 1 55 25 0 
1 75 26 55 94 1 16 26 12 0 2 12 0 3 1 26 0 1 40 18 31 6 0 1 40 87 0 53 0 45 0 1 67 1 1 67 0 59 0 54 1 0 96 12 90 54 86 49 98 0 
61 98 87 33 85 8 86 3 37 40 0 11 1 14 1 46 59 25 49 63 6 81 0 87 71 1 0 70 41 1 12 15 55 0 86 88 80 92 42 9 18 36 50 52 23 0 0 42 0 52 
1 20 25 72 87 81 9 29 65 53 25 0 65 0 54 8 71 43 4 86 3 29 74 74 9 65 3 0 53 23 10 51 0 1 99 54 0 90 72 50 7 1 9 1 96 93 51 1 1 81 
49 2 1 84 41 19 12 32 67 53 1 29 0 52 68 59 45 71 29 37 65 42 0 83 92 92 56 98 42 0 74 80 0 0 0 67 0 43 7 76 7 10 47 84 5 1 74 57 40 46 
1 93 14 38 33 79 3 69 97 1 34 1 42 0 46 53 0 1 13 1 21 32 58 44 96 91 13 71 1 11 96 76 74 77 1 90 19 1 0 0 53 9 0 22 36 1 80 97 97 27 
50 56 1 28 16 47 38 0 5 0 63 1 54 64 0 33 65 0 2 1 78 1 47 58 76 45 46 1 1 1 77 45 99 47 98 8 24 1 1 89 20 7 89 10 24 12 1 54 0 38 
13 29 37 98 4 0 91 69 65 1 67 10 49 1 53 0 0 93 99 10 90 9 13 25 22 79 43 26 16 86 4 85 22 25 46 1 0 66 58 28 0 1 22 25 28 90 0 11 74 64 
91 1 54 1 21 94 78 22 22 94 66 99 30 16 94 23 0 10 1 59 1 7 55 96 44 73 66 97 0 6 34 1 68 0 1 0 1 19 4 0 44 51 34 0 24 13 20 99 67 14 
62 9 57 70 78 0 52 27 74 57 70 63 47 1 14 15 0 0 73 74 35 0 31 71 32 1 32 1 68 39 10 65 1 73 37 0 61 0 94 68 0 43 84 11 83 3 58 42 1 6 
16 19 70 3 0 53 24 77 19 16 36 33 53 70 66 78 1 46 0 87 1 1 73 1 61 24 83 82 0 17 5 57 75 40 29 5 1 8 94 0 6 77 48 60 0 53 45 47 58 0 
29 1 75 0 72 94 13 0 93 2 0 84 0 68 3 76 22 47 1 0 76 5 0 15 61 0 0 20 76 8 69 98 69 59 0 1 0 61 1 22 53 91 0 0 8 50 0 64 40 92 
80 95 73 1 91 49 25 74 94 1 92 87 60 94 31 84 2 73 41 67 0 88 3 46 5 96 1 1 20 1 93 34 0 42 81 0 11 77 64 68 1 94 82 75 38 52 24 80 0 0 
12 88 15 17 75 17 45 1 1 1 53 61 1 1 85 43 55 40 72 12 64 0 36 0 1 87 76 0 0 0 27 0 59 34 0 80 33 98 1 1 0 1 91 1 1 41 0 5 33 0 
0 47 70 58 22 46 83 87 99 71 89 92 40 0 0 4 1 0 9 68 1 58 0 36 0 49 5 1 0 99 0 1 1 68 83 1 94 37 28 1 92 1 26 65 75 69 31 69 81 53 
1 14 0 80 1 94 63 0 45 21 46 90 18 70 0 57 43 54 74 8 0 42 73 0 1 32 49 61 18 76 96 92 18 75 43 40 89 18 98 1 45 34 91 32 1 1 0 67 44 10 
5 0 73 73 9 93 52 0 0 1 70 1 55 0 75 91 34 96 37 0 59 22 23 1 0 59 92 63 24 0 30 66 41 17 58 22 5 35 26 4 35 92 3 80 69 55 73 26 33 63 
40 1 25 89 1 31 1 0 73 0 1 13 4 97 65 36 82 1 15 48 21 77 32 66 54 0 0 99 4 54 42 80 1 58 80 0 45 20 74 29 12 85 0 93 46 77 0 88 91 68 
61 68 77 0 75 25 57 0 32 50 41 84 2 18 62 1 62 0 74 96 14 56 1 45 47 1 0 10 0 1 0 60 0 59 83 55 6 35 38 69 0 64 78 73 21 10 67 89 99 80 
7 1 64 4 0 65 0 47 90 37 3 7 56 0 1 1 0 77 52 15 0 65 12 2 15 61 1 0 71 1 65 79 49 1 1 26 1 0 24 17 44 16 88 29 69 56 45 61 61 0 
83 81 0 99 95 95 0 56 1 18 61 7 25 74 51 91 35 91 70 64 19 1 66 17 66 1 0 0 0 20 24 24 70 56 64 57 2 96 10 0 62 1 84 12 3 22 6 66 9 73 
54 66 5 29 65 35 97 55 0 87 77 32 60 73 84 50 1 62 0 0 0 60 0 88 56 14 1 53 51 0 0 58 0 5 9 48 14 93 88 51 27 74 49 99 0 23 0 92 71 4 
0 0 19 69 10 94 76 93 0 1 46 74 71 27 50 88 1 64 44 0 55 5 12 44 73 1 4 1 39 57 0 96 11 0 12 0 32 1 99 1 0 1 37 79 56 44 97 69 52 61 
10 1 1 16 96 0 20 54 48 1 45 40 79 0 25 58 97 71 44 0 5 48 17 1 87 1 65 2 2 73 0 0 0 1 25 8 64 40 94 55 1 38 95 1 80 3 87 15 65 0 
1 0 5 82 20 10 87 68 0 1 27 98 1 79 35 49 1 1 96 29 66 0 44 9 21 64 1 7 86 1 34 74 0 93 53 34 55 83 1 7 93 93 97 45 85 97 43 73 1 74 
78 75 84 1 55 17 70 27 1 41 44 0 37 41 48 43 1 79 56 0 42 0 9 60 30 0 25 1 1 0 0 44 82 0 94 1 0 76 12 90 72 0 68 50 0 17 17 46 30 52 
1 88 92 0 75 76 22 70 61 37 0 1 43 1 83 0 66 95 0 55 18 94 3 94 1 0 78 0 78 35 23 0 95 22 0 39 1 60 57 2 67 53 93 65 1 31 89 33 90 45 
72 4 16 0 57 40 65 6 78 58 36 1 20 0 41 37 43 12 40 87 24 86 76 7 81 88 1 16 61 56 61 1 85 24 81 0 21 42 36 28 22 6 77 56 84 48 68 0 71 0 
46 0 0 46 1 60 57 70 72 34 70 76 34 44 0 84 1 4 98 35 1 55 22 24 1 25 91 43 0 90 0 80 2 18 95 63 0 37 11 62 28 90 77 1 95 39 99 16 66 32 
53 54 15 35 23 38 93 13 0 75 86 44 98 12 52 1 58 81 65 27 73 82 71 68 52 37 46 25 60 65 29 91 87 75 56 38 35 0 91 43 1 90 80 74 47 1 0 1 1 1 
0 18 1 82 21 55 56 0 18 0 64 0 81 40 0 89 70 0 68 1 84 12 71 94 48 17 59 1 19 1 73 1 47 58 65 0 27 47 0 88 81 64 88 90 59 13 40 1 71 10 
98 29 36 28 64 89 74 5 74 20 32 91 0 0 0 63 41 0 76 66 91 46 0 82 0 70 2 1 7 54 37 3 92 19 2 12 76 46 77 0 15 59 98 65 13 22 37 1 0 49 
1 1 1 96 36 98 55 0 81 72 52 4 94 64 35 15 12 34 32 55 14 15 64 63 1 1 1 88 10 47 20 57 49 1 0 66 79 27 91 68 0 33 57 53 94 5 91 67 27 58 
51 87 72 1 10 25 82 91 1 13 0 29 72 67 80 1 3 65 43 74 24 56 1 61 46 0 1 1 60 19 0 35 46 59 1 53 76 62 25 48 32 0 57 21 1 17 30 37 1 14 
0 29 62 35 25 12 14 1 0 79 0 1 18 34 0 38 85 60 1 0 4 1 17 1 0 82 39 41 58 7 89 13 95 0 1 1 41 1 24 23 25 1 0 83 95 44 4 29 50 69 
0 69 81 60 0 1 12 65 65 29 59 65 48 10 75 1 0 76 83 1 48 68 54 72 93 50 50 82 55 27 70 86 67 0 52 13 68 59 1 21 64 0 23 0 43 0 66 2 36 11 
1 5 27 90 56 96 1 73 54 0 68 0 82 39 0 89 41 79 90 9 93 88 0 56 74 91 0 85 21 29 1 1 2 72 11 80 90 64 40 0 1 73 68 1 0 30 4 23 0 82 
59 97 0 92 46 59 95 90 57 0 0 76 26 67 54 53 1 59 70 1 93 31 1 0 4 1 6 39 19 0 1 84 12 0 15 0 27 19 1 1 34 3 67 10 88 0 70 1 0 28 
33 62 27 0 42 0 99 53 85 0 76 64 0 10 20 35 46 1 1 42 79 60 0 54 1 39 29 19 0 1 90 1 78 3 53 90 49 1 39 0 9 3 91 97 78 55 0 75 20 0 
0 0 11 75 63 19 17 65 1 52 25 19 9 79 58 36 29 94 72 60 87 48 41 19 75 8 1 11 33 1 75 1 1 0 1 72 0 70 21 44 17 50 93 0 74 8 51 0 74 58 
33 5 83 0 63 1 74 60 28 59 1 37 31 1 1 29 1 61 68 58 1 49 25 99 94 62 11 90 89 0 77 1 0 48 0 2 54 1 0 15 50 0 95 1 53 46 13 39 0 67 
49 0 97 0 0 68 82 1 53 61 91 30 60 38 9 1 25 27 0 29 0 95 38 24 53 78 87 29 71 17 86 1 88 93 0 1 17 58 72 1 17 1 71 59 28 1 62 23 31 0 
