1
100
0 25 164 0 46 5 124 57 75 66 176 112 101 1 32 0 132 120 96 155 62 20 0 0 58 1 27 50 194 1 0 10 0 1 169 41 1 0 105 1 154 91 0 175 83 129 110 1 109 72 84 113 83 1 109 196 0 0 79 33 1 191 29 156 180 0 148 1 123 43 0 48 33 0 138 198 54 136 23 29 75 0 66 0 133 59 156 0 1 4 0 17 84 133 1 27 105 171 116 1 
86 0 108 159 48 1 162 99 82 7 1 0 183 9 138 127 160 1 183 149 144 147 34 108 0 13 159 20 1 28 146 176 1 0 3 0 118 31 5 167 132 173 134 138 112 73 155 145 1 118 134 20 144 198 62 48 61 62 62 78 181 165 1 0 148 92 42 96 1 20 83 58 138 75 48 0 141 0 191 53 189 117 91 177 39 122 146 174 125 23 115 150 37 63 4 0 108 14 93 0 
0 0 0 0 49 158 74 84 1 1 106 156 83 1 199 164 168 54 199 157 44 182 23 125 31 129 101 180 191 195 197 95 184 196 151 137 154 0 0 0 30 0 111 199 1 149 135 0 188 126 123 184 0 186 151 190 38 0 159 11 186 65 76 96 130 170 78 188 1 114 0 88 178 97 86 3 1 25 183 52 1 1 80 0 77 1 50 1 144 1 139 1 194 40 152 185 108 1 148 161 
1 1 51 0 71 0 83 0 48 104 191 94 110 194 165 174 178 66 30 0 184 145 104 107 1 113 0 160 50 112 16 0 135 56 199 21 1 73 0 174 199 42 186 80 30 169 1 1 116 112 0 92 115 185 116 63 53 12 66 146 37 49 88 195 1 45 6 0 101 149 103 0 27 119 65 0 161 158 146 158 155 133 0 1 5 126 0 124 52 15 0 0 106 182 1 159 108 58 181 69 
18 0 0 1 0 2 61 1 0 39 187 153 0 183 197 107 7 51 32 192 39 101 5 3 1 80 36 181 180 135 195 0 1 69 11 105 58 0 5 3 1 123 72 147 147 39 138 1 81 58 43 170 0 0 92 1 190 67 189 146 172 50 168 0 190 185 38 0 44 0 130 41 1 80 114 0 4 0 38 152 32 59 0 121 1 100 1 79 118 82 81 31 136 0 47 92 86 148 0 90 
1 68 157 97 30 0 0 1 1 77 1 19 0 23 198 1 52 15 72 87 23 48 194 186 81 110 110 1 126 1 87 197 1 38 129 66 109 121 1 64 37 93 1 87 114 60 172 7 31 140 152 1 197 85 107 109 73 6 92 91 11 127 105 198 67 0 180 145 1 123 12 186 149 105 1 6 48 183 168 192 0 165 1 191 46 0 1 174 101 1 0 0 0 82 140 0 21 133 49 0 
33 1 19 0 40 65 0 93 80 77 1 118 21 57 198 104 90 1 166 77 67 146 25 1 150 78 0 104 193 33 165 171 1 1 30 1 149 29 4 78 154 49 43 24 175 146 25 78 151 104 138 178 1 49 129 163 1 189 183 0 68 87 8 106 35 7 166 197 168 45 129 198 0 0 1 134 40 0 91 25 187 135 0 115 96 1 39 0 0 85 36 48 106 108 181 172 13 162 0 135 
0 101 140 146 46 73 1 0 0 1 0 0 10 58 8 165 70 120 20 0 1 1 0 111 180 115 29 6 154 38 53 122 0 192 56 1 5 44 82 132 168 0 65 26 87 69 6 0 38 99 46 69 0 1 168 1 0 44 41 0 45 36 1 91 130 0 167 147 114 52 68 153 108 173 150 1 166 40 185 84 177 145 129 97 103 121 42 0 125 5 86 1 87 178 1 1 94 55 138 0 
1 175 107 50 149 84 141 118 0 66 179 1 0 0 112 29 1 98 45 159 169 149 4 54 33 13 80 1 173 136 84 19 0 45 1 16 84 83 55 1 71 81 25 152 1 20 60 1 103 1 33 172 127 0 162 119 142 0 135 1 66 1 0 35 124 41 176 7 155 84 0 78 126 51 113 1 98 0 27 76 177 1 149 8 54 19 86 102 137 0 61 0 123 37 76 134 122 134 181 132 
166 59 129 126 142 14 118 34 193 0 171 113 10 158 132 25 0 5 74 175 173 22 0 84 110 189 0 112 178 1 58 32 1 46 183 112 76 169 27 0 17 1 177 160 0 149 23 4 14 173 187 109 159 150 108 170 92 145 140 77 57 2 1 1 27 196 23 176 89 90 124 1 0 120 0 42 0 194 100 5 190 128 1 85 1 183 23 92 53 1 191 0 152 183 102 0 18 182 16 0 
193 37 88 158 62 89 0 0 0 157 0 1 139 0 138 142 173 27 157 24 0 138 0 58 178 48 107 0 188 71 164 146 83 147 14 132 51 0 90 111 0 49 110 2 130 114 195 110 0 20 140 90 176 198 127 65 40 160 105 159 173 187 105 158 129 1 6 41 24 0 25 185 195 148 55 106 94 156 144 1 138 0 142 0 0 39 77 0 0 159 123 0 27 5 196 107 0 128 25 89 
138 6 1 154 131 93 1 86 139 0 176 0 77 129 181 121 25 144 138 1 3 120 177 173 53 67 185 79 125 21 178 0 0 188 190 198 103 114 138 35 175 143 0 1 119 132 45 117 10 15 147 13 36 163 178 61 145 92 73 1 1 0 52 80 10 131 73 0 75 158 124 46 18 87 136 120 46 153 1 116 1 1 143 69 1 79 14 46 65 60 74 125 157 27 0 66 158 27 191 135 
38 177 1 23 1 122 118 0 173 104 1 98 0 1 157 123 1 57 192 1 14 195 72 142 149 64 105 122 36 0 170 172 34 97 1 104 12 136 93 108 43 199 0 182 135 0 15 9 197 1 89 131 177 150 156 108 110 145 43 149 0 194 1 192 1 171 47 41 164 15 68 4 39 160 7 46 106 170 0 186 158 125 118 63 171 78 20 177 163 28 180 54 65 148 1 58 164 1 124 64 
0 0 1 7 180 71 19 138 149 86 1 37 181 0 54 119 36 0 1 58 47 187 0 177 97 146 87 191 63 1 1 31 87 44 163 96 176 28 1 23 1 193 59 1 98 1 61 9 25 94 197 42 0 79 94 37 54 1 109 37 112 1 65 193 81 46 143 151 1 73 12 0 120 49 73 92 60 163 1 48 48 1 164 26 118 47 31 198 190 152 0 114 7 121 152 15 94 0 10 0 
90 0 97 33 27 41 0 147 116 0 0 112 148 74 0 57 7 122 1 36 188 109 0 0 126 1 91 141 107 111 166 0 150 1 97 1 154 144 85 167 76 1 78 105 89 28 59 0 122 101 0 22 157 0 45 100 12 105 48 18 45 80 165 1 54 0 0 0 62 174 111 52 81 151 102 33 96 0 129 191 36 123 28 1 141 58 88 178 77 125 82 191 199 52 17 1 1 38 68 133 
0 28 174 0 67 119 50 27 81 1 118 0 0 36 24 0 1 163 6 54 197 147 122 0 36 64 193 108 70 0 51 180 0 193 0 56 100 0 46 1 0 7 184 34 166 0 103 160 65 65 47 55 137 169 106 190 22 1 48 178 10 150 126 148 137 15 1 169 133 55 1 140 189 76 53 33 0 101 148 59 44 134 40 9 1 37 59 161 1 45 84 57 138 171 1 1 0 80 163 163 
102 31 1 35 144 149 170 26 156 77 1 131 166 102 180 131 0 77 1 1 172 10 0 1 0 0 1 179 108 41 37 180 74 189 1 12 148 9 91 104 32 14 59 79 72 167 25 38 79 18 0 1 198 1 88 1 1 0 0 64 1 10 0 0 75 131 62 85 33 0 12 56 199 30 123 117 0 170 1 22 95 131 0 0 5 1 156 0 1 33 0 46 0 160 32 181 35 180 1 161 
170 137 165 101 7 29 116 170 48 1 0 117 1 6 36 1 1 0 11 157 141 196 38 188 1 90 130 0 179 0 196 47 97 106 112 19 171 0 0 40 0 42 54 1 159 140 22 144 130 1 125 0 88 26 1 108 49 179 145 15 115 188 9 143 10 0 0 20 6 198 1 1 1 102 49 178 0 35 160 0 58 1 7 106 48 48 81 14 85 168 180 1 4 7 0 67 129 115 50 1 
61 115 1 144 104 144 158 188 173 189 11 0 108 120 82 128 148 88 0 0 0 171 57 162 24 46 29 148 31 116 138 1 192 147 62 35 109 133 1 155 1 101 1 193 44 120 1 25 1 68 13 0 98 44 66 59 20 125 141 0 196 8 36 181 132 1 0 84 117 111 1 0 7 104 75 146 54 1 93 59 122 79 70 0 75 0 1 39 2 28 92 1 138 1 101 135 198 149 1 84 
140 191 1 49 79 50 23 0 131 135 142 43 163 154 1 89 135 30 65 0 131 12 77 198 51 115 172 62 147 103 166 16 127 88 32 84 161 0 89 196 66 149 25 25 155 0 166 133 90 104 103 149 156 126 57 1 36 89 25 115 195 1 142 78 36 57 185 192 79 1 100 129 43 0 176 95 0 58 93 32 1 57 91 1 0 133 5 1 34 92 35 64 141 194 1 179 175 139 156 171 
170 185 89 176 30 159 1 182 197 73 0 72 0 76 159 135 194 122 118 1 0 1 1 96 90 0 176 0 1 1 162 145 86 0 166 1 0 119 128 96 151 189 154 136 72 171 39 115 147 159 74 187 160 0 187 82 0 154 139 43 1 5 0 0 1 44 121 4 135 0 129 0 114 122 149 20 75 46 5 1 113 123 34 0 94 155 6 21 16 197 1 0 0 147 67 100 64 48 38 87 
27 0 0 71 1 1 171 157 4 17 140 1 50 40 20 83 17 0 90 78 64 0 0 164 181 30 92 43 35 0 63 1 177 162 132 187 141 0 0 41 112 81 105 1 105 105 49 119 0 1 7 150 76 1 10 93 0 1 179 24 1 16 0 0 151 83 1 42 101 15 1 50 0 96 27 80 198 184 188 0 117 127 0 14 0 199 168 0 105 69 186 1 164 22 138 110 1 0 74 0 
0 132 19 0 1 150 1 148 1 89 51 182 1 92 13 0 0 132 55 70 149 111 0 0 100 7 35 145 0 3 35 146 130 95 199 176 148 0 0 82 0 40 172 0 198 189 127 101 67 142 83 56 168 51 0 1 137 194 154 1 115 147 138 30 1 39 1 116 143 185 44 164 69 88 94 1 0 0 185 139 5 53 148 0 78 117 187 35 51 71 155 103 56 1 1 94 16 197 119 92 
171 17 1 17 0 197 15 24 50 1 139 1 161 69 140 31 0 55 30 70 23 37 1 0 1 94 185 38 148 174 123 1 194 63 51 84 196 129 118 152 193 12 179 181 156 35 45 120 141 188 26 0 84 0 25 70 199 174 84 78 116 0 140 53 129 50 0 0 124 126 73 141 186 19 8 102 1 1 195 20 0 162 1 131 6 80 176 21 104 1 88 1 0 2 104 101 0 1 0 157 
0 0 188 48 0 143 0 65 99 16 77 1 160 85 21 15 1 89 0 136 153 154 0 18 0 117 1 46 175 132 27 115 120 48 77 134 127 110 43 45 76 93 1 61 0 0 1 133 146 119 1 147 5 0 0 83 9 97 0 12 5 0 122 170 0 0 72 176 56 191 0 157 164 52 0 165 8 25 22 117 53 85 186 0 188 1 140 1 187 102 1 1 0 120 58 94 149 50 106 33 
28 161 0 66 0 69 111 1 164 32 64 0 116 1 58 124 1 167 71 192 1 31 189 4 35 0 62 117 40 38 40 136 89 14 77 152 82 38 50 49 0 0 138 58 1 1 16 1 0 51 38 60 10 182 53 173 131 111 66 64 109 1 99 85 120 165 53 196 0 16 107 0 1 91 1 46 36 194 0 103 154 189 1 83 1 0 42 0 101 1 99 1 89 132 67 0 1 135 40 189 
72 13 115 11 0 54 0 29 99 0 33 140 176 63 57 182 179 25 110 54 92 39 183 129 3 85 0 1 1 125 0 83 155 59 163 165 33 96 98 1 0 39 1 26 20 188 162 1 133 129 169 161 0 103 38 0 56 97 167 1 156 149 102 177 132 146 1 159 149 145 157 10 82 0 167 34 157 173 61 4 1 82 15 107 115 124 38 190 128 166 198 86 60 99 1 140 65 132 36 103 
107 162 37 176 1 49 53 148 93 194 144 172 96 23 106 76 1 1 21 121 131 42 0 169 67 42 0 0 0 121 121 166 72 162 0 129 119 13 71 166 23 0 5 111 61 73 0 2 139 198 159 109 101 49 166 99 86 29 198 116 49 190 1 9 46 161 155 141 9 0 103 0 14 120 1 75 66 81 0 42 39 129 101 110 132 180 0 162 28 42 121 108 81 94 46 99 0 111 19 154 
0 188 37 0 160 1 0 1 31 116 137 131 183 0 44 45 10 176 21 0 19 162 68 0 55 0 186 115 0 1 195 149 1 186 89 188 137 97 90 25 1 0 1 1 134 194 9 0 129 22 1 11 0 141 158 132 1 168 191 0 193 1 116 128 0 31 136 149 112 1 177 1 0 102 36 7 88 71 99 12 108 189 179 26 172 187 66 124 1 118 36 192 128 185 59 119 0 194 41 49 
146 56 40 113 91 0 1 0 167 190 9 118 51 170 1 91 48 20 5 0 20 1 1 142 42 0 56 106 26 0 55 164 1 57 134 80 30 147 132 4 139 85 125 59 108 130 116 3 4 85 60 165 1 1 136 0 80 15 1 133 147 183 73 174 104 0 132 1 124 167 57 90 4 0 126 29 168 70 47 116 146 199 188 0 1 55 64 136 111 1 8 70 14 134 176 1 0 37 1 179 
166 96 10 132 157 0 166 1 1 1 0 176 163 35 0 113 0 90 171 69 73 0 25 82 107 136 1 157 156 112 0 85 0 86 57 9 156 1 116 74 180 85 97 151 31 22 12 199 163 57 109 0 34 6 0 37 160 1 118 37 1 193 140 78 35 128 158 189 1 1 117 32 164 161 143 184 1 1 52 146 117 2 57 37 21 97 70 62 37 48 35 189 54 78 105 1 135 172 167 97 
166 1 1 26 68 15 156 35 79 74 1 78 186 137 88 0 67 21 1 91 0 0 196 52 37 113 1 0 9 1 152 0 0 171 0 149 71 22 133 133 162 109 0 179 51 56 115 98 1 0 4 53 163 155 102 63 99 1 76 1 120 134 30 24 60 83 170 41 161 178 73 153 141 28 0 170 2 64 90 0 0 148 0 34 93 75 15 0 1 1 0 6 188 137 30 62 91 35 90 47 
88 20 131 146 143 162 1 0 1 56 135 144 183 41 11 132 60 4 1 0 1 97 86 0 69 9 182 55 108 182 0 56 0 0 130 181 32 0 103 93 190 55 126 0 119 95 0 163 149 79 93 1 193 118 0 84 0 170 60 0 154 38 45 83 78 122 181 56 108 64 54 152 174 99 2 137 96 17 13 20 113 179 106 41 48 16 1 0 97 131 165 136 2 77 63 0 94 170 1 153 
158 141 22 170 128 174 25 0 0 133 72 75 79 129 1 106 185 117 0 94 83 164 104 199 123 23 0 25 1 138 180 1 1 0 110 23 0 79 147 192 145 22 150 120 48 172 166 12 31 177 51 178 30 43 56 105 157 0 48 42 95 0 196 22 163 142 128 44 199 163 32 38 11 54 103 1 196 118 60 183 51 169 0 83 1 52 146 32 1 86 1 190 111 193 127 57 66 103 59 28 
35 149 34 124 128 70 4 80 157 0 167 0 56 182 102 50 136 28 61 181 55 1 97 150 0 72 159 161 11 101 168 99 104 114 0 72 157 15 24 1 133 30 1 9 0 85 198 0 1 49 189 4 123 17 0 196 110 19 180 105 80 85 128 53 97 74 109 60 84 144 98 0 116 20 185 67 0 160 111 125 131 159 1 150 20 35 20 11 39 3 1 0 76 107 0 1 0 0 114 44 
63 18 38 0 150 22 36 136 165 33 1 145 0 73 125 157 183 0 149 186 94 21 174 41 179 1 0 159 1 152 158 1 4 140 44 0 111 8 148 10 0 1 195 33 0 163 17 83 104 190 0 175 1 1 141 0 0 1 55 40 0 111 85 59 21 89 34 172 154 164 1 132 92 173 1 1 1 109 166 20 167 0 118 93 46 108 188 85 186 197 192 187 143 1 70 42 198 106 130 8 
159 0 190 0 76 0 179 1 21 1 65 37 1 191 13 78 111 190 21 140 158 48 0 114 1 172 1 1 170 97 111 136 157 0 40 0 0 30 146 143 160 137 0 185 191 27 14 1 1 2 143 9 0 0 65 122 199 117 56 85 3 45 0 116 102 0 138 1 190 124 145 1 1 41 117 1 26 21 127 43 40 169 176 16 156 101 110 190 27 0 95 58 30 161 190 0 175 3 1 90 
67 62 153 0 1 129 199 1 159 59 30 153 55 1 43 111 176 68 14 193 29 26 0 178 1 65 0 13 45 51 134 193 38 73 153 143 120 0 103 156 0 0 115 50 165 174 22 112 1 64 35 159 29 1 0 81 2 66 153 14 158 173 55 80 12 74 120 33 84 84 95 170 181 0 0 173 132 15 135 123 93 175 1 180 147 55 118 3 0 105 150 162 35 0 45 86 188 92 0 62 
0 22 74 107 172 187 53 160 16 0 149 1 84 161 80 0 1 196 51 176 199 83 31 101 181 122 45 145 193 48 145 111 139 152 96 115 150 123 0 0 168 1 1 144 1 50 1 124 13 89 46 196 88 91 1 23 0 25 105 73 135 1 39 0 139 1 52 78 19 38 127 145 1 0 121 162 10 61 179 139 108 119 0 146 83 144 26 9 89 114 0 0 3 182 81 189 43 123 197 151 
150 192 1 1 0 0 129 58 72 1 170 141 83 15 28 179 73 121 11 50 143 60 2 1 124 132 110 184 1 49 134 76 1 1 0 0 135 125 61 0 102 0 50 0 160 8 1 30 189 198 0 60 186 155 186 1 145 0 79 128 0 4 48 0 48 79 1 1 52 32 181 149 199 167 179 1 89 84 153 1 148 1 83 24 56 79 164 174 162 152 170 88 54 180 94 0 67 8 120 148 
18 45 145 111 110 138 75 1 58 155 186 1 76 0 136 57 143 9 56 108 166 79 105 156 145 111 15 100 0 112 1 190 166 61 165 65 1 11 113 74 0 1 106 166 141 29 125 35 0 75 0 0 0 133 133 28 82 0 0 119 1 0 58 82 1 101 174 17 11 103 122 151 139 188 177 69 188 0 135 64 195 176 91 1 163 1 0 136 20 67 13 183 138 199 0 0 21 0 0 144 
159 0 173 161 1 1 0 109 155 143 11 147 144 71 86 0 178 188 47 160 61 194 62 1 168 42 7 189 0 72 137 180 1 4 0 190 1 0 157 182 67 0 28 132 21 0 48 68 5 1 6 75 64 108 2 8 26 0 15 44 11 133 151 147 62 187 45 60 120 85 177 31 1 115 56 196 159 197 0 136 154 176 153 104 10 139 69 65 102 67 34 126 1 46 169 105 183 52 101 66 
183 1 181 0 93 0 190 116 1 112 84 1 135 54 1 42 0 50 48 19 53 1 96 22 100 130 87 162 1 93 1 80 171 1 88 167 133 35 107 1 90 1 0 0 43 40 1 178 86 25 124 26 91 186 160 79 79 3 50 0 79 155 63 94 12 68 185 1 156 1 12 106 78 137 45 1 128 6 77 78 147 36 165 57 100 105 152 150 147 0 22 0 1 18 122 0 190 63 58 164 
3 4 1 15 38 17 150 144 33 1 154 67 1 40 183 120 82 42 159 150 0 173 97 56 185 50 92 150 0 64 12 84 1 170 1 50 34 17 115 1 0 163 127 0 125 157 1 0 171 145 144 0 42 135 33 1 61 33 78 1 58 40 45 63 1 9 123 26 101 0 129 42 13 0 57 97 199 0 0 86 29 127 26 29 110 10 179 180 132 142 1 23 1 152 175 95 181 101 96 0 
153 135 137 171 76 25 0 0 76 0 96 70 60 192 162 159 1 0 65 90 0 1 164 137 6 197 159 146 182 174 190 112 139 143 33 197 153 1 1 118 0 193 64 18 0 0 0 70 1 67 100 105 48 56 74 27 74 152 198 0 16 0 0 126 77 1 177 0 172 0 0 174 127 71 196 1 156 0 118 0 17 154 115 112 84 147 0 53 53 192 185 0 25 156 27 186 83 131 0 162 
1 72 28 183 141 161 26 166 164 109 62 107 0 28 44 111 106 2 38 0 128 87 0 124 100 80 99 43 82 179 86 0 106 42 113 27 34 65 4 16 25 1 0 60 181 0 126 0 126 184 0 86 42 153 55 145 1 1 0 81 98 186 131 90 140 105 1 1 65 16 78 0 43 1 192 91 57 0 77 140 120 122 178 131 175 1 192 0 117 73 108 1 1 134 0 135 74 75 151 124 
3 45 161 148 9 4 1 1 86 1 1 174 7 38 21 162 112 55 157 141 68 0 126 184 0 185 177 142 178 106 142 1 196 185 0 173 57 128 0 1 97 115 188 79 25 108 0 151 54 24 151 28 164 53 167 78 158 92 178 79 24 37 109 28 117 88 1 0 7 124 1 142 142 46 140 88 4 46 189 194 102 52 51 1 0 0 0 0 93 24 45 159 35 1 144 1 129 44 43 78 
115 0 98 0 0 5 30 48 27 86 118 1 32 31 1 57 95 167 181 27 12 162 113 170 0 38 72 1 1 112 0 77 100 58 24 174 125 1 1 127 0 0 196 171 133 0 72 0 84 195 36 1 131 67 95 195 45 0 34 1 127 75 22 130 79 110 175 7 47 1 104 103 21 118 123 197 62 14 106 104 17 87 0 0 74 138 109 128 118 40 32 1 117 48 189 139 53 80 182 0 
144 148 180 154 184 48 97 42 0 64 178 187 135 0 117 37 180 0 1 131 1 0 1 104 1 1 43 134 190 0 118 32 81 59 109 57 152 80 166 153 0 103 181 106 23 1 151 1 0 1 141 37 26 10 13 177 32 66 37 36 38 60 0 156 33 94 143 110 18 22 96 35 153 164 1 23 62 0 65 179 1 184 38 1 93 198 87 108 199 186 195 79 0 1 7 42 122 1 124 157 
139 171 130 171 129 16 0 29 165 90 52 1 168 0 46 33 143 187 0 138 113 0 79 196 7 0 198 43 72 179 89 1 141 181 70 1 0 157 0 9 0 135 110 11 12 158 183 53 159 0 0 92 0 45 163 77 177 0 143 3 131 189 43 102 137 7 46 61 167 66 33 151 47 0 79 162 118 18 0 139 182 49 63 1 121 0 0 175 0 128 75 80 0 26 167 48 0 144 52 97 
109 11 1 98 27 99 50 1 1 119 0 1 77 96 158 36 125 126 1 126 64 0 177 54 41 172 167 16 93 1 1 72 81 0 120 65 7 0 11 0 59 1 88 7 0 58 1 24 108 136 0 53 1 145 56 156 129 0 175 168 54 47 176 116 142 1 90 121 115 18 26 59 128 166 30 55 68 148 73 0 164 143 111 1 137 144 1 34 128 107 1 116 1 117 157 0 8 180 15 163 
90 83 0 1 0 1 11 143 1 52 158 58 130 85 111 141 7 179 138 1 1 17 101 165 20 120 1 147 72 37 0 109 88 0 169 86 166 86 39 1 97 95 1 91 76 189 149 0 114 114 0 0 58 0 155 1 101 36 102 116 1 93 166 1 81 119 38 0 183 128 33 173 40 110 53 83 116 0 1 136 166 142 52 57 0 142 49 62 0 165 53 162 43 83 30 1 148 104 166 171 
122 137 110 194 107 3 195 0 60 1 160 75 181 82 48 0 71 85 104 66 0 0 8 152 68 128 115 1 119 0 1 46 193 0 157 173 112 84 81 188 0 51 1 86 87 87 80 76 160 1 162 59 0 70 85 54 47 0 0 167 102 22 191 0 114 110 0 182 49 0 166 133 1 106 106 118 128 19 61 108 22 137 13 0 65 187 49 1 134 50 129 31 88 120 70 116 0 21 141 47 
154 87 189 138 0 117 0 0 26 0 51 91 0 169 0 140 81 77 3 54 117 0 124 52 7 13 179 15 142 169 28 141 80 0 0 76 81 120 41 136 1 110 176 191 96 78 146 116 27 27 16 10 25 0 12 150 1 84 77 1 8 76 27 168 0 75 0 36 162 106 33 168 106 168 85 173 49 48 103 137 113 1 2 103 199 26 1 147 56 68 3 0 8 159 1 139 193 25 64 156 
143 197 129 54 1 141 184 1 51 1 68 186 0 101 122 179 118 7 25 1 166 7 31 197 6 103 59 65 172 60 99 114 0 44 103 188 0 174 1 100 123 96 183 9 65 57 1 64 1 196 7 37 194 115 0 56 91 85 1 144 1 16 0 1 77 111 18 5 43 0 44 198 77 1 100 8 1 40 1 92 1 1 16 1 113 1 134 169 112 139 118 142 196 29 38 8 0 157 178 23 
158 1 65 138 64 157 95 94 189 20 1 125 187 119 108 135 0 141 75 83 0 2 0 177 0 1 1 105 90 171 148 95 88 123 180 135 1 148 157 85 199 49 191 198 1 7 101 0 137 1 38 24 195 82 86 0 48 24 61 94 106 0 58 66 1 71 27 22 1 1 83 141 166 25 0 11 57 128 104 36 181 1 1 27 0 169 82 33 167 29 47 99 1 1 0 1 42 0 31 136 
88 117 0 60 1 181 1 48 77 137 185 54 2 0 81 195 46 158 9 168 65 1 0 172 153 175 157 179 168 0 182 1 132 51 136 180 1 145 96 24 106 180 22 69 0 1 110 61 71 16 53 137 97 0 103 89 0 15 139 167 186 187 7 18 169 1 27 149 132 1 36 129 158 56 43 194 186 93 59 69 1 51 107 0 56 0 163 49 24 0 152 185 104 11 183 170 129 152 33 1 
134 0 0 178 65 4 151 186 52 0 132 1 147 1 54 92 92 150 1 170 188 1 156 70 132 131 1 1 1 2 20 2 4 91 45 73 1 26 4 80 99 186 91 1 1 153 177 119 1 186 1 127 117 123 15 51 64 0 128 172 170 0 172 174 115 186 1 171 105 100 165 0 181 1 23 1 188 0 56 5 1 100 52 185 174 1 143 124 23 40 0 125 99 113 1 86 31 160 147 99 
173 121 111 35 75 99 117 136 131 149 19 0 57 174 1 196 66 35 0 195 118 25 35 141 162 69 87 176 37 173 156 3 67 156 15 1 100 43 139 60 111 49 19 162 0 1 178 1 0 32 101 1 81 112 151 133 153 2 0 1 126 157 198 76 45 125 133 120 84 175 126 129 30 140 48 178 26 3 160 159 99 56 186 154 115 1 94 194 0 195 98 1 0 89 160 38 102 0 0 137 
83 89 11 41 185 40 164 66 0 198 1 176 0 147 0 1 65 1 109 126 0 87 198 190 114 108 99 26 0 103 34 1 181 114 56 62 1 199 0 179 1 0 0 23 0 79 1 104 120 147 12 68 90 90 197 0 70 1 91 0 0 122 0 64 188 23 13 25 101 6 97 1 0 90 198 120 0 158 91 0 163 0 43 1 155 74 58 121 59 115 19 138 97 89 144 9 0 1 6 162 
118 1 113 2 98 106 0 59 185 187 33 0 130 176 197 41 1 130 66 187 70 22 80 189 51 140 1 0 26 0 159 109 77 14 10 186 0 68 117 0 12 98 158 139 92 87 98 138 0 150 48 1 4 169 102 48 16 21 32 30 0 1 35 68 122 58 36 120 104 42 8 198 80 16 183 86 1 1 0 112 96 28 11 112 83 0 1 31 1 21 59 0 0 150 1 142 137 106 1 191 
84 0 192 98 110 42 98 83 149 39 0 193 137 1 125 184 164 2 1 181 33 163 68 49 163 20 74 1 53 1 90 148 107 11 152 106 0 176 180 66 156 110 151 193 42 0 0 0 1 1 96 17 110 41 24 0 28 20 139 188 56 0 178 49 95 0 151 26 0 93 139 34 187 82 174 1 55 13 1 12 0 58 51 84 176 157 163 1 18 83 7 58 161 1 1 110 196 35 1 5 
33 0 160 144 131 102 130 70 1 0 83 1 196 46 0 1 41 149 1 0 57 0 1 157 199 122 0 136 1 18 70 0 155 1 113 1 120 73 167 148 0 22 151 170 142 136 6 37 35 6 0 174 38 174 0 1 190 66 107 162 9 38 0 1 181 169 142 5 52 23 58 19 170 0 0 14 0 0 118 189 147 1 8 178 107 153 108 0 123 20 104 2 1 172 46 177 64 61 96 118 
74 154 93 0 11 171 50 74 1 1 73 108 145 153 1 177 1 174 15 31 0 168 96 35 1 4 15 0 20 160 146 1 61 130 31 0 180 42 149 1 20 136 0 1 163 1 119 32 144 34 79 57 0 1 0 57 99 1 0 0 0 56 117 0 161 86 103 0 156 150 110 117 8 0 4 110 23 1 0 1 1 128 49 56 158 17 157 32 191 68 0 1 169 166 142 1 198 1 76 2 
65 88 134 153 0 124 6 59 60 31 182 178 163 171 53 1 8 89 157 79 118 0 144 12 157 51 0 177 1 16 127 51 101 168 156 0 1 105 55 36 32 185 1 129 0 20 91 114 128 1 153 193 20 98 1 38 28 165 102 56 147 43 151 163 0 63 15 83 67 21 37 21 0 1 1 188 1 192 1 1 71 52 69 0 155 11 140 65 39 26 0 0 81 64 1 0 1 87 42 86 
59 130 1 153 0 72 198 44 42 40 123 0 184 91 1 0 29 61 0 13 0 140 121 88 26 23 194 98 143 0 45 95 76 1 71 85 96 127 126 95 22 120 157 113 129 130 166 114 35 1 168 19 27 15 138 168 1 11 175 51 1 78 170 141 91 0 168 149 92 1 185 81 1 44 167 49 130 162 0 153 143 195 0 53 158 17 0 137 5 114 75 123 180 20 0 71 0 40 21 0 
0 32 177 70 16 125 13 0 84 134 109 0 104 1 112 116 68 47 104 149 1 38 192 93 0 68 11 180 113 1 1 184 189 16 170 1 146 0 0 96 1 34 89 22 0 57 195 92 177 185 77 1 157 120 1 40 36 44 15 134 18 1 9 143 157 0 0 0 138 35 58 0 101 154 1 177 124 58 149 174 109 161 114 22 39 83 140 155 171 37 40 13 90 98 123 96 39 23 1 30 
62 123 104 47 0 0 179 114 45 171 1 0 139 62 191 109 128 0 106 104 61 178 15 121 21 187 110 98 13 134 78 153 162 124 63 1 147 10 106 22 50 99 174 193 176 1 54 0 0 0 50 0 25 185 63 1 116 110 129 137 65 178 33 169 199 1 185 0 1 1 5 1 196 1 10 56 113 196 0 9 140 46 1 146 1 68 1 36 1 120 86 0 138 1 0 109 161 79 161 52 
1 179 182 135 16 164 1 0 151 1 94 103 1 13 1 1 12 80 48 0 76 0 135 99 1 100 159 150 91 36 131 0 63 142 139 114 89 123 0 127 68 49 143 151 113 68 99 172 1 37 0 1 118 99 75 158 73 15 0 150 0 75 138 1 0 106 19 33 0 66 82 1 0 103 103 47 103 33 32 75 32 1 1 72 132 6 0 130 150 0 151 150 82 1 186 8 28 0 192 0 
198 40 48 94 68 119 12 112 123 0 182 83 162 55 115 105 43 1 85 71 119 189 90 146 62 135 10 39 0 0 0 143 22 61 1 190 88 65 65 188 32 65 161 0 86 95 0 0 1 77 6 0 86 191 14 0 1 0 6 1 3 1 199 184 0 110 66 59 64 0 2 154 135 189 113 57 52 0 1 164 107 23 182 165 24 115 165 0 185 50 162 8 2 19 151 125 2 132 1 94 
170 0 53 1 102 177 5 197 14 178 1 1 145 1 78 144 42 55 185 1 1 142 0 102 21 62 23 28 168 0 1 67 197 107 55 71 162 144 1 125 198 34 127 0 162 181 0 1 71 88 43 49 199 159 77 88 0 0 48 44 1 14 47 1 38 0 0 183 178 0 0 98 181 39 194 13 95 70 1 138 196 166 0 187 160 1 118 180 32 0 52 0 23 146 1 1 124 85 1 1 
29 173 172 179 176 53 1 148 82 1 169 111 12 168 1 25 1 1 84 168 110 23 67 47 115 173 112 184 0 101 178 95 5 123 35 196 1 0 110 0 153 35 48 161 54 193 39 56 0 48 1 0 128 8 159 156 153 104 48 0 125 1 14 30 134 9 0 26 166 144 131 0 187 119 1 195 0 184 1 0 82 182 1 132 102 101 1 0 56 112 1 0 115 7 51 90 190 0 41 1 
83 157 67 99 191 12 74 57 17 49 79 151 165 161 157 149 0 50 11 40 60 180 62 30 193 27 190 194 75 151 187 1 0 183 125 156 16 184 32 126 164 162 16 17 1 168 188 134 176 106 181 0 37 7 117 1 57 51 1 162 27 104 197 54 116 172 72 154 144 199 159 192 0 3 24 94 0 145 28 110 1 118 188 104 22 23 162 129 88 1 195 7 36 113 1 37 91 115 42 120 
99 41 140 14 67 55 113 98 1 106 1 186 133 69 109 124 108 0 181 158 7 148 4 61 1 1 0 120 133 0 132 30 0 0 189 66 175 0 157 128 77 166 123 28 71 67 0 14 109 164 74 5 122 191 154 163 0 1 149 148 1 180 138 70 175 6 122 97 72 34 98 0 139 0 128 1 22 8 103 175 119 189 88 126 11 0 1 1 161 78 199 0 68 72 1 191 63 1 69 82 
130 150 191 196 12 127 1 30 1 162 148 1 68 56 185 166 69 137 40 50 91 172 15 89 21 192 0 89 0 194 35 82 0 6 115 94 19 143 198 0 155 48 141 113 85 110 113 182 138 6 13 51 159 1 48 52 1 75 11 70 38 154 197 79 185 127 104 81 179 29 176 0 185 14 0 193 111 67 125 140 107 19 0 108 133 1 152 1 184 56 61 142 79 126 38 1 148 0 11 73 
0 151 173 21 92 96 44 110 47 4 179 137 0 134 117 1 179 59 129 179 151 1 65 191 188 1 0 1 1 1 1 98 122 0 27 29 8 0 130 0 93 50 20 78 61 84 71 132 115 76 78 179 175 196 84 164 192 105 1 108 1 27 178 0 160 19 0 78 151 149 25 134 145 0 182 0 117 87 43 40 1 0 1 179 69 53 45 127 51 89 16 1 0 0 137 1 1 8 17 1 
78 167 52 169 56 80 121 81 15 1 170 168 0 108 89 122 143 138 69 61 184 33 170 0 52 0 20 0 192 113 137 188 124 0 128 159 50 41 42 99 142 14 1 0 93 145 172 149 38 1 47 59 0 177 73 105 1 1 15 187 30 0 87 53 1 0 106 95 141 1 113 94 2 91 136 0 0 1 112 1 167 49 60 0 1 186 150 196 0 0 0 114 8 15 78 0 9 193 1 113 
1 56 1 185 142 1 79 67 1 1 162 153 0 93 1 0 109 80 31 197 0 84 39 139 102 53 0 158 1 194 189 159 37 23 120 36 0 17 115 110 0 100 4 49 0 4 0 198 47 0 0 23 109 42 91 154 96 14 140 67 96 150 102 24 153 57 133 102 1 20 27 31 46 43 0 68 145 0 0 95 166 188 22 73 87 0 0 152 189 0 127 54 62 58 1 193 0 40 104 133 
1 12 180 1 90 174 40 166 112 182 161 0 151 0 107 147 122 114 17 139 55 17 25 176 77 72 83 53 0 0 113 89 171 126 72 111 55 96 30 173 34 31 1 135 141 1 84 136 58 52 190 41 90 1 166 116 118 170 99 34 139 3 171 169 178 160 160 146 174 0 3 53 0 0 90 96 32 16 0 1 140 139 182 119 111 0 0 130 106 1 29 124 38 19 1 0 28 138 12 183 
59 59 14 185 90 0 136 149 63 78 0 32 0 49 113 77 148 102 199 0 48 67 77 179 1 47 192 1 8 77 1 75 166 0 63 0 0 31 117 23 106 0 1 145 116 149 63 38 77 12 134 171 0 186 181 111 148 1 25 30 1 159 8 99 183 160 0 91 1 0 107 62 58 142 191 60 144 103 1 0 75 48 146 20 97 16 1 120 0 1 177 37 1 157 104 93 1 76 126 149 
64 145 0 142 106 77 190 96 111 136 145 50 99 60 69 0 84 198 26 39 129 175 0 0 0 93 115 1 197 81 159 172 16 1 150 114 199 190 119 90 197 190 0 0 1 68 16 20 61 193 1 1 115 59 0 1 0 103 182 104 69 59 83 127 152 65 169 28 0 185 117 1 89 166 28 0 145 60 32 79 0 85 136 80 1 75 0 0 60 128 76 111 1 190 0 195 44 46 86 0 
174 145 93 1 143 1 170 0 171 94 0 0 50 157 1 61 75 55 0 170 56 1 159 134 59 1 0 106 179 161 1 77 1 119 1 187 32 48 118 58 53 96 1 35 150 76 1 51 113 11 109 1 0 1 45 0 102 1 90 1 140 89 10 182 1 147 0 58 1 143 18 67 5 197 87 14 181 132 126 173 1 0 1 162 19 95 1 199 179 45 71 124 183 77 1 133 121 78 1 66 
0 124 180 190 150 8 34 140 82 140 165 79 1 174 175 158 159 110 78 167 35 47 126 0 0 1 17 196 99 170 185 53 55 42 167 169 192 165 81 190 0 49 1 178 132 14 179 99 10 169 68 117 10 119 49 0 109 44 1 104 103 91 24 50 121 56 199 92 139 23 114 0 48 1 89 1 98 94 130 7 63 8 0 5 76 6 1 53 1 99 16 102 1 103 47 37 6 189 99 1 
73 2 199 87 0 67 0 106 91 0 74 66 37 60 170 177 183 50 171 14 148 164 98 178 0 54 1 83 48 82 138 13 33 88 192 157 1 85 43 100 189 181 63 188 1 142 143 0 65 159 4 0 74 28 148 26 185 120 26 145 180 102 88 87 1 18 53 174 137 75 68 0 161 178 57 4 139 5 12 14 0 183 8 0 21 1 1 113 188 197 181 102 1 1 0 26 136 98 177 107 
0 50 98 109 0 1 0 109 53 37 1 81 8 193 1 18 40 94 14 128 1 1 145 0 27 0 67 160 32 0 18 1 50 50 78 67 142 1 1 40 32 188 1 168 7 1 1 172 57 0 18 138 77 183 1 5 189 105 93 0 116 1 142 12 69 112 37 71 70 0 57 185 1 3 79 50 1 128 0 6 0 161 175 62 0 161 2 85 80 1 161 31 0 1 156 167 41 9 186 188 
157 153 7 84 24 187 1 38 0 128 45 45 0 130 23 110 6 15 38 71 1 1 84 37 42 9 0 111 183 183 55 75 0 173 192 1 182 122 79 1 4 50 1 39 70 120 66 0 79 126 96 135 15 0 144 1 48 51 27 90 197 105 1 141 105 162 125 126 99 36 1 1 28 129 30 142 115 59 4 169 174 76 97 0 0 0 40 177 1 1 0 65 1 96 111 12 42 122 0 122 
1 165 17 181 1 178 1 143 0 93 44 199 95 7 95 47 0 164 17 119 29 117 164 101 61 79 117 141 1 115 152 178 137 176 177 106 0 1 90 0 176 0 93 63 156 66 197 192 1 15 1 18 0 1 32 197 192 159 139 1 38 1 131 142 71 125 17 38 1 0 173 1 1 84 30 136 1 181 25 83 61 3 0 101 168 0 0 1 177 1 0 77 183 127 56 97 124 118 1 6 
183 191 130 159 10 65 67 102 55 65 31 32 173 91 166 65 39 1 198 94 115 1 35 51 0 123 1 1 128 56 104 107 0 60 0 28 1 85 0 100 170 0 1 0 147 188 171 55 62 120 72 20 57 52 83 32 69 155 135 145 121 141 81 8 102 157 0 37 1 39 53 0 172 76 0 35 172 0 171 144 17 1 54 139 161 192 136 0 12 68 30 1 162 11 1 129 1 86 183 1 
86 188 1 186 114 141 119 73 1 107 165 185 197 0 41 1 102 89 67 0 90 81 179 89 0 174 166 99 39 0 0 83 0 109 131 8 191 160 21 1 30 95 17 156 9 182 0 178 66 180 182 1 1 51 178 18 166 177 178 1 173 64 1 1 9 195 1 43 1 34 51 133 0 1 155 16 161 89 63 0 58 82 83 199 166 89 89 193 0 51 47 87 36 61 147 21 2 198 60 126 
101 42 130 136 10 195 52 115 88 0 33 1 1 19 23 134 73 84 186 26 19 24 190 95 174 0 1 1 91 61 168 130 24 1 45 0 84 70 68 0 21 0 98 123 1 44 0 1 139 133 48 93 198 113 86 145 1 28 72 26 66 1 89 0 181 124 141 121 180 137 89 93 63 49 154 19 73 1 1 0 71 0 0 168 169 1 1 107 74 0 100 50 27 96 110 37 1 57 130 173 
1 1 15 4 34 0 120 173 22 80 62 168 173 1 199 26 15 0 138 68 41 1 1 178 121 101 118 184 49 129 163 0 1 112 1 126 0 0 155 26 133 181 141 95 164 120 96 33 189 31 188 50 180 119 135 0 75 168 57 83 1 64 0 105 10 21 153 24 198 165 126 1 1 93 42 40 108 189 20 57 97 0 1 0 93 115 21 198 97 78 0 159 149 97 78 21 0 170 179 1 
0 160 102 178 0 39 66 176 167 0 73 0 192 82 181 1 101 184 143 1 164 174 34 1 0 0 6 198 66 11 1 167 141 125 134 0 1 33 145 94 0 6 131 83 9 0 164 172 0 97 128 1 94 0 28 83 5 1 50 1 40 193 115 164 59 157 1 140 99 62 1 164 0 10 66 163 80 152 1 1 135 12 189 110 29 44 0 0 0 147 0 0 76 0 67 28 39 162 162 108 
28 1 130 114 43 189 1 7 116 68 78 46 188 1 160 64 21 77 132 74 88 29 88 0 148 42 112 67 38 124 125 52 168 176 0 25 170 189 1 155 198 155 171 1 1 131 150 150 24 72 63 190 164 0 27 34 169 2 134 110 160 176 80 141 53 123 6 0 70 119 70 0 199 187 83 49 178 0 9 140 0 1 177 78 1 95 124 69 149 1 26 81 0 144 120 1 10 55 159 147 
54 104 61 85 140 0 67 133 0 1 0 1 38 79 1 82 19 105 195 1 1 1 15 123 52 179 0 52 35 155 181 0 72 112 1 159 88 156 7 172 64 118 7 1 31 76 69 176 112 24 105 70 1 113 185 5 152 79 1 95 1 85 161 117 11 147 126 85 148 67 51 0 1 1 64 47 46 158 117 53 193 45 53 128 191 0 165 9 47 130 1 127 1 0 112 1 60 1 101 186 
152 74 61 24 0 97 155 138 0 82 1 0 6 107 184 62 122 1 0 66 34 101 27 0 79 0 119 63 16 140 188 133 1 152 2 81 154 62 0 141 150 163 159 0 175 0 50 128 0 146 186 104 127 168 66 144 12 172 0 110 168 174 136 123 21 38 79 7 128 183 139 175 122 54 61 158 75 59 148 83 100 69 0 167 124 83 176 198 146 34 8 12 82 1 0 71 122 108 79 91 
87 1 186 108 12 126 1 109 28 38 5 43 136 115 36 191 0 199 1 71 22 80 177 0 0 96 145 12 192 71 28 32 0 25 0 189 97 0 44 46 5 23 125 77 0 162 87 90 76 1 129 54 107 155 0 1 111 1 190 137 159 46 128 4 1 138 1 153 1 100 136 1 41 12 1 1 175 38 68 198 112 197 191 77 50 194 61 139 8 158 12 15 163 109 65 0 128 19 0 116 
133 1 61 25 199 0 159 99 0 37 146 150 169 1 20 47 41 97 94 6 0 1 1 169 1 1 91 101 111 20 134 153 86 16 1 50 115 86 0 68 44 191 0 189 15 124 192 197 0 145 3 70 138 159 142 162 180 1 199 166 1 19 167 14 136 1 4 23 97 133 102 43 48 85 117 184 106 0 167 9 40 158 26 153 123 176 42 102 133 91 1 152 100 82 88 149 0 179 36 33 
175 0 143 1 1 103 135 137 1 111 152 1 1 52 118 0 1 81 176 117 1 83 134 1 34 183 62 0 1 32 190 1 110 41 43 34 139 165 199 93 186 125 16 183 179 162 76 7 198 18 173 87 41 1 0 57 152 0 180 77 0 45 163 131 0 1 62 66 196 75 141 111 1 193 170 0 124 173 59 108 69 140 51 135 20 40 129 49 1 134 88 0 14 184 149 133 99 0 111 100 
62 103 168 129 74 0 74 26 93 1 98 18 192 107 0 127 178 160 99 1 0 0 77 1 88 0 0 150 0 1 112 145 103 96 41 97 163 34 90 1 52 0 107 183 162 3 97 0 122 0 132 78 100 86 13 33 162 75 26 56 28 190 15 134 72 151 112 117 40 164 30 0 135 0 117 157 59 1 1 109 20 124 73 5 169 0 22 49 166 104 72 95 15 134 0 180 197 1 0 30 
45 151 143 161 71 17 9 70 183 1 62 28 1 53 143 1 60 128 139 10 156 82 195 110 146 131 198 140 17 147 162 0 168 39 151 180 1 34 12 172 0 1 0 0 23 23 8 78 176 6 194 126 104 125 93 151 39 97 126 193 21 112 0 76 1 132 50 74 127 154 176 136 63 0 1 130 94 161 182 89 58 33 30 59 141 1 115 39 16 191 38 1 0 90 50 145 192 181 168 0 
