1
20
0 29 0 0 1 1 9 34 4 1 24 19 38 26 36 20 2 35 27 5 
30 0 19 7 3 11 24 36 30 25 1 22 3 0 21 6 24 36 7 13 
0 29 0 13 35 37 34 9 0 24 0 0 2 0 1 0 39 12 4 0 
18 35 11 0 1 0 0 30 21 8 30 34 38 18 5 35 18 24 2 0 
9 14 30 34 0 0 21 26 0 1 19 8 34 32 39 1 7 1 1 5 
1 3 1 36 9 0 24 16 12 0 3 35 28 10 13 1 32 38 39 8 
9 31 16 28 30 30 0 5 39 27 36 8 1 33 36 38 39 26 4 1 
36 37 26 13 0 22 16 0 24 38 19 38 1 38 6 1 0 15 1 10 
1 38 13 18 12 39 1 6 0 1 1 1 7 0 0 6 16 8 9 0 
0 23 26 2 38 18 0 0 28 0 28 12 28 9 12 29 26 1 17 7 
27 1 1 17 1 31 18 0 1 6 0 0 37 9 6 16 19 2 0 0 
2 1 0 24 1 0 1 12 20 12 0 0 2 35 1 1 0 1 30 1 
13 0 1 7 12 5 0 32 23 38 29 17 0 0 28 30 23 4 37 1 
1 23 0 0 25 10 17 2 28 9 27 13 0 0 35 18 27 1 25 23 
17 5 8 10 8 0 18 0 37 15 8 7 0 0 0 27 30 19 38 31 
26 8 12 1 7 1 1 12 24 1 17 7 0 30 0 0 5 22 0 0 
2 15 1 7 1 3 19 36 0 20 9 13 29 1 0 1 0 27 1 14 
9 38 0 1 6 21 25 14 9 1 11 16 34 13 29 0 0 0 1 0 
30 0 16 0 5 0 20 0 1 39 38 1 6 20 37 14 37 33 0 0 
27 0 0 5 32 6 1 23 8 17 23 26 10 0 12 16 9 3 15 0 
