1
50
0 96 65 2 33 84 95 1 57 0 89 75 82 39 5 74 84 94 1 62 57 39 46 0 22 10 1 33 0 24 1 45 54 12 16 67 49 43 44 84 1 0 0 60 35 38 67 1 13 0 
1 0 29 60 63 1 28 43 99 12 0 14 1 53 0 51 33 71 77 11 15 56 41 13 1 37 4 45 22 64 1 0 30 82 15 95 77 38 31 82 80 41 35 24 33 91 9 22 0 45 
1 62 0 48 13 62 9 65 99 1 37 75 42 89 21 70 16 20 63 1 19 8 74 22 77 3 96 48 93 73 87 12 43 31 1 0 36 30 53 1 39 99 81 95 39 0 25 52 63 37 
1 67 79 0 40 1 1 89 31 11 88 67 73 1 25 46 93 68 79 6 0 92 85 80 0 4 98 1 38 66 0 65 96 95 59 55 0 1 15 89 1 35 1 0 83 57 84 27 1 71 
79 66 59 14 0 26 32 74 97 79 22 75 21 73 99 62 98 1 71 19 0 19 4 86 34 39 7 99 64 68 4 1 19 30 62 1 29 1 48 38 76 24 98 8 1 58 67 79 80 49 
1 10 88 57 42 0 0 0 1 0 99 1 0 44 17 88 99 50 20 1 27 30 51 88 62 27 29 95 1 1 85 81 1 1 97 55 1 55 41 47 82 8 71 1 12 55 69 22 34 29 
86 1 58 0 0 1 0 26 0 69 1 23 32 13 43 1 27 43 40 1 24 37 21 86 83 36 34 97 22 46 21 39 85 90 29 22 55 19 49 22 66 1 98 17 1 67 63 5 0 80 
92 68 87 96 69 73 15 0 99 79 1 10 22 96 0 50 78 10 35 88 1 27 86 90 1 71 1 98 1 49 0 0 1 1 7 58 36 55 55 8 20 1 50 23 1 0 51 9 1 96 
28 0 67 95 42 0 1 94 0 0 0 51 80 1 73 1 80 69 17 13 60 17 0 71 0 11 91 0 1 34 29 1 1 5 36 43 98 42 2 60 23 89 60 0 70 77 32 60 1 53 
58 63 24 54 0 18 70 62 27 0 39 40 38 9 45 97 95 44 0 0 92 0 74 61 40 13 37 4 1 38 57 88 59 1 24 35 43 41 40 50 1 5 79 77 22 1 0 76 5 1 
78 0 11 41 0 11 1 68 40 75 0 64 82 29 92 13 39 31 1 95 47 3 41 1 45 27 33 78 58 34 1 17 0 19 1 18 24 91 35 27 9 40 1 83 1 56 43 95 36 58 
28 38 45 57 23 63 98 0 49 1 93 0 29 61 2 31 5 0 77 86 42 73 0 1 54 95 0 66 87 79 94 96 10 87 1 46 35 36 0 14 64 88 80 14 58 6 64 47 1 58 
64 1 96 0 85 0 94 39 11 80 22 27 0 51 82 78 0 77 46 57 94 96 19 57 94 1 20 1 43 62 55 59 37 6 1 50 1 0 1 56 27 22 1 40 1 61 0 74 14 24 
1 92 49 90 5 49 1 71 5 39 85 13 1 0 1 0 62 0 0 23 1 44 1 88 73 21 72 72 25 47 18 42 0 45 75 0 33 0 5 0 30 81 23 52 61 58 1 0 93 84 
61 33 67 10 25 36 1 74 61 33 89 77 0 31 0 32 49 5 1 45 19 70 66 0 81 78 95 0 50 64 65 32 58 60 74 42 18 1 30 31 0 15 32 89 86 9 0 45 1 74 
78 95 73 70 16 8 76 16 28 7 50 1 0 59 0 0 0 77 38 75 62 90 64 57 0 79 68 0 0 85 50 19 1 88 52 0 82 1 23 9 59 80 53 1 1 85 28 48 23 48 
71 32 0 52 76 0 1 1 16 12 93 0 34 4 19 1 0 0 1 69 4 94 71 10 53 42 1 27 12 0 94 7 95 46 46 70 16 22 1 8 0 18 55 39 19 93 99 23 31 71 
1 93 0 88 1 44 1 51 1 1 12 1 0 61 27 46 87 0 93 1 48 0 34 14 38 21 27 91 73 83 48 1 44 1 88 37 78 95 93 71 40 0 59 0 63 66 52 26 54 13 
1 0 32 55 7 52 0 97 34 62 70 96 21 0 13 0 65 12 0 55 0 53 57 35 0 1 80 0 56 62 18 59 99 72 75 86 86 94 36 77 46 15 0 1 85 78 37 8 20 45 
28 75 14 40 95 25 1 72 1 16 0 65 1 75 6 24 1 50 1 0 7 0 15 1 54 24 38 88 93 65 51 82 0 63 54 90 0 40 0 64 63 65 90 11 34 75 50 0 0 99 
8 71 30 0 0 0 68 69 23 13 61 78 34 1 35 20 30 97 39 30 0 74 1 26 95 82 86 95 45 56 10 3 76 82 0 17 92 31 78 89 1 13 48 41 70 81 43 25 54 19 
62 0 40 58 17 0 14 0 77 0 96 77 0 1 72 65 1 1 2 85 66 0 84 20 33 1 29 1 46 81 36 77 1 62 91 0 16 74 9 70 2 49 92 41 1 83 42 0 78 41 
19 1 57 88 0 54 0 98 50 27 41 51 97 0 1 76 0 1 1 5 80 12 0 0 13 30 15 0 66 1 1 25 27 51 79 16 89 0 71 36 79 19 56 58 0 81 94 9 1 75 
1 62 95 83 1 63 79 1 0 86 77 1 33 11 36 75 1 50 99 0 56 36 58 0 0 25 30 73 5 74 76 2 0 95 0 1 48 5 88 32 9 1 71 44 86 87 0 1 44 41 
1 33 99 24 1 59 1 29 0 0 45 0 45 1 27 36 75 1 1 80 30 91 33 42 0 22 18 0 53 36 0 81 67 98 35 1 99 96 83 89 55 27 0 11 0 1 0 28 57 67 
57 81 43 0 61 55 74 28 30 1 7 75 92 43 14 52 74 97 4 44 47 87 79 58 85 0 75 83 96 0 72 52 95 73 66 51 19 66 41 98 25 32 42 90 11 30 7 66 23 46 
21 34 1 90 73 11 78 0 71 0 25 1 34 76 0 1 1 0 4 96 34 17 0 58 1 91 0 24 84 0 20 1 96 34 25 26 0 11 41 85 0 38 14 1 18 91 93 18 0 85 
30 74 84 5 26 13 5 24 61 45 32 0 32 1 39 49 50 58 20 88 28 1 21 1 5 34 60 0 11 1 21 48 50 60 91 1 16 24 65 54 92 0 96 17 55 0 0 92 57 0 
12 33 67 1 26 66 40 79 55 31 95 36 1 92 60 79 65 53 41 63 5 71 0 99 93 43 69 90 0 9 59 0 10 32 97 1 0 47 0 74 90 1 61 22 28 87 0 94 12 1 
1 63 50 63 0 18 0 35 51 1 1 87 65 49 11 0 84 8 72 89 78 38 4 51 0 69 1 40 28 0 98 28 32 8 45 1 77 66 0 50 0 14 84 66 98 12 13 70 7 35 
57 1 0 1 95 67 0 18 7 50 48 84 13 0 11 1 75 0 1 0 55 57 10 6 22 1 13 24 30 89 0 13 1 98 1 0 66 15 14 23 70 1 1 59 1 71 13 69 39 9 
61 80 0 40 16 88 0 2 61 1 72 1 80 21 83 58 57 0 1 83 10 0 98 36 1 63 0 48 66 32 92 0 94 84 64 34 47 16 1 40 62 0 0 84 49 50 1 29 55 33 
28 89 29 49 0 0 21 85 0 0 33 43 18 25 53 89 33 1 89 90 88 6 84 0 23 9 93 35 1 1 57 31 0 45 0 19 47 53 47 7 99 9 78 44 36 59 83 53 44 96 
16 73 47 1 1 72 69 0 49 45 0 6 10 3 0 77 0 1 0 27 34 97 60 91 0 96 1 94 57 1 43 44 19 0 1 78 25 1 0 0 56 54 88 0 70 85 1 37 50 92 
10 1 85 0 1 26 56 1 25 13 92 1 1 98 1 14 1 0 61 12 88 1 12 0 80 38 28 69 4 0 0 0 47 57 0 1 0 23 0 94 50 52 53 48 42 99 74 0 1 0 
34 35 1 1 0 40 45 1 73 78 84 66 30 99 30 0 1 1 70 0 79 19 1 53 6 92 58 82 45 97 0 52 22 38 40 0 59 8 79 0 88 64 27 92 79 1 91 9 64 44 
1 18 96 99 24 1 45 64 90 24 2 0 4 1 96 0 88 1 0 15 0 82 51 16 60 1 31 40 25 23 1 8 97 20 1 88 0 0 59 0 1 7 0 68 0 30 11 1 0 52 
36 59 18 22 0 91 5 26 45 80 41 52 67 1 22 37 50 1 1 74 16 0 64 72 79 2 6 0 38 0 0 4 96 98 58 72 28 0 30 55 21 5 3 32 18 4 99 0 80 97 
5 66 65 62 0 75 1 21 28 21 80 7 33 70 7 0 13 69 0 0 0 33 23 1 23 63 1 0 0 38 0 0 19 85 63 33 11 6 0 0 2 50 76 58 59 44 63 29 91 97 
74 97 1 34 1 64 69 51 34 78 62 3 0 45 25 57 80 0 87 58 44 72 24 77 1 50 65 71 22 0 84 31 69 42 88 25 41 4 40 0 13 1 35 16 20 15 91 18 64 21 
77 2 79 0 0 98 8 52 45 0 62 8 68 0 6 78 1 26 0 31 14 0 77 84 32 9 16 26 0 72 76 0 23 0 81 52 45 15 0 39 0 28 22 36 81 6 1 55 23 10 
98 70 80 85 29 73 83 31 95 98 92 87 97 0 56 63 1 0 92 0 1 87 21 0 51 26 81 0 64 43 97 87 64 52 70 1 1 93 13 1 0 0 0 0 88 24 44 18 88 48 
0 1 42 1 57 30 1 74 50 1 60 58 72 38 52 39 95 47 6 1 0 80 17 69 1 1 1 95 1 18 0 1 30 41 82 0 96 0 11 31 85 1 0 18 1 0 34 52 46 54 
84 48 0 19 3 41 59 0 47 2 58 54 95 70 95 43 21 69 34 40 71 62 10 1 0 1 11 31 98 0 54 2 67 52 99 56 73 67 93 1 25 36 0 0 59 36 11 15 47 37 
1 0 1 0 1 24 42 1 76 1 79 69 54 22 47 0 1 44 4 0 29 51 0 30 65 86 1 98 48 96 95 72 7 29 12 1 42 63 23 39 1 36 45 28 0 2 62 36 0 1 
19 76 90 94 1 49 13 34 48 0 1 49 43 91 12 35 73 43 0 59 96 0 49 48 22 29 83 81 66 1 13 84 10 84 1 10 1 1 85 0 23 16 36 28 66 0 0 54 85 39 
22 89 1 46 44 44 12 36 2 52 63 13 28 0 70 85 1 48 35 80 25 0 73 88 8 94 1 57 0 40 93 1 39 0 64 1 87 0 55 0 89 0 74 92 95 9 0 0 21 0 
0 1 93 66 0 24 29 1 87 69 41 81 93 72 41 41 40 91 94 77 72 10 0 75 55 78 33 3 1 89 2 57 78 0 0 57 46 32 0 53 87 88 1 0 23 18 39 0 1 0 
0 36 29 75 80 0 88 58 96 1 94 46 46 41 31 86 1 1 79 91 77 6 14 88 42 31 70 49 94 5 0 52 14 50 1 91 15 87 92 25 13 53 78 60 19 0 28 11 0 47 
24 1 75 98 29 1 1 1 32 29 1 7 26 54 86 1 1 4 47 0 81 17 42 0 40 1 49 99 6 41 23 6 80 1 99 71 59 65 62 58 0 0 91 66 91 76 14 70 89 0 
