1
60
0 47 14 11 0 0 73 1 77 6 38 6 0 46 1 57 1 114 12 90 60 59 23 88 0 51 103 53 97 118 70 40 0 91 15 94 118 117 27 58 111 115 65 0 0 0 80 89 71 1 45 0 36 72 20 50 1 3 31 71 
116 0 49 1 0 113 22 55 55 67 44 92 108 115 111 32 0 94 101 105 59 97 10 14 75 40 0 42 6 2 116 0 63 0 0 91 4 29 0 88 1 0 100 1 105 66 96 100 0 54 91 104 65 119 72 0 0 39 61 0 
0 109 0 1 14 83 1 37 1 14 40 0 34 63 1 7 66 17 21 82 36 41 78 14 47 69 39 62 82 50 102 1 0 66 35 0 4 29 116 106 114 52 7 68 45 45 44 34 44 0 116 0 21 17 30 105 15 0 117 32 
26 71 15 0 70 0 104 118 26 49 0 1 17 108 65 75 12 107 1 1 115 1 88 115 28 1 88 0 54 36 33 9 26 5 90 1 76 15 50 17 0 1 16 101 1 72 44 119 51 26 36 68 107 21 68 71 81 1 1 22 
71 113 1 8 0 1 99 61 52 3 42 84 1 1 119 18 0 0 71 114 31 0 109 1 92 14 106 89 0 0 8 31 1 30 80 0 60 0 1 57 20 49 118 101 116 90 83 118 86 31 98 41 55 74 73 91 28 80 0 0 
118 1 58 16 1 0 8 35 100 21 52 40 49 99 33 13 96 48 75 23 53 63 0 93 81 53 117 62 1 0 59 0 0 11 60 63 38 84 62 75 105 68 34 41 101 117 50 70 37 61 63 64 1 118 38 58 83 61 72 106 
107 1 108 0 17 43 0 115 96 2 106 1 6 6 10 85 0 8 60 17 84 5 111 0 29 72 2 80 1 98 31 70 20 0 1 1 114 101 0 38 37 35 0 78 20 12 95 33 44 1 44 2 69 18 82 107 80 1 0 85 
117 5 41 101 0 17 0 0 59 61 118 110 73 78 24 14 10 5 14 80 1 78 84 1 64 86 38 74 8 90 1 0 23 63 56 108 83 0 65 1 76 57 3 13 11 0 101 59 58 105 16 38 58 48 26 8 0 90 68 2 
109 6 1 1 56 1 39 88 0 30 112 39 9 18 88 40 3 44 0 13 119 0 41 50 14 1 94 1 87 80 27 15 7 11 18 101 33 69 37 104 1 1 34 14 95 58 1 78 69 58 0 42 1 49 1 0 1 26 9 109 
0 10 67 75 79 37 51 47 60 0 82 51 16 57 52 77 90 5 83 1 1 1 102 1 0 21 1 113 58 14 117 16 117 91 25 16 1 22 39 17 48 0 7 36 34 64 71 37 86 63 39 80 0 81 110 6 38 85 0 47 
8 1 70 52 16 3 29 42 114 34 0 0 29 62 80 69 1 0 17 26 78 119 94 36 65 93 62 13 117 82 93 70 96 1 1 49 60 50 0 23 6 29 35 1 28 100 0 105 0 119 93 4 17 17 34 0 1 26 20 1 
80 31 1 8 3 68 66 97 46 12 64 0 47 70 116 1 32 94 66 74 69 57 1 26 1 93 62 15 68 54 65 61 0 0 17 68 1 8 43 109 114 32 12 0 16 111 77 14 108 119 81 116 95 11 0 78 100 107 0 29 
15 32 62 1 108 35 74 103 32 0 50 16 0 0 8 94 29 28 1 107 17 2 0 79 21 46 0 38 0 97 0 1 18 119 12 58 62 70 119 84 1 19 103 0 96 69 47 1 1 74 89 97 1 86 62 12 66 84 37 1 
0 42 28 76 22 0 35 46 11 109 1 113 11 0 75 54 52 0 22 23 63 1 0 1 59 108 45 118 11 1 111 4 16 79 96 94 39 66 1 18 59 1 90 1 0 104 1 66 79 31 105 51 53 76 26 47 0 0 66 41 
1 1 35 3 1 15 82 35 73 5 15 77 66 96 0 72 48 6 1 87 1 66 80 110 67 40 85 34 80 24 0 76 105 29 7 81 71 0 35 68 80 0 88 1 0 56 30 1 57 118 74 29 1 119 72 0 1 24 81 65 
66 90 63 0 49 1 36 3 72 71 1 62 0 9 76 0 1 63 0 33 0 78 0 95 113 1 115 96 83 5 53 30 0 47 0 1 50 51 19 0 10 33 0 23 56 28 0 0 107 79 38 33 97 48 62 72 89 51 29 86 
97 14 61 12 10 0 112 1 118 38 115 18 65 70 1 106 0 3 28 53 52 49 25 29 106 7 115 13 70 69 57 84 1 84 88 106 20 1 53 1 75 108 0 58 1 39 4 1 32 0 6 89 51 1 1 49 1 3 16 71 
11 10 1 1 81 13 0 11 44 32 49 67 10 78 64 0 27 0 35 67 1 0 80 0 85 0 27 95 12 24 112 40 72 0 11 79 47 92 97 62 0 86 90 0 22 3 113 20 73 29 16 66 13 0 1 75 84 1 100 76 
0 80 55 62 16 1 73 5 14 24 106 81 89 35 67 18 0 100 0 11 21 96 87 9 98 0 17 2 0 18 1 16 78 85 1 72 10 69 77 84 66 0 16 97 51 42 1 118 0 89 1 0 68 0 44 47 96 78 0 0 
108 85 16 79 61 67 38 95 76 91 102 118 1 8 70 34 32 56 47 0 30 116 99 0 1 74 90 59 97 113 39 0 65 86 74 66 0 94 0 107 0 31 14 105 84 11 24 44 91 0 0 0 51 0 113 37 79 105 102 36 
65 1 1 7 0 44 0 32 1 91 56 9 0 0 102 73 1 28 24 38 0 111 56 4 66 24 78 1 1 1 117 1 62 0 59 21 106 1 83 7 3 48 0 24 114 83 1 114 96 110 42 0 118 53 115 99 90 28 83 34 
68 3 87 86 95 69 45 109 78 107 1 57 0 0 109 17 28 117 25 82 101 0 51 63 84 77 1 78 32 81 0 12 1 43 48 8 1 0 17 93 87 65 108 110 1 71 97 0 65 1 0 0 0 0 49 71 54 119 104 1 
0 28 1 118 1 67 1 0 0 23 78 1 29 1 66 65 28 0 114 29 81 73 0 80 82 107 1 52 29 82 92 28 29 78 0 4 26 118 8 108 27 1 13 106 0 73 90 88 18 10 6 23 0 78 34 93 19 82 95 31 
92 96 109 16 33 0 31 85 1 118 105 91 118 76 50 7 0 80 37 1 46 1 72 0 53 85 98 92 90 0 59 77 113 8 1 0 97 52 1 0 0 98 1 1 47 113 1 16 72 4 76 42 118 43 38 0 1 40 47 113 
47 9 83 0 1 3 106 48 31 112 48 6 96 63 109 1 62 0 40 78 21 40 84 62 0 0 1 1 4 0 61 1 0 38 33 10 0 47 8 87 68 21 20 31 0 108 34 81 4 97 81 59 44 0 45 66 13 48 12 9 
93 34 63 51 85 107 0 1 0 11 116 74 7 0 41 76 110 8 0 18 16 41 1 89 33 0 64 76 96 72 90 65 1 99 106 1 25 64 1 109 86 117 27 95 1 0 39 0 64 41 0 67 15 12 13 65 4 38 83 31 
63 45 63 31 43 76 91 1 41 63 18 108 7 83 0 86 6 61 26 8 9 32 45 11 0 24 0 109 44 79 28 1 15 100 90 42 0 59 29 63 111 81 35 73 81 42 62 36 1 1 78 37 96 32 0 50 112 84 20 0 
1 1 0 30 113 85 13 93 39 26 1 63 109 50 56 0 96 26 13 0 82 1 101 67 1 1 50 0 97 107 107 0 116 0 53 96 53 42 33 1 111 64 117 64 25 22 25 71 12 0 57 0 88 66 112 1 1 84 0 1 
1 83 0 67 29 70 0 118 64 1 43 1 34 99 80 37 109 56 89 0 60 0 17 31 72 23 6 50 0 15 51 59 91 67 9 65 115 0 48 94 1 50 45 95 79 111 79 3 59 74 7 71 112 0 97 6 49 0 8 87 
68 1 1 115 0 100 71 1 1 77 94 0 0 20 22 98 68 0 54 1 25 26 32 1 48 96 1 0 20 0 24 52 0 1 102 1 65 19 19 20 0 66 106 45 1 1 106 92 40 4 1 93 0 37 35 6 1 45 111 0 
46 36 7 2 2 73 5 65 36 110 98 91 109 1 50 93 14 0 73 56 0 68 0 1 8 34 2 60 0 0 0 98 17 78 0 109 41 51 0 1 32 1 28 105 118 33 92 56 1 97 12 26 2 45 100 1 77 1 82 47 
77 1 53 6 0 94 0 0 1 24 23 19 1 48 13 34 11 45 11 57 1 0 3 45 0 84 10 107 97 62 0 0 53 0 12 109 56 92 1 41 50 20 102 1 31 114 29 1 44 40 113 0 0 24 94 53 0 73 111 38 
96 68 9 8 5 116 64 39 31 95 57 0 114 1 43 66 114 111 1 0 117 16 104 76 1 107 41 94 27 59 55 73 0 2 107 10 7 89 61 82 38 0 1 54 111 114 70 4 13 1 94 18 35 109 20 0 37 70 65 53 
1 64 0 3 46 55 38 94 1 0 112 74 74 68 37 57 39 101 1 101 71 53 0 94 8 114 105 22 1 39 0 83 0 0 7 87 72 1 14 10 1 30 46 36 40 63 1 77 115 49 35 62 43 92 24 82 0 13 104 82 
17 0 20 101 42 26 9 70 11 1 1 53 13 66 99 1 104 58 71 35 23 118 99 98 80 9 64 46 61 116 109 45 105 26 0 1 59 0 36 110 105 53 108 37 35 58 66 5 46 59 40 119 90 11 74 111 45 44 68 1 
0 60 57 1 37 61 41 103 76 62 112 0 0 101 85 110 1 0 1 40 62 64 25 116 77 77 39 12 41 28 103 53 41 0 49 0 0 36 60 6 65 2 94 17 59 21 86 53 113 11 19 1 87 90 38 52 76 44 96 50 
2 51 5 117 23 89 29 49 100 97 108 55 99 47 93 105 70 0 96 14 80 106 110 108 109 107 86 83 117 35 77 109 2 0 0 33 0 104 1 31 17 96 108 57 20 11 86 94 14 78 25 1 29 76 88 57 0 16 110 43 
111 99 89 1 36 27 50 0 70 46 53 35 88 91 8 0 68 101 21 32 62 106 36 113 96 82 111 1 11 56 95 38 87 98 100 78 77 0 0 77 1 1 63 66 0 116 69 65 106 4 61 47 0 55 0 1 36 0 90 43 
74 4 106 97 1 21 41 110 0 70 1 34 87 62 26 39 68 44 119 54 42 100 49 1 0 28 1 74 102 27 1 45 91 44 119 40 0 88 0 1 3 37 99 115 70 23 0 0 92 96 23 46 111 3 0 71 0 81 1 1 
93 60 1 1 110 57 17 0 0 0 59 89 101 42 41 111 58 12 98 0 1 9 1 38 1 62 79 103 1 74 119 43 0 85 0 58 97 66 108 0 107 34 1 92 113 0 20 65 21 117 100 84 104 103 97 1 33 66 54 94 
44 54 1 95 59 28 39 84 98 94 0 1 3 81 51 82 1 0 57 60 0 21 8 102 106 76 51 4 0 32 1 25 1 117 6 54 89 1 84 0 0 0 1 0 51 97 26 0 83 56 13 1 0 1 8 1 43 56 25 80 
32 103 74 110 0 58 104 0 3 109 0 12 6 18 7 0 10 10 25 8 42 106 1 84 71 7 89 38 49 3 72 0 67 58 86 116 31 57 59 114 0 0 37 78 0 78 4 77 112 82 24 0 1 0 1 88 103 18 1 1 
56 51 4 7 31 0 116 107 0 14 35 83 0 63 37 1 55 64 9 96 10 18 15 0 109 112 100 53 66 34 53 96 41 7 25 119 111 1 58 1 47 82 0 38 108 65 1 21 2 56 6 28 91 76 57 63 56 119 74 105 
33 4 31 1 89 48 81 108 14 118 1 24 21 83 58 104 0 36 8 58 1 82 109 74 108 82 89 9 14 70 110 76 66 111 33 26 84 50 62 67 42 84 107 0 71 93 97 0 81 10 87 38 3 91 96 45 15 45 14 10 
74 31 92 1 33 32 79 31 53 68 3 79 81 16 44 105 5 0 44 119 80 89 91 12 0 41 88 108 85 45 57 74 70 46 45 117 74 0 0 0 1 29 1 88 0 110 55 85 15 20 32 1 34 0 97 1 90 0 45 0 
0 117 55 1 119 92 0 91 66 1 52 18 33 81 0 66 48 41 77 87 1 1 61 19 90 12 1 0 80 9 57 0 0 21 75 69 45 117 45 34 5 0 0 0 116 0 1 0 77 60 88 97 26 58 32 89 22 80 76 80 
104 1 0 1 1 116 119 63 59 1 26 0 85 0 57 99 1 36 59 1 94 9 4 1 0 1 4 92 24 41 82 21 29 0 0 1 116 78 14 34 34 107 114 8 29 71 0 108 55 5 20 34 10 5 0 61 62 1 57 79 
1 22 14 0 0 72 30 80 30 1 37 91 83 32 43 106 68 82 57 62 78 9 0 1 111 118 86 37 26 1 17 52 113 99 73 16 71 73 1 83 0 2 36 78 1 98 5 0 102 93 64 98 71 58 72 0 1 82 87 68 
75 117 30 48 0 101 0 21 65 57 35 22 21 61 100 5 98 26 34 42 0 59 81 1 63 1 68 1 115 78 78 102 0 94 54 1 1 1 98 102 59 107 15 0 40 105 61 0 0 70 11 68 17 0 0 103 90 42 45 42 
101 26 44 105 66 24 39 50 66 57 13 95 109 4 83 43 116 87 64 0 0 92 27 9 20 0 83 48 0 50 49 20 5 66 110 15 109 26 52 26 19 75 103 24 26 13 64 1 7 0 0 1 0 42 64 96 0 1 37 14 
72 58 58 44 0 88 1 93 45 71 0 101 57 0 108 76 102 85 0 0 23 111 46 69 1 105 14 1 83 64 4 94 0 34 23 0 1 26 0 24 36 101 49 70 0 6 109 1 59 54 0 111 1 93 97 57 58 1 1 1 
86 114 49 91 110 84 95 58 94 62 112 51 0 6 50 1 1 93 0 88 1 27 44 0 6 73 119 1 94 82 73 38 91 0 88 0 58 1 1 15 0 1 96 15 5 1 45 63 20 85 48 0 34 16 27 23 1 89 113 1 
94 44 1 60 57 13 112 23 1 10 0 36 113 1 8 102 106 1 47 0 54 8 1 7 69 52 43 87 105 1 13 48 54 36 56 82 71 0 37 1 117 1 82 0 89 1 0 1 60 75 35 61 0 50 92 86 16 1 67 0 
111 65 33 108 23 58 55 76 111 111 92 102 1 0 0 50 0 12 0 98 0 116 115 47 113 6 90 1 5 0 69 0 46 4 1 117 56 98 1 65 87 30 1 8 43 59 78 88 0 31 0 12 33 0 104 32 100 25 1 1 
55 73 108 17 1 53 1 61 109 34 97 10 57 0 81 60 81 38 12 99 33 61 45 105 1 59 93 76 115 0 70 23 3 0 72 18 11 0 41 67 94 88 90 100 111 21 9 0 14 86 0 100 93 62 0 76 18 16 71 6 
64 26 18 115 33 110 34 109 98 83 27 88 85 87 81 65 38 25 108 79 0 91 1 109 0 90 52 1 1 43 18 6 21 48 89 92 2 1 95 24 66 67 0 87 0 66 31 1 14 30 1 117 70 3 50 0 118 58 31 112 
60 53 1 1 100 38 104 3 96 31 31 20 116 16 34 94 5 83 107 115 0 1 12 14 100 1 118 119 1 113 38 31 48 4 60 1 106 63 1 86 114 88 11 1 0 1 0 114 46 0 91 6 116 49 0 55 0 1 51 7 
18 93 78 82 15 1 85 13 0 0 1 39 31 59 119 0 109 8 64 81 0 17 31 56 80 33 108 52 91 0 73 36 114 0 61 78 3 37 58 111 101 99 49 43 56 96 105 94 115 85 75 65 118 57 15 1 0 0 88 39 
67 33 79 33 118 99 43 40 57 11 17 1 73 22 50 90 0 0 37 71 63 30 81 114 32 82 41 14 79 101 39 21 12 1 55 95 96 54 76 72 56 48 104 99 97 92 106 1 21 16 89 0 94 1 95 15 117 12 0 34 
0 93 65 74 1 18 91 5 14 117 79 84 0 70 100 7 110 119 56 86 1 4 79 78 81 64 24 1 1 65 103 30 26 22 41 68 41 41 0 8 1 8 45 82 81 1 55 8 47 103 28 61 35 1 4 117 31 43 1 0 
