1
100
0 177 36 1 1 174 88 76 128 69 61 82 1 0 189 1 73 43 129 16 37 1 80 1 100 71 161 154 93 62 161 64 169 103 1 39 82 1 1 107 179 75 34 11 145 5 133 65 156 23 189 166 30 0 108 58 68 1 174 0 1 140 47 33 1 172 67 152 18 115 160 115 169 24 1 0 49 88 48 182 89 14 180 57 185 107 52 173 125 103 0 158 178 27 180 175 65 113 0 187 
28 0 42 146 109 0 149 0 2 84 28 184 17 175 0 173 7 176 0 1 0 32 89 125 129 1 80 58 96 178 156 71 111 158 124 141 85 72 133 59 21 97 1 173 62 1 175 110 129 93 0 197 182 1 107 21 20 183 196 119 189 93 0 16 0 189 111 58 61 1 167 27 149 36 127 1 1 160 162 43 65 136 178 108 1 114 155 184 196 19 160 80 1 185 43 72 182 188 36 184 
47 6 0 198 1 126 0 83 3 0 1 1 89 1 3 142 128 162 150 174 89 154 117 106 65 115 60 126 72 64 60 73 162 37 47 0 0 122 113 85 1 59 3 118 174 1 38 1 186 94 63 181 96 0 65 24 157 1 93 0 45 189 12 39 0 85 1 84 53 111 1 134 1 59 0 45 59 117 146 1 170 0 0 112 69 59 28 0 69 72 0 77 167 0 0 155 46 0 0 9 
120 188 0 0 126 85 149 116 161 31 54 1 78 130 143 93 157 96 22 192 129 88 54 149 121 126 179 86 85 108 132 162 1 108 72 35 124 159 134 100 0 48 1 103 0 160 188 0 79 82 8 59 176 104 1 11 131 119 21 121 121 49 145 31 153 0 113 154 137 57 129 1 99 20 14 189 11 143 0 16 127 1 69 16 6 159 164 0 50 81 0 52 82 194 139 118 169 101 41 1 
22 157 42 24 0 62 1 0 93 1 149 115 20 105 0 107 131 41 24 1 1 0 1 148 1 0 1 99 83 198 118 153 125 72 5 176 108 1 12 48 112 24 197 16 0 1 38 49 1 107 60 139 95 142 74 174 70 1 1 135 147 0 0 0 185 141 0 64 6 0 166 105 78 103 127 154 170 84 178 1 85 188 194 187 0 160 40 1 0 184 15 150 0 1 160 50 150 124 94 99 
22 196 123 0 193 0 1 191 52 0 14 1 1 1 45 138 179 1 63 58 147 52 0 0 1 197 127 66 160 185 6 1 53 54 107 1 151 138 145 0 129 146 180 0 1 142 96 20 116 194 0 148 171 34 83 170 0 1 165 79 0 189 1 1 120 75 44 126 3 84 100 52 0 177 48 183 90 192 78 108 21 127 137 100 103 112 149 25 162 183 178 29 122 28 0 0 123 45 31 0 
52 92 121 1 113 197 0 199 50 40 18 101 102 90 0 16 0 26 17 1 0 184 32 1 91 1 145 164 16 35 91 16 56 31 128 85 0 6 176 7 30 16 154 81 11 0 71 107 152 0 58 169 1 85 1 142 187 98 105 107 166 37 63 1 160 80 0 0 1 8 139 1 1 198 167 130 53 196 158 115 1 0 0 142 1 193 0 128 24 157 86 162 131 56 0 8 58 137 105 176 
1 88 0 27 193 139 157 0 0 157 56 97 55 94 98 132 1 74 68 58 183 1 133 0 23 127 134 65 0 0 1 121 27 0 113 1 124 1 169 0 100 134 44 167 195 39 0 0 1 47 42 80 69 94 155 59 52 128 142 13 30 138 53 15 188 0 20 44 192 162 173 0 135 103 13 120 54 157 40 47 36 77 36 115 76 1 185 1 122 59 0 14 172 38 170 59 1 136 0 70 
90 118 0 151 134 129 81 135 0 164 126 129 137 0 38 74 88 1 1 1 30 107 103 0 138 112 165 0 26 64 133 98 46 19 1 0 0 1 135 70 1 25 116 191 72 108 0 28 64 18 0 42 103 1 1 176 0 175 137 27 0 50 97 20 0 49 90 47 33 58 72 102 90 95 196 72 1 98 1 183 1 58 175 109 142 57 110 147 199 41 165 1 0 0 1 190 157 10 143 38 
29 176 97 1 106 17 0 48 120 0 0 188 169 66 0 41 1 54 85 32 90 43 168 133 119 133 170 90 114 20 72 155 186 7 199 58 104 112 0 1 162 0 121 140 118 0 137 4 122 161 191 23 175 186 1 34 69 52 60 181 1 98 140 175 159 172 185 111 17 176 87 130 1 30 58 23 116 197 113 172 58 83 179 1 169 133 145 106 123 54 1 31 193 33 151 172 96 0 21 0 
194 127 179 180 131 57 100 185 0 19 0 112 139 0 153 37 0 97 0 21 1 7 162 131 108 181 161 51 0 162 0 87 0 125 40 21 180 140 47 69 97 98 42 18 0 125 125 1 86 72 1 193 164 120 32 0 0 72 120 2 47 34 1 0 8 36 136 19 7 55 1 1 58 194 119 1 23 167 17 16 11 26 93 0 0 184 167 22 0 71 53 0 90 127 22 54 37 122 7 152 
134 56 78 112 90 59 89 85 168 0 43 0 18 196 103 42 119 76 41 87 1 151 1 142 0 194 41 136 69 77 163 0 136 101 147 74 152 1 118 55 61 31 157 0 5 159 1 41 11 122 107 1 32 199 167 1 46 177 0 5 1 78 65 72 0 1 11 68 10 49 26 101 58 141 0 160 32 84 43 194 134 38 0 134 29 0 86 1 54 135 183 179 14 184 41 163 53 0 135 1 
162 146 132 1 1 60 194 151 151 165 21 151 0 120 165 83 0 174 75 186 0 199 191 163 13 1 0 1 98 13 49 61 97 1 25 13 82 79 63 197 1 147 0 113 0 0 113 35 23 101 165 1 49 38 1 138 161 83 1 54 44 114 132 130 194 121 85 103 142 1 4 77 109 190 112 128 166 0 167 146 53 112 1 106 42 65 101 62 133 152 1 10 178 109 1 1 80 88 123 0 
1 0 96 1 49 14 27 0 192 63 101 0 1 0 37 1 128 84 103 73 1 94 0 0 115 14 83 197 40 131 1 126 0 112 125 0 189 65 16 106 146 37 38 72 86 135 1 117 0 0 105 112 58 18 115 0 162 0 134 38 111 99 69 134 163 1 73 196 197 53 63 199 0 1 113 25 1 198 1 135 183 56 43 166 0 1 183 148 97 179 109 44 0 0 155 25 164 10 23 1 
0 110 151 191 76 41 1 186 48 146 19 116 164 6 0 137 0 120 122 1 134 129 168 6 5 1 1 28 129 168 180 127 0 53 0 1 151 174 1 23 1 187 21 174 86 70 31 154 106 66 109 115 0 4 84 156 28 0 100 0 1 199 12 1 74 188 60 61 42 54 193 36 53 44 85 17 0 119 132 1 101 90 43 94 1 180 0 107 146 42 183 192 9 187 116 1 103 124 178 105 
130 35 197 75 1 1 156 110 96 0 1 108 124 9 1 0 116 82 0 151 138 177 19 41 0 69 84 22 98 0 118 175 94 26 37 1 74 193 174 0 94 104 0 121 32 35 6 11 40 1 184 9 184 150 135 1 95 25 39 20 78 137 41 1 15 125 0 109 192 20 102 4 1 69 144 86 171 39 150 98 26 161 174 170 165 165 41 38 0 67 162 96 0 197 119 60 178 185 68 0 
171 1 179 68 144 0 180 1 183 103 33 190 3 178 70 34 0 0 80 15 8 136 102 30 81 48 78 156 147 102 138 98 0 0 116 1 9 65 0 1 61 181 180 125 35 19 26 37 71 71 113 8 1 11 1 38 0 160 195 146 1 17 1 75 120 0 0 0 16 81 116 16 166 102 1 92 25 43 23 165 109 106 0 34 139 50 164 1 56 0 157 41 69 197 163 125 74 74 97 13 
93 70 36 162 86 165 0 137 1 24 39 95 63 34 122 1 0 0 119 102 1 1 197 24 36 0 162 0 12 54 64 0 0 53 45 123 79 49 186 3 136 101 9 0 96 188 160 0 0 98 1 1 190 11 25 30 37 108 73 188 150 166 122 91 0 144 108 92 72 23 47 1 52 157 33 147 32 84 189 0 86 132 0 170 0 9 194 1 99 142 148 84 0 90 164 70 164 1 1 1 
0 0 1 82 1 1 0 53 98 142 132 1 89 30 122 1 61 76 0 46 75 26 1 29 71 149 1 1 0 190 1 104 96 193 108 176 1 25 1 155 195 0 196 166 0 0 72 6 102 0 82 7 115 61 35 61 112 105 45 109 14 70 194 1 137 188 0 77 150 0 1 9 39 57 15 187 147 161 0 8 97 66 24 0 182 0 0 178 56 159 133 176 94 145 1 117 160 1 185 162 
159 88 166 0 175 0 193 77 182 46 1 128 5 0 0 180 89 135 125 0 169 1 151 0 184 88 152 1 32 1 169 1 1 9 21 106 76 195 130 1 127 170 22 73 0 144 68 88 0 79 146 62 1 93 26 173 63 5 79 166 45 121 1 0 82 101 142 39 145 0 79 63 1 93 36 112 105 57 0 0 0 72 62 122 187 149 26 59 103 0 158 1 28 37 47 94 21 18 1 188 
199 0 178 53 1 121 88 1 173 184 0 117 1 164 0 0 57 177 150 197 0 126 170 129 67 182 61 87 0 146 5 157 50 0 0 56 1 189 106 197 1 0 54 138 162 163 128 22 1 86 40 72 1 84 1 122 180 42 130 15 163 78 45 46 105 131 190 93 169 1 123 47 1 1 18 28 3 149 0 102 198 176 0 6 100 0 176 119 1 187 0 0 76 1 0 155 0 83 13 26 
57 190 0 76 14 132 56 153 73 61 82 149 1 97 111 106 141 1 1 63 1 0 129 67 83 1 40 0 1 187 109 41 45 37 1 74 15 140 184 120 0 156 1 1 0 4 69 0 128 160 198 42 0 0 171 66 1 172 166 0 81 42 175 188 109 33 96 0 166 46 101 26 0 72 0 199 36 122 84 140 161 175 147 69 169 126 59 0 88 133 162 165 0 171 146 184 81 191 1 19 
2 46 185 18 134 13 43 53 0 59 144 97 62 193 172 1 33 179 10 0 34 0 0 83 39 104 1 66 50 96 117 0 100 0 175 10 88 76 104 105 119 123 181 0 43 69 30 176 75 1 36 0 74 0 55 1 174 54 0 152 143 75 188 27 65 4 10 0 173 162 130 48 0 58 13 21 29 119 133 74 0 1 1 75 1 1 12 17 38 192 0 164 46 182 160 0 147 47 93 148 
11 147 10 179 62 91 1 81 1 112 130 2 166 62 124 106 12 91 158 176 132 1 1 0 104 45 1 83 58 139 59 93 137 136 65 110 82 171 40 49 119 5 1 137 1 0 138 175 0 61 15 185 171 190 10 0 6 174 1 75 0 0 142 0 88 106 0 0 158 44 24 36 124 156 1 78 173 76 173 197 43 0 110 107 93 1 25 1 0 1 1 0 36 166 102 1 1 77 0 182 
1 1 0 1 0 108 76 191 162 109 1 92 112 0 147 44 23 192 105 83 48 0 0 75 0 64 42 28 159 5 0 140 0 43 97 1 151 139 153 110 0 163 0 120 7 160 57 141 37 162 104 96 30 181 82 139 160 192 10 0 13 0 85 119 199 161 149 192 80 138 0 74 24 180 140 9 30 99 44 0 79 58 67 141 8 0 163 1 1 96 164 10 1 173 1 0 160 23 44 69 
1 2 32 20 1 193 186 185 1 90 12 0 170 109 117 16 146 0 53 91 17 4 149 46 96 0 29 20 177 133 197 184 37 0 136 49 67 103 121 8 64 194 153 0 68 39 0 64 179 0 1 129 158 38 5 152 182 100 0 33 56 74 115 53 32 0 16 112 1 197 1 0 58 47 90 1 128 104 1 59 61 0 0 182 171 91 85 35 192 13 1 99 2 1 115 0 107 9 1 184 
87 28 61 144 0 84 192 43 143 126 179 157 17 170 0 27 164 98 183 184 1 189 13 193 194 134 0 171 19 0 0 10 13 125 1 0 0 55 63 0 18 15 0 89 1 134 101 89 0 37 40 13 108 115 33 39 37 69 0 198 12 0 1 107 41 125 113 40 108 126 177 1 127 93 136 1 0 67 62 48 152 1 1 192 38 136 141 162 182 1 106 96 101 198 177 47 143 8 192 170 
131 31 1 195 105 0 45 164 7 28 198 198 84 54 0 36 173 46 8 78 172 138 199 38 99 1 0 0 112 45 193 0 173 35 1 172 142 66 164 181 0 81 11 90 180 143 51 181 1 49 58 1 187 166 194 0 115 1 75 185 1 0 151 77 132 32 32 51 158 1 174 0 103 7 116 171 1 179 161 69 74 0 98 14 196 156 196 130 1 105 123 142 2 136 1 142 111 100 80 131 
78 134 1 158 147 1 144 38 0 0 62 64 1 114 1 156 13 0 140 191 105 0 84 41 69 68 167 84 0 16 51 117 151 52 132 54 28 158 172 85 1 1 0 163 0 147 113 1 12 159 184 21 19 0 7 192 1 88 74 0 28 179 0 0 81 116 149 12 88 169 158 0 24 30 0 144 128 118 25 59 176 100 86 101 152 181 157 30 169 114 126 1 1 1 165 97 136 71 72 144 
43 198 94 1 1 0 103 22 161 127 62 119 198 67 1 0 25 8 161 44 162 183 126 83 0 1 166 97 76 0 51 173 145 89 96 159 24 0 172 3 102 96 17 141 199 28 2 6 185 191 56 61 160 19 42 26 145 6 124 0 83 1 0 22 1 0 1 0 159 118 133 64 164 199 173 65 99 69 102 113 0 0 98 190 119 1 22 158 199 1 21 176 67 157 1 1 0 95 191 178 
0 165 157 0 73 48 0 1 179 176 1 66 29 163 47 123 0 0 0 1 136 70 30 106 1 96 109 36 178 122 0 5 157 0 86 8 1 35 106 0 15 24 120 0 119 104 32 149 0 115 145 144 79 1 0 163 162 0 92 135 127 24 123 20 49 191 63 1 129 32 99 87 133 1 63 1 146 0 118 39 60 72 15 167 45 0 1 191 103 36 72 116 165 153 198 168 186 179 21 0 
110 67 47 82 112 167 1 70 108 67 0 128 66 151 50 168 152 20 84 61 138 134 123 26 0 149 68 98 2 0 82 0 77 1 48 176 107 179 1 1 140 0 112 0 50 109 55 89 92 143 66 141 176 197 195 28 0 137 0 23 117 1 1 157 0 0 0 39 23 31 97 1 132 178 62 32 1 21 183 169 187 81 136 98 0 1 0 31 22 0 185 137 168 69 36 52 1 0 102 86 
161 111 185 191 162 125 1 1 43 1 11 45 25 99 117 61 88 6 97 120 198 135 143 0 0 2 1 146 165 133 42 165 0 197 0 199 1 1 182 165 8 79 123 17 79 113 143 98 115 43 14 160 147 0 165 48 195 196 160 100 87 75 0 3 17 1 152 122 113 94 140 180 71 66 132 132 0 59 13 0 177 17 55 79 32 30 108 1 0 60 39 99 128 1 0 124 71 123 105 69 
147 2 24 97 0 144 67 144 83 11 0 26 190 158 0 0 1 1 188 62 62 109 1 83 31 1 116 115 84 89 123 4 175 0 180 0 199 195 117 1 168 46 1 125 0 41 113 117 167 44 111 88 194 61 170 91 1 0 127 49 34 104 189 43 135 1 169 159 176 150 0 35 190 102 14 81 53 1 73 0 96 111 132 124 189 15 0 0 1 101 79 0 147 9 0 1 82 134 95 171 
92 1 97 1 11 183 194 0 12 140 0 82 71 0 111 1 51 104 54 83 188 94 115 173 1 63 1 32 189 178 0 155 0 180 0 36 191 1 0 24 118 1 105 107 106 1 195 88 164 0 1 146 165 75 102 199 122 109 160 178 148 187 22 180 76 82 108 84 127 12 87 1 4 26 32 73 93 174 150 6 163 91 112 1 170 1 1 148 99 115 63 165 100 140 158 52 1 195 54 76 
70 166 61 90 21 0 55 151 13 83 128 1 102 193 0 82 188 36 189 155 0 193 113 144 153 93 23 132 1 108 1 75 0 10 169 0 192 0 38 27 93 195 1 1 0 39 166 123 54 1 172 1 76 112 98 1 51 179 52 192 0 0 97 115 101 177 0 102 33 90 40 1 150 0 0 109 0 1 1 94 118 144 1 53 26 12 174 97 0 0 2 152 83 150 153 103 0 85 56 131 
20 162 159 74 1 19 23 173 183 46 29 134 61 87 28 61 98 35 86 134 1 0 74 74 27 192 11 0 0 176 1 47 1 135 153 120 0 48 162 1 196 114 0 0 47 94 131 152 192 147 69 1 117 1 88 0 183 149 52 1 0 100 64 133 147 0 0 74 1 72 1 0 91 0 0 0 121 21 99 63 193 12 134 81 1 0 19 185 0 43 0 65 152 134 152 52 173 149 42 0 
1 102 1 0 199 51 167 125 150 183 182 0 181 121 61 178 93 115 1 41 0 0 9 119 26 64 131 90 37 81 49 30 1 98 138 157 88 0 10 99 170 0 124 176 121 71 84 1 175 160 188 143 82 154 18 1 52 164 0 9 139 172 147 116 154 148 165 1 1 67 136 97 82 90 35 39 152 46 1 71 31 141 193 15 53 148 1 70 146 0 12 99 151 10 77 26 97 120 169 0 
172 0 19 21 44 10 93 1 133 5 27 80 109 0 122 8 61 112 0 1 1 172 109 122 95 16 161 181 26 46 2 1 88 0 50 30 188 1 0 0 1 61 1 0 30 114 19 1 0 11 1 110 135 1 16 34 168 134 193 178 117 26 135 80 176 0 53 106 47 128 136 84 0 114 140 10 96 105 12 0 136 1 96 199 0 184 143 1 0 14 86 25 126 151 15 54 153 1 0 1 
184 127 122 199 0 98 177 11 0 1 117 136 30 122 1 47 1 1 184 156 27 0 71 1 149 19 100 1 186 198 0 1 167 0 149 0 136 167 61 0 0 0 77 48 1 115 106 15 89 1 49 92 0 113 62 111 183 1 11 164 124 22 81 199 39 0 23 34 182 130 54 129 39 198 1 1 48 1 75 0 1 45 68 87 59 119 13 59 152 5 113 83 80 190 140 146 103 81 164 113 
104 149 195 51 28 1 189 49 80 122 170 87 21 193 1 1 168 79 184 147 191 42 194 95 83 128 25 1 0 1 75 6 1 194 1 124 77 1 183 1 0 181 108 180 187 57 159 34 1 140 171 4 179 1 0 0 15 52 21 52 191 0 121 174 8 105 126 142 152 168 15 74 96 139 128 1 110 145 0 149 197 0 52 146 139 169 36 67 196 72 95 63 142 34 0 142 0 138 0 24 
26 58 199 1 29 0 121 77 97 8 8 44 160 1 186 60 77 190 1 81 56 87 145 27 163 24 177 0 0 82 163 78 90 142 162 99 155 0 93 152 150 0 93 115 166 172 128 0 162 1 36 1 14 193 199 190 5 78 33 1 1 112 108 192 144 115 11 112 10 121 1 0 1 1 98 0 1 158 30 1 14 1 50 1 115 0 35 181 1 186 158 0 23 167 147 168 47 149 177 58 
28 126 47 167 152 167 195 110 19 55 115 152 1 159 131 1 157 170 101 1 1 182 0 0 140 56 71 0 118 100 1 65 9 55 1 67 178 56 140 43 108 0 0 133 147 1 133 85 1 116 56 0 0 4 114 145 148 1 1 101 0 110 35 53 173 177 101 126 123 172 41 89 37 107 1 28 193 17 1 0 75 47 83 98 168 145 65 95 0 109 114 154 171 40 196 104 71 145 115 85 
5 143 80 159 40 1 46 1 174 84 103 32 35 1 40 97 90 23 1 1 193 57 138 1 170 67 18 0 1 66 1 92 95 1 90 0 162 165 160 167 0 83 40 0 1 151 21 129 1 64 1 49 0 180 71 64 16 0 176 173 117 100 133 147 119 155 1 103 73 188 1 53 77 11 105 160 1 1 54 63 5 51 58 40 60 1 191 165 132 199 0 153 95 198 144 114 120 125 77 0 
97 43 41 128 98 0 19 1 39 0 123 88 192 179 131 171 0 53 109 150 157 46 1 195 176 45 198 154 31 129 1 66 12 131 94 161 189 66 1 0 37 98 1 109 0 1 102 193 38 0 128 69 78 12 73 23 119 61 1 0 32 30 19 30 157 1 133 56 172 31 186 1 149 0 117 113 192 1 65 1 0 161 176 7 117 80 114 145 1 154 21 0 141 9 1 98 140 0 145 72 
1 1 1 32 152 186 0 159 0 0 140 1 129 128 0 173 0 20 0 2 193 43 124 99 170 54 19 165 7 1 109 113 18 71 89 0 11 178 9 65 1 116 152 160 20 0 0 138 62 149 110 143 1 0 69 142 194 69 35 102 40 176 76 28 1 61 0 179 162 70 42 1 32 0 82 140 0 1 36 1 112 38 104 1 57 109 0 56 1 1 155 60 15 154 44 188 126 63 53 77 
131 85 195 67 191 177 164 131 121 166 0 67 1 91 192 0 0 74 122 113 135 0 136 173 188 92 85 197 79 24 1 0 137 74 55 0 128 61 196 106 75 130 105 114 0 144 0 1 42 1 183 0 0 89 93 98 184 1 1 0 30 53 106 99 0 49 109 0 62 175 77 84 98 12 1 55 0 172 174 184 56 0 187 181 1 0 194 0 97 42 83 39 100 29 197 0 84 63 1 185 
58 147 48 109 0 73 11 129 123 175 48 0 0 97 148 0 0 0 95 97 0 7 51 1 61 78 151 0 185 152 0 121 157 124 191 0 193 17 85 1 31 160 70 122 4 0 88 0 1 72 9 105 139 163 167 8 141 45 184 41 142 9 10 128 1 127 147 193 197 89 1 0 56 33 94 0 129 0 1 69 10 25 0 1 1 105 0 133 2 71 52 97 153 0 69 108 66 183 64 130 
0 36 118 142 189 1 171 83 27 40 153 149 30 195 0 149 44 36 91 155 5 128 0 33 176 84 0 183 1 45 89 81 1 190 154 129 1 1 135 58 7 1 199 15 133 151 123 11 0 59 138 0 1 1 60 0 68 75 92 47 1 99 1 65 1 140 70 1 0 116 2 67 0 166 0 149 1 183 134 43 4 11 108 56 130 138 91 64 130 99 32 119 1 33 154 1 88 180 115 152 
138 169 145 156 1 0 0 34 172 74 69 194 1 138 33 131 132 125 187 46 70 144 2 171 1 1 147 69 172 137 103 73 45 37 47 33 161 0 124 0 119 0 157 127 0 1 129 196 31 0 103 49 32 171 1 33 129 172 135 1 134 146 24 152 90 51 10 0 183 0 1 1 13 121 166 179 1 51 51 197 138 105 58 115 68 145 0 0 160 25 1 75 118 161 146 0 1 95 62 1 
179 1 29 29 99 13 153 101 54 153 154 49 179 102 1 1 163 129 61 106 0 66 1 165 5 168 32 52 84 1 42 1 107 197 4 104 168 21 0 147 137 0 104 132 149 70 0 159 0 155 0 11 1 1 1 1 158 111 1 39 81 0 0 22 54 1 58 0 196 52 13 165 44 108 115 155 79 97 194 80 114 192 0 189 1 10 145 176 70 1 0 0 1 53 48 0 52 0 73 79 
88 60 115 98 164 0 147 0 1 1 198 79 0 51 101 189 100 42 27 64 53 70 54 112 25 132 0 150 100 34 169 21 0 17 115 164 153 23 0 54 1 186 187 38 1 136 39 34 28 137 87 0 57 120 153 84 12 60 184 33 119 87 150 0 50 0 133 175 38 0 0 75 61 1 147 170 111 97 33 100 0 127 109 51 149 110 97 32 131 97 64 30 45 45 0 90 29 183 102 12 
63 81 1 120 0 181 0 60 123 169 42 167 149 100 140 155 165 75 171 87 97 85 81 1 196 122 0 74 1 1 8 13 0 1 9 1 1 45 54 133 1 1 68 148 194 27 166 43 99 98 15 148 0 107 0 163 0 1 0 0 134 122 1 99 131 88 0 129 153 37 108 147 0 0 1 58 18 1 171 143 131 185 7 1 55 1 120 68 64 0 77 109 100 88 135 1 101 0 113 24 
43 197 0 199 22 152 181 1 108 4 176 84 29 1 59 97 17 1 141 173 0 110 58 192 198 46 42 57 28 0 24 98 1 0 6 144 181 47 145 1 58 135 58 94 0 0 69 6 1 178 111 0 51 0 154 87 158 23 62 112 145 70 47 54 120 80 110 156 0 45 65 0 46 28 156 161 94 19 3 23 81 0 144 188 1 1 97 149 50 163 60 0 92 0 152 0 1 160 0 103 
178 0 0 190 1 0 28 59 21 148 0 65 173 113 0 129 1 89 121 0 1 28 82 51 1 1 47 0 1 0 1 33 1 158 185 26 75 25 62 34 26 178 128 1 88 68 72 176 53 1 49 107 160 1 0 0 0 177 118 183 9 135 78 81 1 137 2 1 80 157 24 65 49 195 100 117 48 148 53 0 15 173 0 66 131 32 11 1 13 192 33 64 0 48 78 0 161 1 154 111 
0 16 104 1 57 101 99 7 148 61 152 146 1 1 0 119 0 55 75 60 149 183 119 1 89 22 18 66 120 5 157 57 199 72 106 17 1 45 62 187 35 147 181 163 78 81 0 1 0 5 0 152 137 183 179 0 82 122 2 180 179 47 155 1 1 8 121 102 65 34 192 24 1 107 149 1 92 52 198 0 0 126 0 8 36 124 0 75 12 183 86 93 34 46 187 66 118 72 91 1 
75 1 107 0 55 1 1 76 23 191 4 30 153 3 5 78 170 0 0 64 17 47 155 0 144 25 1 142 139 91 118 14 193 178 88 60 151 106 68 59 42 14 1 191 89 43 118 16 1 143 175 95 1 0 1 176 0 88 148 165 131 92 35 60 110 45 8 14 1 193 0 1 137 1 123 104 0 43 191 169 48 80 141 110 1 18 0 80 76 61 124 31 45 67 22 0 108 75 175 75 
143 114 41 104 90 0 199 90 131 175 1 53 131 0 108 111 0 159 0 90 133 1 113 130 89 0 98 15 115 1 165 71 33 0 74 31 87 0 155 86 9 160 166 135 172 112 152 166 0 1 137 119 156 127 127 35 35 0 105 168 66 1 44 40 1 1 116 95 105 0 0 95 46 168 174 172 182 164 0 187 126 197 1 12 62 80 90 113 77 20 195 143 57 140 91 1 16 84 150 0 
181 0 112 0 180 149 13 124 0 0 117 198 120 51 1 146 1 120 157 93 131 0 0 26 76 197 1 99 36 151 105 169 24 44 0 1 136 0 196 0 1 194 1 136 98 0 32 139 1 111 81 1 73 157 5 29 84 136 0 20 41 71 112 18 51 9 66 94 76 122 33 0 25 38 14 89 1 157 166 147 80 193 0 0 1 172 1 1 161 166 147 38 0 188 165 46 1 81 0 70 
47 109 35 16 85 38 176 0 103 148 150 3 50 82 155 100 10 60 36 100 197 76 150 106 162 0 151 91 1 93 144 1 105 0 59 18 2 79 112 8 70 0 2 181 23 170 29 0 33 125 34 62 106 173 32 34 27 122 26 0 153 11 10 183 87 121 0 0 0 0 53 111 15 83 1 126 0 169 1 0 72 100 60 121 92 48 85 40 15 1 0 16 81 80 49 6 141 79 152 28 
142 39 1 0 174 86 177 190 154 18 0 126 25 37 1 16 170 1 95 12 1 89 134 189 119 83 0 0 106 35 122 43 8 176 199 68 52 14 103 32 24 21 75 125 157 73 0 8 127 11 42 170 16 70 0 1 140 76 144 1 0 29 1 150 70 199 0 53 118 54 1 168 154 109 155 62 197 0 144 29 123 78 181 178 0 51 1 1 104 171 1 130 181 0 1 111 20 24 187 151 
121 40 1 136 36 38 138 0 121 1 73 20 96 191 0 31 123 7 62 1 135 0 116 99 165 0 199 82 198 59 100 85 71 54 180 1 127 171 36 157 118 19 25 94 1 188 61 0 117 0 0 1 1 164 72 0 0 68 90 176 171 0 49 103 5 7 162 0 128 166 1 128 121 1 53 1 142 25 56 74 196 133 1 116 1 89 1 57 37 195 0 121 131 74 24 50 120 70 105 26 
0 155 0 54 1 194 190 166 87 37 120 0 114 2 1 0 87 183 0 177 120 62 12 95 1 80 56 4 7 171 83 27 1 0 1 63 0 188 5 0 60 170 1 61 165 76 164 96 199 1 153 44 130 72 183 198 65 77 9 7 90 67 0 72 114 64 0 1 87 0 68 13 0 0 17 0 56 57 166 34 66 1 109 1 104 30 55 183 71 59 145 0 90 1 111 127 1 0 1 47 
88 13 1 104 97 0 78 1 1 115 35 126 0 87 0 84 44 170 92 86 1 55 0 0 167 33 0 27 47 152 134 135 69 1 192 0 94 96 94 149 12 58 1 1 0 175 146 165 169 59 0 184 1 105 136 172 73 1 199 174 113 0 0 0 1 47 35 0 104 40 141 1 1 85 0 161 0 1 158 104 1 0 1 109 0 15 6 192 159 1 139 1 145 1 61 49 0 90 94 6 
113 34 90 160 100 112 156 0 0 110 84 0 106 90 63 50 1 0 9 0 1 159 22 188 165 1 57 63 83 53 165 151 137 167 0 1 1 97 50 15 157 16 190 89 42 87 164 0 145 1 156 98 112 93 96 151 78 104 190 114 138 105 105 26 0 1 136 134 0 40 175 27 1 154 35 111 25 169 45 93 107 92 57 86 0 0 185 1 1 5 106 179 43 152 149 152 1 162 159 72 
0 68 91 139 11 0 71 0 49 121 106 196 96 192 1 93 106 147 9 103 155 1 0 176 53 128 158 153 33 159 124 1 0 39 135 1 117 139 1 64 133 119 1 0 29 0 125 1 27 123 1 169 130 117 1 183 0 118 6 166 53 174 0 47 84 0 38 190 115 103 50 193 114 158 151 84 169 111 120 122 27 82 157 66 28 109 125 171 162 88 0 0 1 77 1 1 0 152 0 41 
163 18 190 71 147 75 0 97 0 52 10 155 107 94 179 90 81 105 0 3 33 181 156 135 21 145 66 84 13 62 14 16 0 118 0 80 187 0 112 158 1 116 101 43 187 90 0 185 10 186 0 108 152 181 195 0 4 190 121 158 187 73 128 84 80 66 0 185 47 0 161 173 3 0 134 197 167 113 71 107 0 146 1 44 35 71 152 78 1 1 36 39 106 40 101 155 159 11 48 5 
22 12 136 1 31 24 0 0 0 0 1 36 85 133 53 30 1 90 61 78 33 1 75 86 18 139 73 62 129 185 20 109 41 173 54 24 155 120 55 0 92 1 28 139 1 186 149 151 1 98 189 143 60 186 186 126 117 66 47 1 82 61 0 6 1 1 94 0 25 45 91 95 171 124 0 107 47 43 92 173 0 24 1 174 1 13 191 1 183 1 176 39 190 57 32 128 0 41 121 1 
76 94 1 27 121 55 92 25 0 1 0 68 37 110 0 31 9 1 64 44 99 13 0 71 199 106 73 0 96 82 18 158 183 197 85 169 0 1 57 196 195 13 169 14 46 49 0 105 1 158 166 41 1 95 61 1 137 100 54 5 171 1 0 69 117 83 118 2 0 35 0 75 152 168 159 102 78 33 1 2 1 33 82 41 90 195 1 1 116 40 72 44 126 10 76 176 0 0 124 100 
171 130 26 41 114 37 23 52 32 139 50 38 165 34 130 34 149 80 104 151 0 9 55 0 190 0 68 65 176 112 132 171 131 0 131 103 26 74 166 34 1 79 1 185 0 107 38 12 0 174 92 0 160 172 73 70 185 30 1 126 53 179 36 190 124 61 1 20 1 0 173 17 1 0 0 0 132 1 23 55 196 30 74 47 194 1 21 2 199 1 117 12 55 0 42 48 110 36 1 0 
51 62 93 127 0 153 65 0 36 1 169 1 0 104 58 123 27 8 14 1 168 88 116 195 65 148 171 158 36 0 77 50 118 68 123 93 1 138 88 184 47 41 0 82 14 111 40 105 167 111 43 176 80 18 23 173 102 0 6 0 0 0 10 121 120 1 1 68 1 0 0 76 1 59 0 1 0 49 13 113 85 116 170 67 123 43 104 0 0 183 48 194 197 38 0 0 150 59 0 35 
169 82 1 37 116 172 93 1 75 129 25 140 121 168 140 0 128 0 49 194 1 94 88 1 161 178 65 52 1 1 191 177 0 187 71 136 142 52 0 1 1 194 148 62 47 63 17 1 100 140 1 26 1 13 27 6 144 59 0 0 5 173 1 83 1 121 49 100 177 36 52 0 168 0 186 30 94 104 154 0 1 1 57 36 0 173 84 75 17 0 153 0 1 0 126 178 1 62 0 17 
0 183 9 120 150 124 175 36 0 196 10 28 20 179 175 1 110 1 117 188 145 152 64 1 0 169 86 81 1 0 193 127 1 138 32 192 193 28 0 21 161 113 24 186 2 32 1 0 133 1 36 173 21 1 55 56 171 57 118 125 85 1 48 0 7 176 62 122 82 1 154 57 0 196 53 68 124 1 108 199 77 1 1 30 197 128 182 89 1 50 132 187 95 68 135 70 0 7 1 31 
181 160 131 14 1 131 160 123 151 191 159 106 143 69 1 94 192 128 0 141 26 50 120 0 139 0 150 1 5 1 139 1 49 34 0 1 41 1 65 98 98 179 67 10 195 75 16 0 35 0 49 49 36 0 15 0 3 100 90 130 86 54 98 107 184 179 43 131 144 1 194 148 1 0 190 1 3 84 171 135 0 144 25 1 0 131 175 65 95 25 0 17 8 0 0 0 27 112 82 22 
14 179 135 59 108 108 57 1 55 21 36 138 122 0 155 1 58 1 1 86 80 177 95 35 0 61 141 76 193 27 172 57 143 48 148 101 26 57 9 54 25 61 69 137 77 66 61 172 53 0 107 19 33 168 78 1 186 0 87 68 185 30 37 81 118 0 165 195 21 1 1 66 0 45 0 22 179 183 143 126 22 1 196 0 137 138 128 21 94 52 144 56 172 77 93 1 55 1 87 106 
46 175 0 1 10 157 164 129 37 147 1 90 152 133 30 129 137 135 0 120 1 76 1 95 50 1 38 182 92 40 111 89 37 0 195 40 166 0 0 35 41 130 172 108 74 112 178 62 89 97 10 1 11 125 25 0 80 49 145 49 140 38 177 109 163 0 0 66 24 193 115 126 1 42 1 0 192 151 101 155 8 52 147 116 120 1 1 0 42 184 112 139 140 105 148 35 0 129 32 184 
160 154 181 197 114 157 12 101 105 37 179 197 150 1 153 55 23 2 0 1 1 0 128 117 53 13 1 45 136 1 9 121 42 193 169 8 29 1 180 166 1 33 1 174 27 139 115 87 0 104 62 1 19 12 69 179 1 141 153 1 53 186 0 164 195 28 157 77 100 0 1 86 139 106 185 16 0 0 161 137 180 123 106 133 40 145 0 0 86 181 59 126 0 41 181 41 3 33 0 0 
108 0 198 67 1 195 46 162 164 8 1 160 198 163 107 173 163 1 176 94 116 119 37 26 16 1 0 158 164 162 156 130 165 161 99 0 1 5 83 98 80 180 109 113 118 135 0 130 144 61 52 23 179 159 138 159 0 81 46 1 1 143 194 187 13 38 112 1 17 85 32 149 54 63 0 14 180 0 158 113 171 1 12 179 1 52 60 18 0 99 1 57 156 10 133 125 166 189 10 30 
142 1 153 139 0 128 194 133 154 75 191 22 174 1 43 96 81 1 43 43 62 127 13 0 75 56 0 149 111 85 132 0 140 128 45 1 158 26 1 1 168 75 142 1 189 132 72 137 198 172 52 11 4 111 35 12 65 30 1 13 79 107 12 97 70 184 164 28 119 1 30 17 116 69 82 150 0 114 0 192 4 0 158 138 1 147 1 0 95 114 0 95 43 117 164 8 110 182 38 62 
191 191 156 0 179 0 63 184 65 187 143 0 1 1 184 182 96 126 55 105 66 13 154 96 23 193 87 80 1 65 57 194 0 0 36 46 109 157 56 85 162 9 67 112 68 18 0 0 168 43 24 4 169 0 0 20 136 87 0 99 107 11 191 159 0 58 93 84 47 119 143 162 22 1 118 59 0 113 40 0 1 0 138 194 176 1 108 105 4 0 1 181 97 103 145 128 99 148 25 87 
0 21 1 56 47 1 183 55 0 194 11 179 1 1 145 21 0 136 169 159 197 158 0 148 106 1 0 72 83 71 36 143 146 1 151 1 91 127 84 118 23 1 2 41 76 179 187 106 1 41 59 36 197 59 182 170 181 44 0 90 1 69 131 186 107 0 151 24 168 101 0 185 76 0 52 16 131 131 1 1 0 0 111 47 38 144 166 0 126 194 108 72 143 59 30 0 1 74 84 79 
1 1 0 1 183 164 7 71 109 161 157 102 124 13 5 73 1 43 1 1 121 4 54 73 1 152 108 140 1 175 41 88 152 80 110 140 89 28 125 181 1 83 110 195 1 45 31 115 162 132 163 176 76 39 0 25 1 99 155 163 29 0 163 191 38 61 173 72 9 2 0 196 108 0 136 30 27 58 1 84 72 0 181 138 103 162 42 95 130 156 0 1 37 150 98 136 1 102 104 76 
46 154 126 97 42 54 30 47 180 125 123 111 1 0 189 91 1 176 189 102 1 97 158 14 41 181 181 0 37 1 179 96 109 54 0 0 0 1 112 135 0 0 97 156 45 0 1 0 0 119 173 1 195 71 61 1 0 158 129 48 45 18 1 9 50 24 19 168 1 56 119 97 0 7 27 13 17 117 45 1 37 130 0 194 150 130 198 191 0 154 6 38 28 1 50 9 62 66 170 186 
95 1 1 1 47 63 12 1 99 1 144 121 1 76 1 48 132 0 171 60 134 0 1 45 197 161 148 71 16 91 196 21 0 50 142 35 99 1 57 13 155 34 196 127 73 21 23 88 48 55 59 140 1 185 1 148 143 171 4 1 189 197 52 174 3 74 125 197 113 59 39 138 1 1 76 6 116 193 130 169 21 113 92 0 182 0 6 118 58 55 183 198 151 112 122 97 56 100 0 177 
1 0 134 174 0 7 186 38 1 93 105 14 1 73 191 156 1 143 55 155 147 0 121 116 0 18 1 180 37 76 0 119 25 64 57 1 0 118 127 0 1 6 47 0 87 141 137 141 21 1 56 0 1 1 68 196 112 1 141 89 196 5 44 52 24 0 92 139 147 79 14 198 74 186 109 128 172 78 1 0 196 0 162 161 0 188 0 53 0 1 137 1 39 1 1 144 22 154 7 0 
15 1 67 57 34 110 98 188 190 46 1 167 37 1 1 174 42 85 131 149 197 155 1 65 0 189 102 172 0 167 4 197 136 188 1 54 0 130 116 5 0 99 60 185 149 2 174 51 74 144 10 128 80 71 195 172 68 111 195 170 118 1 37 4 1 63 165 192 112 81 12 72 115 88 194 53 0 1 83 169 187 122 195 41 170 0 112 21 59 73 117 10 78 37 43 124 12 120 39 0 
143 133 1 134 81 70 92 1 59 161 76 0 118 1 1 185 0 151 28 0 147 193 0 66 160 29 132 10 179 27 69 175 157 22 191 197 1 1 153 79 124 136 4 55 194 9 58 90 0 0 115 52 175 183 149 101 154 1 14 0 195 85 1 0 0 80 1 183 45 1 155 0 5 110 69 139 1 51 65 1 7 167 157 151 147 127 0 84 148 127 102 32 1 140 18 0 198 1 171 79 
34 100 134 149 103 161 43 1 15 35 105 1 0 119 98 37 185 10 150 0 113 78 0 12 0 117 50 0 183 0 150 133 53 61 0 165 0 108 80 1 112 5 88 1 0 136 44 103 169 18 27 139 197 78 0 1 13 39 145 31 141 76 136 16 174 0 24 145 41 84 0 8 56 175 149 0 133 159 101 116 78 52 0 131 184 157 98 0 1 168 167 182 22 158 165 158 0 9 125 1 
4 151 22 156 65 1 66 1 72 26 37 11 1 0 0 112 75 0 188 40 41 165 101 109 36 34 95 83 121 161 120 109 115 0 0 124 1 0 142 135 178 24 181 1 111 139 37 156 71 5 139 154 1 102 69 103 160 1 101 189 120 143 0 46 161 86 75 50 89 77 24 62 179 145 49 84 71 108 17 2 141 113 64 11 152 1 18 140 0 19 176 58 0 90 82 178 47 159 0 47 
95 3 64 111 1 179 95 168 116 1 170 0 172 92 1 138 16 1 150 27 15 139 175 182 154 1 34 152 197 79 162 168 196 110 153 61 162 168 140 50 1 86 0 139 111 192 0 105 100 0 121 156 1 1 117 49 1 146 33 189 46 1 30 126 80 17 95 88 180 113 0 0 0 8 114 116 62 140 153 25 114 5 0 14 1 1 1 1 42 0 1 125 1 121 38 183 1 156 181 1 
16 159 1 55 170 57 1 0 64 128 1 77 0 93 1 59 87 116 28 47 68 128 163 93 129 160 58 142 63 120 106 125 5 151 6 1 120 176 0 2 20 188 0 83 1 0 37 0 155 38 50 18 0 0 13 31 1 179 21 131 0 130 172 76 115 35 164 41 1 100 22 95 163 131 90 159 115 61 89 158 167 24 181 187 62 11 54 1 0 27 0 1 21 0 0 160 111 31 1 0 
114 181 127 11 169 86 91 115 180 148 146 89 80 22 0 69 0 2 57 98 183 145 0 19 1 99 131 39 0 0 158 1 83 109 113 22 123 125 13 10 1 134 149 169 48 32 0 197 68 164 81 9 0 1 56 197 106 97 74 116 165 188 107 99 0 70 22 0 120 0 11 168 4 133 102 9 0 131 51 1 79 45 90 186 0 59 8 84 13 0 0 0 33 0 1 0 185 1 150 0 
0 159 133 83 127 1 0 59 86 173 169 0 135 189 1 1 65 39 180 171 31 183 1 127 116 88 192 161 1 144 70 184 131 1 56 143 1 1 114 1 96 8 1 189 10 131 138 6 87 89 61 1 0 171 28 27 0 0 99 62 1 1 0 159 0 1 42 159 133 0 33 196 34 153 1 86 1 145 155 0 1 0 146 188 185 92 146 25 91 121 61 32 0 175 161 123 161 1 61 145 
13 150 0 193 43 77 0 168 1 3 14 157 0 89 173 12 1 131 0 156 0 104 109 58 111 71 1 34 3 148 90 142 34 127 11 1 132 122 190 122 1 170 0 1 149 179 177 32 0 192 66 13 25 0 1 122 43 0 85 10 132 168 173 71 92 61 155 135 13 21 1 43 44 111 1 51 0 12 171 46 86 33 101 1 0 189 188 4 1 0 11 0 43 0 160 191 0 193 22 141 
0 193 1 28 171 13 135 40 1 0 0 121 143 87 0 86 181 12 0 11 97 168 95 0 0 151 56 151 136 167 49 156 36 105 196 145 0 181 33 150 37 138 139 20 0 0 0 122 80 27 183 195 176 7 124 0 181 168 160 176 107 50 1 0 118 104 95 0 0 5 61 110 165 155 96 124 66 150 130 142 41 1 16 124 156 38 89 17 108 113 3 43 98 24 0 24 162 78 71 0 
66 0 81 79 4 135 73 169 69 0 0 152 81 57 10 154 92 95 1 92 1 0 1 60 1 197 21 0 9 53 72 1 3 0 12 157 0 112 192 108 130 53 25 95 0 41 137 171 165 82 109 0 199 0 1 1 1 98 68 175 4 107 1 179 139 189 164 0 0 19 0 179 0 197 127 119 44 133 99 1 128 3 50 101 119 121 160 68 52 49 28 8 108 197 44 0 144 106 0 182 
185 141 9 0 44 30 159 0 9 161 25 194 43 148 10 24 59 1 134 171 65 172 108 39 113 36 172 29 41 1 127 68 1 98 0 14 4 98 1 91 55 53 1 140 146 187 1 35 1 1 0 180 1 0 1 23 181 191 173 84 49 57 175 0 185 0 191 68 145 80 177 60 89 41 1 6 105 199 103 188 134 46 18 128 0 33 110 0 188 43 82 143 179 122 170 0 0 21 16 109 
0 129 56 196 36 0 136 184 139 5 110 196 38 6 194 4 63 57 0 8 1 0 79 106 45 161 149 95 15 34 1 119 1 119 182 197 180 178 1 18 80 0 169 1 34 72 144 59 154 199 0 1 0 165 5 115 1 164 5 21 74 0 0 181 165 184 90 0 1 52 62 77 111 69 73 0 1 70 1 1 73 160 88 52 129 188 26 0 0 131 0 199 119 51 179 107 199 0 0 0 
157 0 70 0 89 172 0 74 174 0 175 188 47 26 85 72 164 1 47 170 1 144 169 8 160 133 164 131 110 13 92 1 56 61 61 47 165 149 1 0 157 169 26 190 1 185 67 197 1 0 113 23 156 41 1 0 108 159 30 66 88 194 174 147 1 22 25 10 1 0 0 83 3 0 111 190 95 128 158 65 0 36 133 163 76 173 117 155 193 135 85 151 1 1 1 5 40 0 0 147 
88 96 192 0 25 0 0 1 161 0 0 131 56 77 195 127 83 0 41 160 31 44 1 190 37 70 0 152 75 1 56 180 179 79 150 190 26 0 1 133 161 170 142 13 63 29 33 35 166 4 66 0 0 44 147 0 152 119 183 195 1 199 12 0 1 143 26 21 0 45 1 1 116 12 134 152 160 1 107 1 64 180 146 138 185 192 190 1 1 185 86 31 167 194 36 125 142 70 66 0 
