1
20
0 1 1 36 26 13 30 21 1 26 2 37 0 5 21 23 36 1 22 1 
28 0 1 32 11 1 0 1 25 23 34 33 15 39 1 26 5 37 0 24 
27 1 0 16 14 26 8 10 18 18 11 28 33 0 1 0 32 17 17 26 
23 0 24 0 0 8 34 6 10 0 39 7 13 2 34 3 18 17 35 16 
1 29 32 33 0 3 7 1 28 10 17 37 0 19 18 0 35 0 31 0 
1 26 21 29 35 0 27 3 29 25 2 21 7 27 12 0 38 26 1 1 
0 14 33 30 4 16 0 22 16 11 17 0 1 1 8 10 11 1 1 28 
7 1 0 15 9 1 1 0 0 25 24 18 0 28 12 38 16 24 0 2 
27 0 32 30 0 14 28 38 0 25 14 26 1 9 1 0 18 16 34 0 
1 33 2 16 1 30 38 37 32 0 6 21 28 34 29 18 25 1 27 6 
30 39 1 24 3 32 4 25 28 1 0 1 3 1 33 14 5 18 9 4 
0 37 1 1 28 23 0 4 34 29 0 0 0 1 24 31 1 4 28 7 
30 27 29 15 37 19 1 7 1 33 0 37 0 29 15 15 1 7 29 26 
19 11 18 1 21 7 16 34 9 12 28 15 0 0 24 32 7 37 24 0 
25 30 20 15 4 33 19 25 32 28 23 0 27 14 0 1 34 31 24 18 
12 33 26 16 1 13 5 30 1 11 21 26 20 33 33 0 0 14 14 0 
2 22 26 38 23 39 14 6 1 31 7 17 37 18 6 27 0 39 1 0 
0 31 11 29 26 0 10 9 1 0 33 12 0 31 9 39 17 0 1 9 
0 3 4 26 5 1 3 15 0 21 28 5 6 19 28 1 5 6 0 2 
18 20 24 7 17 36 17 31 1 23 39 20 19 26 1 29 35 26 17 0 
