1
50
0 99 0 60 14 58 21 30 23 1 81 91 57 83 30 16 99 78 0 30 76 99 75 1 59 79 57 42 30 42 0 67 20 1 0 24 0 29 0 22 16 54 75 91 0 37 0 0 84 95 
51 0 77 43 43 12 0 91 65 55 63 0 1 79 0 70 0 48 0 81 6 1 47 88 27 0 76 33 91 71 43 50 0 19 51 23 51 0 1 1 43 50 28 0 93 8 56 13 4 95 
0 51 0 4 25 70 5 4 32 64 53 14 69 64 12 15 37 54 75 0 57 43 10 74 22 0 0 4 1 78 20 9 58 22 53 37 0 85 13 21 85 75 75 70 67 77 0 92 39 87 
74 85 68 0 1 1 0 32 41 65 0 14 46 0 55 43 35 40 42 68 1 48 91 46 93 43 88 11 0 54 95 97 86 59 73 0 0 76 21 87 1 28 32 0 61 34 39 0 55 11 
5 0 76 8 0 3 80 0 0 54 1 15 1 45 75 93 47 16 96 22 75 9 46 0 82 1 23 0 80 32 29 89 77 74 45 26 37 0 51 38 35 49 37 96 60 47 83 64 31 89 
1 51 78 32 97 0 1 77 32 39 56 56 5 1 43 59 15 38 76 91 92 62 36 81 55 96 1 68 64 27 0 12 83 0 97 0 0 42 0 69 1 12 15 86 84 66 0 53 8 45 
1 30 54 96 10 53 0 52 72 59 87 65 0 0 84 59 2 0 0 63 20 19 0 83 47 32 18 32 15 0 0 89 3 94 1 5 71 1 0 70 0 37 57 30 0 94 74 24 22 29 
76 53 2 89 45 69 1 0 82 99 55 59 57 1 52 11 46 22 0 50 37 0 0 22 1 53 58 24 84 2 69 36 0 1 98 41 19 1 0 90 32 0 41 9 1 44 49 0 68 51 
23 52 16 19 59 17 15 36 0 77 37 52 25 67 1 2 8 72 10 52 31 49 0 65 19 5 61 80 64 44 75 15 34 1 89 37 65 5 1 1 0 22 94 53 90 1 67 74 71 26 
75 58 69 53 74 66 22 36 91 0 50 79 0 40 86 0 99 75 1 51 95 42 56 25 8 0 49 1 69 87 61 71 0 93 5 69 0 78 35 12 0 51 33 49 0 83 48 69 39 87 
50 47 59 26 48 80 27 15 18 81 0 39 80 1 95 1 79 96 49 49 66 72 7 23 8 68 44 17 7 26 1 0 0 49 82 1 0 0 54 95 40 96 75 76 57 0 87 51 57 27 
1 43 0 71 43 1 9 47 60 67 72 0 92 51 84 0 0 42 1 54 25 0 71 36 1 0 0 88 59 84 63 1 1 0 69 15 63 29 0 94 65 28 0 15 1 28 15 36 70 73 
25 41 61 46 1 64 0 32 38 29 32 1 0 9 67 55 29 50 40 31 16 56 88 62 1 55 70 67 1 23 94 9 32 1 36 0 73 6 86 65 63 3 84 85 0 74 96 0 0 1 
83 46 44 94 55 22 14 24 74 30 12 70 23 0 1 0 30 83 19 93 30 80 1 34 38 1 82 89 0 70 1 0 1 93 0 0 0 12 40 0 96 4 64 47 1 46 0 0 77 1 
78 15 0 48 22 26 59 94 91 17 86 38 8 26 0 59 1 21 10 90 82 12 32 44 50 46 62 41 40 1 45 28 25 59 17 1 0 48 26 49 64 72 0 1 19 0 67 12 4 41 
22 57 1 86 9 74 0 62 0 50 0 1 68 39 67 0 0 48 1 52 8 29 45 54 1 72 47 37 74 37 11 77 7 90 48 29 73 0 91 45 9 57 22 69 3 93 34 20 92 80 
18 49 16 1 61 91 65 0 0 61 62 37 0 72 95 0 0 10 27 88 0 29 38 74 35 1 7 49 1 93 4 81 21 22 89 23 90 20 63 48 0 1 9 0 87 20 0 1 81 63 
15 40 49 71 88 79 10 93 78 26 87 30 27 68 27 74 22 0 16 73 1 77 40 65 0 55 49 87 19 28 74 67 55 62 74 22 80 0 46 81 1 0 69 77 39 44 80 3 7 79 
33 0 0 57 0 65 1 69 75 43 52 56 9 23 11 76 75 94 0 1 64 0 8 89 13 79 75 99 72 13 95 0 65 0 1 0 23 0 1 10 36 0 54 84 9 71 1 68 92 41 
64 1 1 0 24 66 47 1 40 38 0 85 57 14 0 0 0 88 2 0 93 58 33 47 13 13 97 78 5 0 10 0 65 61 89 0 25 73 25 79 29 5 17 41 88 22 28 66 61 75 
71 18 79 0 7 0 74 90 27 71 83 16 27 0 29 30 76 48 1 1 0 47 5 1 80 88 48 39 15 96 48 1 64 30 1 1 18 5 54 67 23 43 58 1 54 47 1 47 32 48 
76 49 1 2 99 71 68 1 78 76 0 1 14 1 58 74 1 94 71 0 92 0 98 8 75 28 8 50 76 98 46 74 59 49 93 69 0 2 2 59 45 43 84 88 96 0 60 55 31 87 
65 41 54 36 82 90 92 1 93 0 62 27 22 14 69 19 73 21 1 14 0 48 0 56 65 1 85 86 22 4 1 56 14 0 60 88 0 42 8 46 40 42 38 56 24 90 0 54 21 43 
8 9 27 6 49 59 92 64 1 0 29 17 12 0 71 52 1 0 44 92 1 94 1 0 52 20 6 10 35 48 42 99 0 31 84 47 71 72 23 84 48 69 88 0 14 0 83 2 0 83 
36 1 19 1 61 1 1 0 60 1 1 1 71 56 3 91 0 0 60 1 0 90 5 1 0 12 9 9 97 52 0 0 0 44 40 33 58 98 90 53 32 41 1 49 63 99 6 42 44 0 
69 15 1 25 84 26 55 38 78 99 2 46 48 89 0 72 92 61 24 0 63 12 38 39 32 0 0 43 50 81 97 70 1 8 38 43 44 80 77 16 1 63 76 1 20 55 56 1 66 0 
0 74 55 79 64 27 23 41 48 21 94 52 75 47 9 3 82 1 31 1 1 91 1 0 39 72 0 22 13 34 43 1 1 34 13 42 86 0 63 51 87 0 42 30 42 93 0 3 32 94 
0 55 70 74 98 7 46 15 14 72 17 0 12 18 81 1 69 89 42 1 89 22 87 62 36 39 1 0 6 47 0 97 86 0 0 38 66 3 98 1 1 4 38 88 1 32 26 46 75 66 
1 29 0 0 1 1 29 1 1 15 65 74 45 0 16 6 34 89 2 4 10 0 64 54 90 59 0 66 0 46 3 1 94 35 35 41 23 52 0 10 37 41 58 0 19 1 2 76 25 0 
1 0 56 40 5 0 43 34 91 38 15 60 1 89 79 1 56 76 31 84 44 1 7 1 62 63 98 28 39 0 1 12 2 6 1 6 1 15 96 95 5 0 25 25 54 85 92 86 1 0 
55 26 47 56 1 0 1 66 61 58 90 31 52 23 72 40 0 99 99 1 86 34 0 40 0 54 69 48 0 73 0 53 31 0 82 51 39 0 30 34 1 0 0 36 58 99 0 81 16 0 
1 6 0 64 0 81 0 69 29 35 0 42 83 1 80 0 5 66 38 1 96 89 1 47 39 1 69 17 56 1 90 0 0 33 21 28 63 36 12 86 86 27 15 0 28 32 59 6 13 28 
68 0 83 12 24 1 18 95 40 35 69 0 81 36 0 36 90 0 18 75 0 76 22 1 79 78 19 1 27 49 77 0 0 10 30 81 1 97 2 23 95 23 47 1 1 35 89 6 85 10 
71 85 1 74 36 26 33 0 75 29 99 0 7 11 41 45 67 1 13 20 59 27 1 12 54 10 62 79 0 97 51 27 93 0 2 67 2 1 7 83 98 83 18 57 1 62 15 91 1 42 
1 2 44 5 0 91 87 80 1 74 47 25 14 28 1 21 0 10 58 41 0 1 53 88 1 91 91 79 57 75 50 50 42 93 0 68 48 26 1 10 0 86 14 65 93 72 6 93 1 58 
51 15 41 97 32 72 83 1 98 89 61 1 19 1 51 33 84 26 66 1 97 0 33 2 0 82 80 0 0 3 93 34 73 39 0 0 0 0 14 80 0 89 92 50 0 97 18 16 1 1 
30 3 0 65 5 1 75 85 48 46 21 61 0 51 95 0 56 1 77 1 33 0 1 93 1 0 42 92 14 3 23 57 87 44 95 1 0 1 88 0 34 77 27 1 1 70 21 79 17 1 
32 1 0 59 1 49 36 96 1 21 69 19 71 80 48 21 35 63 66 1 32 32 39 8 8 4 51 5 19 0 95 54 68 91 1 58 38 0 39 47 43 1 69 83 72 3 52 7 31 39 
36 1 35 85 48 46 0 1 48 24 8 77 39 71 85 49 0 75 0 46 0 64 7 57 53 1 61 0 13 1 0 48 1 1 97 1 1 31 0 47 62 61 0 61 63 92 73 66 74 1 
1 1 14 0 1 0 5 35 85 1 72 0 98 0 0 0 49 30 89 22 0 26 63 39 48 79 0 1 66 0 66 0 62 88 70 1 67 30 75 0 94 60 6 1 0 10 77 31 79 22 
1 87 71 66 70 4 1 0 94 67 0 39 68 29 10 85 37 89 28 76 15 0 0 87 0 1 53 0 51 69 0 1 66 87 46 1 21 62 85 90 0 51 61 78 86 78 92 0 0 62 
1 15 76 65 29 61 98 91 5 54 0 0 72 51 13 76 44 0 33 7 91 78 18 0 16 95 12 1 56 99 55 0 4 37 4 59 75 78 49 98 55 0 66 46 82 33 46 93 0 36 
57 55 55 38 12 29 1 24 58 63 12 37 67 31 40 48 37 17 1 0 75 0 14 26 25 31 41 47 0 1 0 68 0 0 52 35 2 1 0 0 69 64 0 38 53 60 1 1 26 9 
75 87 0 0 16 84 70 83 0 4 1 1 64 91 35 91 3 22 16 1 11 23 73 27 49 0 22 1 13 18 94 91 45 1 89 1 80 63 0 84 70 12 4 0 76 81 68 82 64 57 
22 51 24 1 30 0 0 0 97 0 83 0 87 44 36 80 1 94 0 1 81 96 90 0 40 38 19 76 0 10 70 87 62 76 3 80 8 0 97 0 37 5 23 39 0 9 12 1 64 1 
85 1 70 1 0 93 59 99 30 73 59 97 53 24 81 85 92 73 90 84 75 10 21 0 35 84 80 67 0 1 1 43 0 92 17 47 92 32 1 73 89 34 17 52 67 0 18 0 6 1 
66 58 1 93 19 0 37 23 7 0 1 75 19 40 8 33 29 2 14 4 83 38 1 25 82 31 1 51 75 12 24 0 1 61 4 34 37 1 90 0 85 0 61 0 32 0 0 10 58 96 
91 31 72 45 96 65 30 68 10 49 68 50 40 71 59 82 82 82 17 5 98 28 5 87 38 0 0 22 11 85 98 51 27 12 6 34 85 72 38 2 22 80 45 80 5 63 20 0 64 3 
0 0 42 68 44 0 53 71 1 7 11 22 32 27 13 0 47 0 60 2 5 3 96 26 0 49 85 9 1 39 33 43 0 34 16 62 0 88 1 1 61 0 17 84 89 0 55 40 0 76 
20 31 77 3 9 5 27 89 38 87 39 34 72 63 1 30 23 32 0 86 1 1 0 5 60 95 4 0 0 1 94 26 1 86 0 29 1 86 0 1 1 35 44 78 0 17 74 1 3 0 
