1
80
0 1 118 43 133 1 110 127 0 0 69 22 9 81 1 7 150 0 123 0 21 158 1 8 126 75 8 46 25 116 1 10 0 113 0 89 119 134 0 136 156 133 1 0 115 102 39 1 0 10 76 33 43 136 146 95 1 1 16 22 137 0 0 45 24 99 87 67 142 0 120 26 0 63 1 92 0 5 45 52 
131 0 0 55 112 96 143 41 154 72 141 53 117 159 88 34 63 14 31 137 20 110 0 138 141 122 1 0 149 113 100 39 151 75 95 0 1 46 65 75 1 40 0 119 138 1 54 1 90 58 0 1 8 58 0 35 118 1 77 82 140 151 36 0 1 1 122 123 146 40 44 120 23 152 1 154 20 100 1 88 
70 140 0 138 0 19 0 121 1 126 15 141 99 26 7 16 147 13 21 131 0 158 42 12 1 95 58 0 136 47 144 141 59 1 1 96 133 142 20 59 38 1 5 90 110 103 1 132 11 149 1 158 15 1 56 67 0 137 73 117 67 94 118 58 113 0 154 1 0 74 27 27 0 72 1 1 70 62 159 1 
148 135 52 0 14 46 1 1 100 26 1 5 145 90 78 44 70 1 123 78 88 145 0 67 62 41 138 7 156 99 151 52 15 25 149 0 0 147 1 0 0 130 0 0 59 146 0 82 86 0 123 108 30 134 1 7 98 0 13 66 81 70 81 135 130 113 56 55 33 111 49 108 41 119 9 53 14 0 87 135 
65 143 127 1 0 62 0 1 0 115 105 0 0 126 84 1 13 64 111 43 149 83 5 110 107 152 78 51 159 61 22 136 1 69 121 0 0 153 53 55 147 111 4 154 36 0 0 1 65 156 106 47 0 78 15 1 104 44 89 132 134 37 1 1 1 132 97 32 29 0 35 102 126 0 140 63 0 130 54 39 
16 52 30 17 41 0 92 1 104 114 106 70 52 71 72 63 0 26 53 29 34 59 10 58 115 30 101 92 33 119 0 89 64 53 50 117 84 45 131 135 155 80 59 137 77 104 20 97 138 86 0 105 141 68 19 97 152 29 96 72 25 1 0 1 154 0 107 34 1 0 140 108 43 101 113 27 95 10 0 118 
44 38 103 26 156 12 0 119 57 114 0 148 119 147 140 0 77 24 110 0 146 24 139 158 87 37 56 156 0 0 116 126 124 1 145 58 57 94 0 38 152 74 55 114 107 70 34 0 89 83 0 7 0 60 0 65 68 113 146 1 20 0 0 93 92 60 77 36 99 0 1 139 112 0 69 114 112 130 157 107 
42 1 49 10 32 77 99 0 0 80 62 116 0 134 22 86 1 39 71 1 115 1 18 51 1 71 77 37 155 125 64 48 119 1 11 17 84 4 10 0 1 41 103 141 100 1 81 38 1 1 140 0 134 96 131 61 56 64 82 0 1 118 0 122 72 70 12 33 81 135 54 81 23 0 130 32 132 38 0 94 
1 151 145 1 1 1 106 0 0 49 10 103 93 78 102 106 1 0 124 1 33 94 159 0 146 70 1 1 48 127 60 155 114 105 87 48 51 124 77 47 136 111 10 1 75 130 6 0 98 47 37 102 82 83 75 93 66 12 11 158 66 0 1 90 0 4 32 30 41 28 127 101 0 80 25 16 113 1 46 0 
0 78 159 112 0 15 140 0 1 0 0 0 82 67 41 49 27 43 78 106 5 59 109 133 125 153 156 40 95 0 55 27 0 43 158 96 37 79 0 1 24 33 158 1 80 7 156 67 29 1 121 122 101 118 112 23 36 0 55 91 138 141 33 94 100 14 0 1 154 91 0 7 73 107 0 143 143 119 41 96 
151 0 6 104 79 0 101 0 35 0 0 128 130 133 0 28 26 116 150 71 27 0 25 46 115 14 51 117 87 1 17 9 129 76 1 57 122 0 72 98 66 134 118 155 13 113 4 58 117 32 0 127 2 144 154 128 38 0 135 29 1 156 55 49 0 92 61 1 4 0 1 145 46 112 131 1 0 83 81 130 
93 129 1 1 17 0 45 1 1 45 33 0 34 151 62 1 23 79 0 32 85 44 123 55 138 132 99 0 1 145 108 22 16 48 100 109 98 145 17 108 84 134 113 127 20 1 94 1 0 77 5 0 0 1 144 149 1 42 0 131 0 8 53 148 5 100 33 0 69 0 114 100 1 105 70 0 0 60 45 154 
70 0 0 0 1 70 74 118 32 43 83 122 0 103 8 1 155 99 42 82 126 3 124 17 128 68 0 96 118 0 98 144 127 142 133 44 0 0 117 1 53 17 138 121 0 146 12 6 20 33 87 1 75 0 42 140 58 1 0 102 35 101 1 48 64 3 46 57 106 114 83 67 44 72 0 153 1 132 38 1 
117 92 86 157 0 79 31 94 0 133 87 14 1 0 23 0 105 52 62 0 1 78 89 127 1 131 19 13 133 137 59 0 28 0 0 1 94 116 121 85 64 53 33 153 99 89 0 0 16 19 99 30 152 10 107 154 12 74 103 36 65 113 88 1 55 122 0 1 5 125 133 21 79 50 81 17 1 6 44 9 
136 51 154 101 30 132 89 116 32 1 1 42 111 1 0 15 157 109 51 156 27 31 128 1 0 0 157 68 85 121 60 125 1 15 14 85 61 134 24 5 47 105 0 85 147 0 1 36 0 0 71 52 72 121 124 1 59 19 74 66 75 55 0 16 1 150 23 71 49 0 53 144 1 63 32 49 128 27 142 6 
0 115 80 6 70 36 0 0 76 1 31 0 123 100 1 0 89 0 150 1 1 138 97 105 71 8 51 104 150 147 148 122 106 139 142 1 136 82 55 33 0 12 147 9 102 47 0 149 21 20 30 0 20 1 159 69 5 43 48 151 17 5 133 89 106 0 149 82 50 99 79 100 64 40 91 138 0 9 157 135 
1 44 1 64 95 92 85 44 156 81 9 128 156 102 33 55 0 135 0 3 140 149 0 48 21 69 1 93 1 118 92 40 147 138 1 152 57 3 25 47 0 131 1 121 1 40 85 6 97 1 150 7 140 138 118 50 119 121 125 54 1 91 118 125 108 101 138 40 57 13 0 0 25 0 65 117 26 101 20 0 
26 59 45 125 50 41 119 45 1 113 65 38 147 1 152 55 1 0 1 1 118 47 132 5 108 42 120 0 98 149 138 159 117 16 92 154 64 106 24 155 59 6 129 0 26 0 106 87 13 125 46 0 85 111 137 145 0 1 83 73 0 118 1 69 0 35 75 141 0 0 157 149 131 0 57 53 155 120 73 74 
142 1 85 18 72 119 159 42 83 34 137 81 0 1 146 80 72 135 0 33 80 0 66 59 104 1 1 54 100 138 1 0 110 128 46 50 110 130 159 42 111 49 69 106 45 35 118 116 115 26 1 1 69 16 67 24 109 76 30 157 1 113 145 11 106 10 82 6 42 60 71 25 66 89 55 1 1 71 64 0 
0 131 1 33 64 153 1 118 1 14 101 63 133 35 61 155 0 7 1 0 19 134 0 118 0 18 1 1 0 113 96 1 98 0 94 135 1 116 122 1 36 48 110 1 23 38 89 127 35 1 1 45 92 3 40 21 59 42 1 156 51 31 87 56 0 157 1 0 127 66 37 8 81 143 12 1 68 54 113 144 
45 91 1 135 70 132 108 0 27 153 74 128 1 24 124 123 0 38 120 127 0 68 0 117 33 41 15 98 1 119 124 130 131 0 151 0 11 51 39 130 51 18 0 46 40 1 86 133 0 125 54 85 116 32 157 82 22 116 48 27 1 23 43 53 39 1 103 63 13 119 75 92 104 1 98 59 29 104 129 66 
140 40 20 110 0 0 0 113 1 63 74 90 116 16 38 51 1 13 24 0 0 0 146 142 63 143 1 154 0 125 147 46 0 58 0 1 45 35 146 6 0 83 45 1 135 152 1 9 1 140 1 94 86 76 0 129 137 1 56 56 36 67 64 109 30 0 144 4 0 0 0 78 1 0 29 102 48 152 28 1 
20 85 159 67 86 33 1 129 103 54 1 92 59 80 1 133 1 89 102 111 0 46 0 1 156 77 157 102 1 103 51 25 54 154 114 82 0 1 95 35 48 110 53 0 79 1 97 0 136 74 151 101 17 75 92 34 158 66 60 134 0 0 27 25 148 145 1 1 103 0 8 1 155 70 42 144 135 0 0 101 
87 103 1 0 156 0 0 3 1 129 102 1 1 1 118 11 26 6 0 0 72 0 7 0 74 37 132 61 26 49 155 1 1 0 33 106 111 78 140 0 31 145 87 1 0 1 0 0 1 152 99 1 113 0 158 63 78 83 1 86 142 58 68 30 129 98 1 26 1 1 31 120 10 129 47 0 1 60 54 1 
6 32 85 0 97 83 62 1 1 142 119 129 130 25 98 0 80 155 0 1 10 0 78 65 0 9 152 155 151 23 23 94 0 76 0 31 158 6 104 1 0 82 47 51 56 153 56 29 0 13 0 67 137 129 68 1 0 91 22 116 77 128 30 109 96 34 17 70 0 1 153 31 95 81 44 1 30 75 25 23 
51 96 119 119 118 1 10 131 67 72 159 99 96 1 152 83 33 1 1 75 41 91 1 89 0 0 126 56 0 1 137 0 57 141 1 45 41 65 72 0 137 147 63 104 36 58 11 97 29 136 0 87 1 158 122 121 76 1 1 35 0 117 0 54 23 46 8 129 82 55 154 0 134 2 42 1 46 9 77 92 
56 1 122 39 158 102 112 65 136 47 0 44 38 117 131 1 141 125 64 97 63 21 153 83 159 100 0 133 99 54 1 147 66 1 90 65 1 1 126 1 149 11 88 46 111 41 3 139 122 76 0 79 92 132 44 98 0 52 83 0 134 142 1 46 127 40 117 94 126 122 86 0 51 113 0 155 135 97 0 135 
104 150 1 1 57 95 89 1 37 24 1 41 1 1 1 16 91 37 13 149 0 83 141 1 20 0 86 0 89 51 55 138 31 1 157 98 62 10 48 125 23 98 132 4 104 78 0 23 134 100 5 89 116 91 0 36 155 145 143 0 0 31 47 99 49 1 31 17 0 25 0 86 48 91 12 1 122 141 68 27 
29 1 123 57 123 3 105 155 92 0 62 30 139 135 0 55 1 18 1 1 118 120 148 65 65 3 0 0 0 0 0 3 41 144 47 151 138 106 136 57 82 23 136 68 19 141 85 0 103 103 92 57 0 44 0 85 128 57 113 1 0 140 124 109 24 125 15 27 0 1 0 62 101 49 105 142 132 0 0 62 
152 116 1 0 117 146 1 1 7 39 65 151 49 67 0 0 0 81 76 1 46 8 0 2 1 1 127 27 104 0 117 119 20 41 1 101 28 62 79 6 1 1 133 0 0 100 145 45 27 79 40 129 64 94 119 51 34 0 0 8 13 147 1 37 85 78 107 86 1 56 17 15 140 0 25 46 22 50 1 139 
55 144 58 43 133 155 4 1 1 1 37 1 65 134 0 105 32 40 37 63 0 120 0 1 150 1 26 30 152 0 0 122 3 123 124 1 16 108 38 0 127 138 15 107 15 1 102 65 15 121 126 38 3 77 62 35 141 44 113 128 52 30 0 64 90 67 0 103 105 34 135 76 0 7 114 1 53 62 1 97 
136 8 94 86 1 0 75 62 1 57 70 61 148 75 26 38 124 11 152 86 158 87 22 125 70 105 0 0 90 1 62 0 75 1 30 1 130 152 1 0 0 65 1 0 33 45 31 101 139 0 80 1 76 111 83 24 21 41 82 110 90 89 111 155 0 56 113 0 140 19 11 44 135 38 5 1 2 1 0 98 
0 147 138 1 33 113 147 0 42 1 93 88 11 150 106 55 0 117 1 105 159 150 90 0 1 0 51 1 0 23 1 28 0 138 132 130 138 138 122 140 92 56 56 0 1 108 126 4 73 79 1 86 1 47 79 0 70 106 86 88 140 0 153 144 147 49 13 42 87 48 135 31 0 153 17 1 82 0 48 41 
55 0 46 51 34 1 51 100 76 133 1 117 1 129 144 25 0 124 43 27 92 1 108 88 0 8 106 76 0 0 0 102 0 0 38 0 61 147 0 49 22 1 134 157 22 1 60 0 60 38 65 87 94 142 136 1 0 0 100 13 42 130 109 13 19 14 31 140 151 0 79 156 0 1 77 114 122 65 112 108 
131 50 0 1 125 135 29 133 94 107 86 143 0 0 33 126 1 0 146 1 137 50 44 58 46 43 85 66 88 1 108 102 57 83 0 66 0 127 0 0 93 48 1 43 149 55 32 29 1 47 116 1 0 1 0 142 7 89 149 115 0 60 96 1 155 12 6 142 17 0 120 106 1 75 0 82 114 1 91 136 
40 23 153 64 68 0 114 0 28 1 1 0 7 129 128 0 85 158 46 0 93 6 94 143 88 148 65 120 89 156 93 35 116 137 75 0 76 71 135 34 78 0 38 39 131 99 154 60 140 0 152 62 128 108 62 65 131 2 1 35 1 1 0 108 28 23 1 1 46 1 0 0 112 99 18 44 62 0 80 1 
134 99 80 102 128 6 35 1 70 133 117 37 68 0 6 98 90 84 28 0 159 1 1 0 71 0 13 126 0 91 1 9 136 94 131 126 0 62 103 69 120 15 131 1 61 121 114 51 99 99 66 152 156 1 58 19 3 35 153 123 120 120 60 147 87 70 60 29 1 123 49 137 16 43 51 12 0 105 159 114 
89 81 1 69 137 79 65 84 80 1 98 43 0 89 1 0 2 0 49 145 139 16 1 14 57 70 121 159 88 37 16 35 128 31 1 99 30 0 91 148 53 59 25 0 57 1 43 14 94 11 8 105 1 23 112 91 67 30 151 114 54 152 154 10 1 114 124 0 144 92 55 154 94 46 11 83 105 46 58 0 
57 113 88 157 0 104 76 51 75 107 148 47 53 108 121 153 62 97 1 0 13 93 127 36 44 1 110 109 3 96 1 105 56 140 0 44 1 138 0 155 144 112 1 50 73 1 131 92 143 108 80 150 69 20 89 84 138 115 51 1 12 68 119 110 132 0 6 1 149 134 21 145 39 0 76 32 0 63 119 81 
85 86 1 1 138 1 1 20 1 22 145 151 38 8 71 95 122 92 150 77 159 120 22 106 53 97 50 1 104 10 123 0 6 100 1 0 114 105 0 0 0 21 33 78 22 89 152 59 141 12 146 155 1 132 110 152 74 117 0 1 85 1 94 40 0 58 33 0 17 0 124 76 62 0 26 45 136 47 70 0 
144 33 147 9 0 94 151 24 98 43 125 1 143 0 1 18 74 138 0 51 9 106 106 0 0 0 1 36 154 36 0 1 0 60 1 33 0 159 0 111 0 15 85 6 66 63 3 13 0 92 8 1 144 0 89 147 93 75 0 98 130 35 56 0 101 37 16 92 2 4 2 33 12 79 48 93 68 142 127 52 
18 1 136 43 135 102 152 1 66 0 1 40 7 110 75 106 52 64 143 103 84 1 107 65 67 101 110 4 1 129 1 128 125 88 1 43 34 135 0 66 86 0 1 148 83 131 55 1 1 118 0 1 27 67 15 88 87 52 68 105 67 0 12 153 65 112 144 81 128 117 44 78 104 18 22 78 151 86 0 155 
18 28 56 16 79 0 152 19 108 93 140 113 102 147 1 1 17 125 27 84 0 111 80 1 49 157 94 93 69 0 48 1 21 1 129 62 38 107 0 25 118 112 0 154 0 32 14 126 131 0 6 59 71 144 29 134 0 87 45 0 1 0 45 157 89 66 12 0 129 49 158 48 30 106 147 68 0 56 148 80 
144 156 1 30 0 1 54 3 1 67 26 36 36 0 62 45 80 19 3 87 47 159 0 9 76 40 0 6 38 96 1 44 22 146 72 34 19 143 119 104 43 22 61 0 133 0 42 3 130 155 128 157 0 17 0 1 121 25 1 65 68 125 0 107 123 1 23 129 65 2 100 126 147 98 12 121 83 0 22 24 
53 53 93 0 88 0 63 1 13 139 107 1 112 148 106 116 7 0 58 130 36 0 71 37 106 135 0 99 94 66 8 82 142 47 10 88 85 42 122 0 0 68 146 1 0 67 128 23 0 1 75 111 1 0 120 15 1 1 50 149 0 36 52 137 40 152 20 10 16 91 122 0 1 68 95 102 75 65 135 106 
1 35 155 124 59 118 19 39 34 145 0 67 1 0 58 153 118 0 125 39 98 94 88 24 134 131 75 0 27 29 2 155 21 151 42 41 0 1 116 97 135 99 76 107 31 0 55 0 0 139 62 51 52 0 48 1 64 7 158 1 10 104 145 153 100 142 128 146 64 129 153 149 135 19 0 24 1 155 145 1 
90 1 0 49 50 67 34 81 150 92 88 7 140 130 132 54 8 1 98 124 103 10 10 82 88 0 144 54 150 140 142 152 154 54 1 1 58 147 101 4 12 7 100 84 0 9 0 126 116 0 1 59 0 16 0 33 28 1 1 91 123 129 51 0 105 43 115 8 76 97 54 4 19 85 1 123 0 40 107 67 
50 3 146 1 45 113 124 80 79 147 49 0 103 1 54 0 69 122 96 143 6 54 1 52 19 57 0 66 110 121 0 119 86 104 58 122 100 154 76 0 152 95 75 61 134 42 68 0 1 28 25 1 0 105 64 1 125 46 122 80 123 4 72 134 0 41 100 78 54 114 1 0 51 122 49 91 1 1 51 126 
9 90 30 25 132 46 14 1 38 73 13 142 95 150 148 150 1 77 141 0 109 8 1 13 1 77 0 74 0 145 0 0 96 40 0 145 1 42 0 6 153 43 17 132 95 1 65 32 0 115 100 0 42 115 0 19 140 0 72 1 157 0 110 134 51 144 1 1 83 21 103 24 100 1 103 157 56 49 151 1 
150 0 26 0 134 51 105 0 79 3 135 1 108 87 81 140 1 148 108 14 133 1 30 0 154 68 0 86 39 88 151 44 107 48 110 60 128 33 0 7 4 117 27 93 1 13 49 0 0 0 103 157 130 22 0 42 140 37 1 0 142 114 151 59 0 147 88 126 1 82 0 102 49 120 125 39 67 51 89 105 
94 18 143 88 141 70 104 35 17 0 53 82 26 99 78 94 12 13 121 2 152 140 77 120 62 138 61 16 89 14 106 38 135 34 54 84 108 0 110 89 141 83 101 18 102 1 0 157 106 78 0 71 49 25 1 1 69 98 101 5 136 154 36 115 24 25 139 58 0 122 98 1 3 22 99 1 10 14 80 75 
0 1 139 150 132 23 115 68 1 154 150 130 0 45 102 1 1 27 0 65 135 35 101 1 83 0 1 101 56 107 69 113 5 115 44 106 109 1 124 8 1 128 135 0 28 48 149 138 0 20 19 0 0 18 107 0 1 121 138 1 130 66 1 1 74 1 5 24 121 86 0 149 45 76 25 92 36 9 0 8 
157 1 130 80 108 154 69 112 121 148 1 137 152 98 135 0 4 114 49 36 12 98 0 1 60 66 0 69 33 91 65 143 12 67 32 98 80 68 98 35 42 18 0 64 1 47 0 0 150 152 0 1 0 18 67 8 40 52 106 39 1 16 150 148 23 87 26 0 26 46 1 111 1 138 0 57 78 37 0 0 
117 137 144 53 12 105 0 0 116 145 1 0 54 62 59 71 94 1 91 33 0 1 30 1 100 136 116 43 0 24 143 11 144 1 110 62 79 42 1 0 56 1 142 108 33 48 130 33 1 80 149 128 40 0 80 79 0 0 154 46 1 57 99 99 0 9 55 56 54 1 88 0 0 23 112 0 79 138 13 32 
145 4 96 25 124 89 144 140 34 1 156 132 48 48 105 8 114 1 93 0 152 37 48 144 0 98 153 54 39 128 1 103 60 0 124 1 84 31 10 0 75 74 36 1 0 80 7 1 118 0 1 31 56 103 0 140 140 34 1 43 12 0 65 127 89 83 1 106 84 113 57 127 138 112 32 0 14 20 1 0 
86 123 10 72 103 49 0 9 39 15 20 30 73 5 1 1 98 159 147 116 36 157 106 1 122 56 66 6 100 42 150 0 8 112 96 29 0 133 89 139 49 17 66 0 146 124 140 96 10 37 140 0 155 13 112 0 0 54 122 26 32 100 105 58 77 3 60 70 150 54 81 28 1 16 150 69 139 110 0 55 
14 38 0 90 1 143 80 110 10 96 39 106 18 61 134 155 44 80 97 62 135 0 81 26 2 70 36 145 1 1 13 42 110 0 49 127 57 19 0 146 0 116 58 1 121 132 142 11 1 0 85 0 0 44 69 156 0 156 0 111 86 137 36 123 7 27 141 0 119 144 18 36 51 0 1 77 0 72 0 1 
50 71 51 104 9 157 0 105 55 89 120 100 1 1 33 30 142 0 132 1 41 1 158 16 43 153 152 57 1 131 137 107 40 83 81 103 0 98 0 143 103 22 140 71 69 26 77 152 0 148 9 1 144 119 33 0 103 0 29 141 56 26 44 48 3 102 1 0 146 0 34 120 131 1 158 128 105 1 67 133 
0 1 50 19 0 58 0 148 159 0 38 41 62 51 10 147 1 1 2 78 143 154 37 64 60 39 127 68 154 0 23 151 4 136 150 18 23 129 1 1 4 94 85 134 70 0 1 58 31 147 137 20 1 1 1 96 74 43 0 1 159 142 75 0 106 133 98 6 4 158 124 1 17 17 136 157 63 85 127 65 
15 33 68 57 19 1 1 124 82 152 1 1 0 114 0 71 136 79 38 0 0 99 65 1 157 148 0 1 85 1 19 134 69 1 141 140 5 57 121 0 47 0 0 112 55 114 1 1 86 115 1 79 67 0 62 44 105 158 70 0 0 50 0 149 126 62 0 3 1 62 89 109 0 1 0 5 98 54 69 91 
59 27 131 102 62 105 42 64 89 137 1 46 138 0 158 27 90 44 126 70 114 0 119 131 159 1 1 16 27 97 79 63 51 86 150 26 78 0 0 58 142 1 147 97 137 152 0 68 0 0 53 139 0 127 155 41 43 0 0 99 0 94 1 112 0 84 109 92 22 86 145 34 134 29 1 1 15 118 132 29 
0 24 112 142 49 91 0 55 29 48 144 12 7 17 147 19 102 96 44 108 47 104 0 109 20 77 31 77 98 93 97 27 1 41 26 81 1 40 130 147 27 21 18 1 128 57 1 60 0 29 145 1 27 0 89 69 0 32 113 0 116 0 145 1 0 89 43 62 104 138 1 139 110 1 71 85 9 101 30 54 
99 113 115 56 84 35 1 29 159 47 103 35 0 102 126 63 75 1 96 1 0 39 145 97 98 21 17 87 43 31 21 106 56 42 33 58 7 81 135 46 136 134 36 61 159 80 62 52 1 1 1 93 17 1 61 43 11 141 107 88 1 18 0 147 31 1 0 120 1 60 8 120 26 131 116 88 32 145 107 105 
124 45 1 131 0 116 22 120 115 56 0 95 104 1 0 89 1 0 86 1 32 96 19 79 1 72 28 120 153 1 9 48 96 0 30 69 107 0 105 62 130 1 1 1 77 100 134 42 85 113 10 105 23 124 0 130 145 128 141 1 139 0 100 0 116 150 0 139 94 135 101 32 15 108 17 2 159 65 0 5 
102 55 77 111 138 137 153 0 136 109 109 22 56 12 74 62 0 1 56 142 105 98 1 16 153 1 0 25 148 115 79 32 76 43 138 74 75 24 0 4 0 1 148 30 93 47 64 77 118 128 77 138 17 94 91 12 49 1 63 1 0 1 67 28 0 68 9 132 89 90 1 18 48 1 113 145 104 32 154 4 
27 89 88 70 1 0 68 59 22 22 77 45 51 150 25 118 1 13 1 0 64 16 44 95 1 123 0 0 108 62 18 52 154 139 51 82 74 79 102 0 0 130 1 0 1 143 52 54 1 30 87 0 101 0 122 58 70 43 70 137 68 84 0 51 1 0 12 91 83 1 0 0 94 1 103 153 70 1 65 127 
10 118 150 1 14 66 0 0 154 0 0 22 10 42 99 31 1 15 2 102 43 136 10 40 3 16 112 28 43 14 12 71 39 84 84 43 136 8 36 35 1 95 77 22 127 0 1 66 1 85 95 103 31 132 133 49 125 113 1 58 53 14 91 123 40 35 0 6 64 35 23 1 49 146 30 6 21 1 135 0 
59 105 1 111 66 39 45 0 71 100 1 136 85 96 122 44 38 1 45 110 135 1 51 0 134 136 0 125 86 73 79 99 157 58 0 34 96 0 106 79 10 54 146 31 0 20 87 123 84 66 1 3 0 85 15 0 101 79 107 1 0 21 69 151 156 1 124 0 117 97 101 1 58 57 0 106 18 1 1 58 
53 78 0 31 141 147 100 1 77 0 91 46 159 73 103 0 0 32 0 53 147 1 80 74 0 1 0 102 41 107 74 159 0 8 88 112 1 125 26 153 99 126 0 37 0 68 1 2 77 61 145 145 154 74 1 73 80 31 106 0 71 0 25 127 48 118 1 75 0 1 13 0 95 54 0 0 39 44 144 0 
37 111 15 0 18 13 157 114 112 43 92 41 53 70 5 15 1 0 76 134 82 133 0 106 58 0 48 40 3 155 6 45 0 15 7 0 0 70 1 1 140 132 148 107 25 76 159 85 0 24 132 92 50 16 1 90 147 107 0 25 153 147 1 52 96 1 0 33 157 0 138 0 124 14 0 1 1 59 88 0 
37 39 47 1 0 143 6 84 35 0 15 132 158 24 27 54 1 149 35 0 0 35 65 27 113 1 154 158 37 28 0 76 30 19 137 68 147 0 119 36 4 93 15 82 38 73 103 74 125 130 22 75 0 82 27 0 138 67 131 154 125 0 134 143 61 159 8 11 123 101 0 24 66 0 96 45 0 0 1 0 
157 141 9 93 125 0 47 43 64 143 40 133 142 111 16 135 124 38 45 0 37 42 84 146 18 150 120 1 69 0 0 154 90 131 146 92 43 134 146 124 86 127 87 140 69 80 85 129 104 135 50 1 38 112 18 0 1 0 0 1 12 34 136 10 62 58 2 1 118 96 50 0 17 94 6 146 142 43 0 32 
123 1 111 1 55 1 141 100 51 0 16 1 64 11 0 0 1 65 1 32 0 1 73 86 0 157 134 1 57 1 0 144 14 45 119 1 45 98 93 1 0 64 12 82 0 103 151 0 46 71 11 70 37 0 1 103 0 111 30 19 95 70 156 56 40 45 144 86 0 1 69 1 0 121 110 24 0 101 66 1 
1 30 1 58 113 1 86 137 115 26 147 14 8 96 137 52 116 146 132 44 0 0 54 0 65 124 136 0 0 35 1 67 15 131 17 124 63 11 59 105 2 124 111 9 152 1 55 74 88 97 148 81 17 132 1 48 122 70 1 154 65 40 97 61 0 121 45 5 37 0 74 68 108 0 14 1 78 0 0 88 
1 36 71 33 18 59 2 125 76 131 58 68 17 52 156 1 47 154 127 66 0 60 126 1 131 112 0 1 3 1 127 1 51 1 20 88 1 16 70 50 54 1 69 1 128 41 156 4 10 1 25 1 153 96 54 77 6 85 65 1 147 51 98 144 0 119 1 110 108 62 58 117 88 152 0 19 133 0 58 43 
51 105 18 117 4 0 96 2 137 47 0 144 80 45 93 1 27 55 127 51 1 59 94 0 66 27 40 0 5 67 73 0 1 57 53 1 116 108 0 136 112 1 109 1 102 1 0 1 16 0 152 1 108 17 1 1 48 79 92 113 50 120 0 137 23 0 33 85 75 94 40 120 121 0 131 0 138 1 76 142 
5 69 155 55 67 1 131 97 0 16 1 22 84 91 1 35 58 21 44 0 0 134 24 127 35 0 61 123 37 147 90 75 18 0 143 16 1 1 156 80 27 1 127 136 45 30 1 0 142 100 4 0 1 0 113 0 1 0 35 94 2 140 117 22 157 77 46 63 0 159 150 60 0 114 65 83 0 1 148 73 
128 0 59 129 110 0 42 128 6 1 8 11 6 0 43 5 49 4 97 33 108 120 8 36 0 87 158 96 61 82 128 17 125 31 155 13 92 0 1 146 106 5 92 1 38 96 1 21 0 83 29 124 68 86 47 23 0 121 128 24 144 126 13 94 85 1 38 128 1 106 73 0 1 103 78 1 1 0 0 129 
132 56 60 98 105 2 0 155 97 137 103 0 0 0 88 0 106 143 1 0 56 146 1 136 139 77 43 105 0 102 118 67 117 151 37 0 8 34 63 129 54 0 0 131 1 0 1 1 33 148 96 15 0 66 97 129 0 122 1 21 0 25 47 0 153 0 28 53 48 20 0 148 136 0 121 43 0 120 0 83 
74 1 12 159 30 59 12 1 154 33 133 100 36 101 75 151 80 0 1 1 74 26 89 57 62 76 127 124 150 134 87 0 133 1 1 149 43 129 1 0 1 1 0 16 1 78 14 84 89 1 1 22 35 0 67 1 117 123 50 0 5 140 87 121 0 1 89 132 30 80 27 84 68 0 64 85 153 81 13 0 
