1
70
0 70 18 65 75 0 121 0 1 138 120 72 0 93 6 90 113 0 63 0 0 16 47 93 87 109 1 73 0 48 1 49 110 0 0 47 135 20 0 32 21 103 1 99 1 4 63 30 108 139 0 125 38 1 44 0 51 5 52 29 17 119 131 91 9 34 108 70 81 42 
79 0 0 135 72 1 110 51 41 26 128 89 1 76 97 110 1 1 124 127 110 62 65 76 16 100 54 139 1 0 0 99 94 8 30 120 70 104 133 94 1 125 0 98 85 20 94 4 105 32 0 74 102 14 1 89 53 127 56 136 95 1 85 53 41 24 62 20 39 122 
93 131 0 0 1 54 44 21 34 54 49 1 37 6 1 70 110 116 48 135 0 85 93 1 0 114 91 1 120 41 78 83 77 0 96 87 51 132 53 77 18 1 0 128 22 116 107 106 50 91 0 134 104 41 61 1 127 0 50 115 48 110 87 15 0 74 121 50 128 127 
104 1 4 0 0 38 52 126 116 49 133 0 0 66 125 17 37 108 16 17 50 84 1 130 125 99 1 35 127 0 64 4 47 33 0 1 0 42 0 113 0 135 0 1 75 1 91 12 78 48 52 45 0 66 133 58 1 0 109 70 0 0 104 133 0 41 0 18 19 1 
123 61 81 64 0 112 55 43 125 0 0 134 112 41 139 111 75 89 124 0 92 68 27 0 17 1 1 0 27 59 62 49 34 51 66 100 124 49 112 70 0 23 1 0 139 3 5 107 0 79 1 40 137 1 12 1 0 0 0 1 0 60 14 1 0 0 86 75 98 1 
57 16 22 0 19 0 91 0 48 87 23 38 49 74 102 117 21 1 73 134 94 48 13 129 63 0 0 0 0 129 137 36 108 0 0 122 34 32 0 39 101 87 84 4 13 19 11 125 98 100 45 2 138 0 58 77 118 103 0 46 0 1 0 89 1 20 9 125 115 1 
122 71 94 42 1 117 0 3 108 54 51 0 23 58 74 83 123 126 83 107 10 88 56 48 1 0 1 64 0 15 84 53 107 58 3 51 0 100 73 52 1 0 79 38 135 41 0 0 55 133 1 111 0 75 90 24 28 131 125 90 89 51 6 8 22 78 139 99 40 51 
79 24 0 1 60 19 108 0 111 128 120 0 136 118 0 16 38 128 115 7 57 1 16 119 99 126 70 23 84 0 132 112 1 114 132 1 101 0 30 13 77 137 59 1 122 88 121 1 0 6 68 56 48 79 82 1 17 129 90 126 5 13 131 126 128 14 7 111 16 0 
36 68 87 16 89 5 9 0 0 2 1 65 98 29 117 93 0 0 77 16 1 82 59 95 55 12 17 0 75 52 54 132 134 107 0 46 128 4 128 87 90 0 111 55 30 15 77 94 1 49 31 133 65 44 74 1 0 0 98 0 89 1 101 105 1 1 64 1 1 1 
58 103 0 0 129 0 117 1 124 0 92 102 0 50 111 2 39 33 29 54 7 2 19 68 1 74 32 42 68 108 110 67 0 0 73 22 1 1 60 128 121 121 102 93 74 8 94 122 0 71 87 90 0 83 13 64 0 135 135 82 77 91 98 46 30 22 58 33 8 53 
118 0 96 1 1 101 0 112 19 18 0 0 0 125 78 127 70 6 29 116 110 58 111 94 1 15 71 99 102 0 38 63 55 1 56 0 0 17 108 1 123 61 71 47 113 82 0 83 123 127 110 13 1 0 26 54 66 87 81 59 64 129 0 113 80 89 54 134 120 30 
111 131 127 1 85 72 51 0 23 26 3 0 5 0 0 0 35 60 73 37 1 17 107 83 1 112 32 1 122 65 115 31 36 0 9 60 130 104 0 18 101 56 27 87 46 127 90 18 119 82 3 0 49 44 11 108 125 0 0 70 64 127 87 41 56 118 1 4 9 80 
90 7 70 59 0 1 80 1 0 0 114 38 0 123 1 70 135 11 122 0 128 69 128 8 0 35 118 0 17 109 34 117 62 1 0 84 114 51 16 45 122 80 28 0 37 38 12 10 45 99 63 128 24 59 100 64 41 0 95 77 123 51 83 113 1 34 1 44 37 1 
111 41 0 0 26 59 1 1 29 10 1 74 103 0 78 21 138 55 48 139 72 101 0 139 132 113 62 27 0 33 102 115 108 93 51 111 138 138 81 0 117 133 1 120 0 53 83 50 31 59 58 71 0 68 8 89 53 136 0 65 72 110 27 124 1 111 77 48 0 118 
104 72 0 16 66 75 119 44 26 112 104 45 51 0 0 75 53 45 1 9 135 77 31 1 38 0 1 8 99 4 48 0 38 62 58 54 14 32 1 0 92 10 85 26 120 95 1 1 76 23 13 1 108 2 0 60 79 52 0 92 119 37 87 0 57 136 57 67 80 45 
37 64 21 0 0 114 100 44 139 122 1 1 39 1 27 0 39 76 1 97 114 63 34 1 41 1 0 3 34 0 77 1 1 11 31 82 0 106 8 30 68 1 1 60 0 47 19 105 2 78 39 103 77 58 62 117 100 41 134 95 55 1 103 67 1 4 1 0 30 11 
43 81 84 50 29 15 54 1 106 0 83 54 95 75 1 63 0 52 8 5 0 0 0 27 82 45 90 68 58 62 47 136 8 87 69 0 0 0 1 0 54 0 0 57 1 73 22 44 120 0 73 59 1 25 1 28 56 135 79 25 78 91 16 78 1 1 19 85 58 7 
0 0 91 11 119 27 108 45 94 1 68 64 0 24 135 77 97 0 2 127 0 67 69 85 130 15 0 88 118 105 98 8 0 137 131 82 51 1 42 51 0 90 0 56 42 56 75 30 17 29 0 10 44 12 74 1 134 0 55 139 1 117 30 42 64 125 119 1 55 44 
14 93 74 136 57 3 30 14 11 45 10 126 77 95 13 110 74 60 0 111 106 0 63 40 1 139 73 3 47 0 0 44 85 11 96 1 2 67 98 56 0 47 56 1 0 1 86 18 0 29 11 113 127 0 0 35 85 96 56 119 133 3 39 0 8 81 8 117 69 63 
112 1 40 125 32 0 29 27 58 56 123 41 48 0 38 29 112 88 109 0 48 0 0 22 139 113 80 134 72 16 3 36 0 94 83 26 74 0 7 16 117 81 117 42 42 126 20 134 0 55 139 38 0 55 32 121 16 0 17 39 0 83 117 14 0 73 87 118 4 138 
34 22 86 64 0 0 1 1 1 20 0 56 138 71 0 139 0 113 121 110 0 0 112 78 52 59 105 123 50 84 1 47 122 1 1 0 0 51 0 10 1 54 0 1 0 0 6 9 136 128 19 75 112 135 1 0 117 31 104 0 125 113 50 1 35 78 91 1 88 0 
1 105 61 68 0 109 94 81 1 0 133 0 134 41 87 0 19 99 62 22 78 0 94 73 132 41 73 68 0 89 0 1 33 0 1 129 99 0 62 41 16 1 85 104 112 0 28 72 100 24 47 136 129 91 1 1 103 75 1 17 0 36 36 87 71 14 12 1 129 61 
53 109 95 6 51 110 41 111 0 9 0 9 3 128 33 39 91 0 76 38 60 29 0 16 88 7 136 122 136 86 27 52 123 74 6 75 2 23 90 61 126 83 50 21 54 3 32 133 123 29 131 50 9 46 32 71 1 131 137 1 0 1 75 0 87 1 13 87 83 108 
113 126 17 0 125 1 0 46 0 131 110 25 18 1 83 93 99 1 53 12 135 54 1 0 43 9 106 77 95 48 1 113 80 1 114 75 39 91 14 55 96 67 111 100 73 34 8 105 0 1 0 88 22 2 111 1 0 109 0 68 95 40 45 36 1 0 0 47 1 1 
112 24 7 50 50 0 25 115 47 54 52 27 65 8 3 129 12 34 102 66 15 69 35 1 0 0 137 52 55 76 109 41 3 90 100 83 23 121 1 1 98 27 1 85 75 76 96 52 0 1 125 48 1 64 0 0 122 1 0 49 116 1 89 65 42 77 0 136 65 76 
85 122 126 41 98 109 42 137 67 122 34 98 87 101 61 90 1 120 66 67 17 102 94 1 1 0 64 38 59 0 0 45 68 0 60 77 54 1 84 0 16 106 45 31 0 127 48 94 90 127 1 11 1 109 66 1 19 98 18 27 80 13 0 68 70 80 134 93 122 33 
1 70 93 47 24 49 53 90 7 107 29 0 0 66 0 79 49 45 107 94 42 95 96 68 90 59 0 77 74 67 19 92 29 0 41 110 94 133 25 1 17 0 0 21 79 0 10 116 111 46 58 0 1 77 13 1 0 126 26 2 79 109 40 123 45 134 63 71 46 55 
21 34 19 93 94 11 53 0 1 18 1 2 71 124 83 122 126 27 89 47 85 15 93 79 70 0 62 0 134 119 22 0 118 81 1 96 1 105 30 87 1 54 104 112 0 128 113 0 97 1 75 116 126 130 77 0 26 59 95 96 3 129 0 54 57 120 24 77 113 113 
117 7 92 18 102 1 80 96 96 87 11 117 38 19 20 0 40 28 5 1 114 79 40 77 138 17 27 114 0 39 91 0 41 98 1 0 0 63 25 75 42 7 131 107 100 90 96 77 60 42 1 0 106 31 0 1 79 54 0 109 105 0 80 98 39 113 102 1 1 123 
1 102 92 111 13 21 43 58 65 0 97 87 118 10 48 2 1 1 112 0 75 0 85 37 115 1 65 88 94 0 39 68 1 26 1 1 87 106 0 52 1 44 0 108 29 50 139 116 1 23 10 0 1 1 22 136 134 36 0 1 19 112 102 65 97 36 0 2 0 69 
134 73 28 0 111 58 7 34 132 1 3 14 1 106 90 115 32 61 1 31 1 27 3 0 92 91 81 15 0 0 0 48 14 60 95 1 86 76 50 45 33 41 14 0 87 50 0 0 18 67 41 90 17 0 97 127 20 0 0 93 1 132 1 54 76 138 61 116 123 132 
91 29 105 7 20 0 22 100 38 106 31 1 1 1 110 9 22 100 108 0 72 7 80 98 1 139 125 98 70 79 129 0 68 1 0 0 15 128 122 1 51 34 1 17 91 73 45 110 1 12 32 0 129 139 26 94 94 0 71 123 130 105 48 122 108 0 133 138 86 107 
0 63 0 84 120 129 1 136 58 0 2 1 116 88 21 100 0 27 5 117 134 95 1 30 12 1 0 1 132 23 110 83 0 139 103 72 95 81 109 53 67 122 20 1 135 1 36 132 0 76 125 111 98 101 27 0 129 16 94 23 0 112 8 139 48 102 48 1 0 106 
81 1 67 92 105 58 105 121 84 87 0 1 120 106 0 130 97 131 129 1 117 138 79 0 52 12 63 121 36 54 1 21 76 0 118 97 77 9 51 122 134 51 38 126 71 137 0 110 79 80 1 21 6 56 1 81 57 62 116 108 0 13 132 26 52 27 48 0 54 0 
122 98 105 86 109 53 1 38 3 32 42 90 54 119 28 95 83 0 89 113 3 122 68 82 94 35 1 0 61 18 0 84 119 82 0 51 59 102 49 134 126 23 85 106 136 60 10 73 25 11 52 105 57 73 44 29 94 124 60 42 7 73 63 59 116 27 101 50 62 1 
127 109 65 41 1 53 90 1 96 100 97 95 109 70 41 1 0 47 3 1 68 0 2 106 1 76 0 50 6 84 3 114 31 47 102 0 83 12 1 0 0 1 106 60 91 0 44 18 0 83 0 1 32 73 72 52 70 114 15 1 19 0 1 137 97 68 116 132 51 43 
1 52 138 61 107 111 108 21 52 1 82 50 42 1 11 105 86 15 110 99 12 88 1 65 0 134 15 71 2 74 26 109 0 71 59 1 0 1 81 0 1 37 44 4 70 0 0 33 0 0 120 28 64 6 97 24 127 119 48 23 71 1 139 129 27 67 32 26 47 41 
97 0 0 97 52 9 73 27 61 0 85 127 0 0 26 79 28 4 21 13 66 83 119 40 1 118 20 85 18 118 27 11 1 129 65 1 131 0 127 76 81 66 9 39 41 0 13 80 40 6 124 0 46 71 46 136 29 102 0 105 13 68 0 40 115 15 1 4 95 0 
95 0 100 39 35 1 79 116 73 117 61 42 1 1 1 0 1 1 1 86 1 26 17 0 14 110 93 14 1 138 58 29 31 37 40 0 21 0 0 4 128 54 1 120 107 82 37 1 56 7 49 73 1 124 89 68 110 127 0 131 0 113 0 110 32 124 28 57 128 1 
69 74 79 98 1 73 1 115 0 132 19 62 64 105 103 122 73 61 1 12 73 97 60 4 1 110 83 127 30 1 0 1 137 83 72 64 1 10 123 0 61 0 24 77 4 28 41 25 30 0 52 75 126 49 110 129 33 107 61 0 76 1 0 1 0 85 60 54 66 0 
0 49 1 1 63 8 13 91 123 134 1 1 139 54 128 110 72 134 61 1 36 4 65 31 102 99 102 0 50 73 0 56 16 55 53 1 94 134 83 80 0 67 104 54 89 11 0 110 1 87 43 84 110 96 17 11 0 68 68 89 0 0 55 115 72 0 31 116 31 76 
98 1 43 1 0 0 1 0 79 125 86 113 19 88 1 131 72 86 20 95 50 64 1 26 114 125 69 74 12 1 0 126 57 23 82 9 78 128 0 74 7 0 22 1 66 67 77 11 128 73 9 64 53 41 110 100 89 80 70 23 31 85 16 102 1 23 121 1 81 90 
75 115 1 0 112 113 0 1 119 12 56 31 69 1 37 31 1 77 0 35 0 0 106 64 108 18 134 9 75 66 16 37 1 54 80 1 0 133 1 0 99 0 0 87 47 95 64 137 0 90 84 136 45 38 1 91 0 122 92 0 27 19 83 77 71 0 0 84 51 18 
10 51 1 100 5 90 42 110 0 76 107 70 32 80 1 90 96 96 6 118 40 33 0 1 127 1 130 0 112 76 22 60 51 55 53 1 103 44 90 1 103 89 72 0 93 122 24 0 46 49 77 68 50 42 110 122 124 42 1 0 7 8 107 79 124 50 1 91 62 0 
15 109 1 16 12 1 22 115 0 47 45 104 74 122 102 116 1 44 1 139 0 129 58 53 85 16 7 79 0 50 75 57 34 13 129 1 15 50 115 73 118 0 100 60 0 77 47 20 53 64 128 1 93 42 8 79 55 76 60 114 0 2 102 96 1 16 64 110 59 112 
120 45 132 19 5 2 1 78 68 1 44 11 0 76 5 21 1 85 136 0 60 21 111 18 70 2 70 34 0 23 0 0 1 3 11 70 119 1 73 63 21 9 33 0 135 0 24 133 93 21 0 48 1 19 22 90 0 0 0 1 93 0 1 49 0 122 63 85 29 29 
72 0 75 107 107 11 95 0 1 87 48 0 63 0 85 52 77 36 37 29 62 126 1 128 122 137 19 0 39 52 77 44 75 44 86 0 1 98 101 100 92 15 114 0 35 70 0 74 1 2 110 42 62 33 36 72 119 0 25 1 21 1 8 0 2 61 71 0 65 64 
38 85 125 76 125 15 135 0 62 118 110 1 100 0 46 20 0 70 58 137 1 102 0 17 0 23 1 78 29 108 1 133 60 0 64 134 62 0 76 84 43 78 14 47 105 128 125 0 7 45 108 75 69 50 122 25 49 1 0 102 136 134 8 17 1 69 47 101 1 48 
89 122 1 92 1 37 11 54 8 50 128 10 49 45 134 99 19 1 105 106 126 79 0 131 104 8 1 22 94 1 43 133 79 0 80 44 1 52 0 133 123 52 15 0 0 125 91 76 0 100 128 0 59 0 72 0 97 3 81 1 56 3 107 8 0 80 1 94 56 105 
1 85 97 0 16 52 0 127 126 100 125 28 56 79 34 18 16 55 1 24 0 29 80 1 62 0 31 66 0 14 36 85 28 0 65 57 1 0 9 34 91 0 125 40 45 22 119 65 61 0 128 118 93 0 18 64 1 0 113 106 1 0 106 17 60 15 1 132 37 1 
50 35 1 82 18 65 83 75 72 12 23 67 108 1 131 1 49 130 71 125 99 109 119 82 0 48 3 105 87 1 91 4 122 96 26 36 112 1 1 1 26 10 101 7 127 105 64 1 57 63 0 17 54 107 19 1 11 12 0 131 0 100 82 1 19 72 61 8 112 89 
134 49 21 0 125 106 21 34 82 88 48 0 88 78 53 126 20 102 0 95 114 91 60 98 1 90 41 90 93 129 0 10 75 6 26 61 139 103 112 72 51 50 1 54 123 1 132 33 57 55 65 0 40 0 0 101 1 124 1 1 126 138 105 73 130 27 0 137 64 72 
20 0 92 71 87 1 89 125 18 9 23 124 30 0 58 0 113 58 75 58 73 13 28 36 34 14 85 24 33 118 1 130 110 35 95 0 47 136 0 132 18 106 0 0 4 43 0 122 1 74 50 56 0 51 129 1 33 98 95 49 67 57 14 66 19 87 126 133 1 11 
0 92 103 67 20 126 38 1 99 136 35 45 39 0 25 1 51 117 0 0 84 60 18 135 82 29 87 2 134 10 4 113 0 86 97 1 16 73 129 97 70 139 21 28 115 1 0 118 54 107 1 5 1 0 22 4 0 1 49 47 6 33 37 60 133 0 1 0 22 0 
137 104 74 1 137 8 80 31 125 52 123 65 17 69 70 31 0 0 94 1 3 0 93 136 117 131 56 6 75 121 53 106 21 1 118 1 76 30 91 1 69 0 97 65 138 102 121 80 88 135 99 105 20 69 0 2 30 21 1 2 50 75 110 6 97 1 23 46 1 137 
61 53 0 60 1 73 106 72 35 102 114 96 100 0 0 1 123 80 131 0 42 45 46 6 30 21 86 134 24 22 33 128 0 70 26 99 113 14 50 70 32 112 38 66 50 84 99 22 0 50 92 0 22 0 25 0 1 6 137 134 1 0 1 24 0 46 74 51 73 38 
66 0 0 42 71 1 122 1 40 0 0 47 1 130 0 92 64 0 108 61 68 13 25 10 61 132 106 0 53 94 96 10 1 133 58 1 134 1 0 60 1 74 89 0 34 80 67 113 112 134 61 139 44 80 95 1 0 124 85 16 70 112 1 109 77 0 11 81 136 13 
1 14 34 1 95 0 1 47 91 80 124 125 0 139 15 85 136 70 127 39 93 135 1 1 91 54 25 8 117 95 34 107 47 118 132 1 117 125 94 14 112 53 106 0 1 6 34 1 48 32 85 137 0 94 0 82 0 0 1 1 8 5 56 86 0 0 6 0 74 1 
51 31 1 2 134 101 61 46 61 63 58 1 0 133 117 49 0 1 47 67 125 41 38 76 43 27 1 22 98 12 37 1 0 133 57 103 116 12 108 66 32 120 1 128 64 83 50 23 41 0 121 107 89 104 55 20 7 124 0 0 26 24 24 26 98 59 139 0 5 129 
117 85 1 12 1 0 125 1 18 99 124 2 136 40 35 37 130 132 127 122 103 31 26 80 95 106 130 43 103 44 0 71 73 1 1 6 83 85 55 91 1 10 81 35 75 25 11 0 107 43 80 0 57 33 76 50 0 104 0 0 129 76 49 133 56 14 0 37 0 23 
49 91 107 117 44 0 1 1 44 75 26 0 79 23 136 92 112 0 0 13 18 9 114 29 70 15 0 65 42 130 101 36 121 35 40 1 119 49 5 78 29 113 82 37 81 102 14 42 138 132 64 121 17 1 21 108 0 2 0 0 0 57 13 1 1 113 66 66 80 107 
17 46 1 0 61 24 1 84 1 84 99 96 74 134 102 133 45 109 1 0 111 31 55 50 48 0 84 24 0 43 47 1 41 23 20 52 0 1 64 0 47 52 135 98 42 68 113 137 74 36 91 0 135 42 80 16 56 64 78 51 0 0 2 124 133 117 0 103 129 128 
8 50 1 14 95 65 10 134 37 80 134 1 111 50 96 0 0 20 0 0 116 1 0 98 77 2 76 1 8 1 6 109 82 0 25 85 70 131 44 119 75 0 0 32 11 135 21 41 1 80 0 117 21 121 51 25 86 94 125 50 0 71 0 0 3 119 131 20 42 137 
114 5 103 2 18 0 16 0 51 0 111 51 36 122 93 70 57 0 1 20 80 119 48 0 13 22 71 0 91 45 2 1 24 139 84 24 51 61 28 12 94 20 1 79 90 80 36 21 73 1 111 0 57 34 110 2 108 15 12 124 80 0 100 0 87 1 94 122 99 0 
0 32 30 30 1 0 93 1 113 90 8 1 38 130 120 36 82 6 105 8 103 49 0 115 0 1 3 110 0 50 74 0 123 91 37 52 15 90 14 111 3 67 68 64 11 135 121 137 33 1 90 1 125 1 49 1 87 34 1 1 1 19 118 132 0 38 24 118 121 21 
125 69 0 94 128 52 119 91 2 52 74 1 36 0 82 103 72 57 135 1 60 6 137 15 100 1 0 1 1 0 86 1 49 22 0 12 114 1 7 20 50 0 0 53 90 8 126 14 30 0 50 69 86 89 56 129 88 72 77 1 104 93 18 69 81 0 110 1 8 0 
57 80 124 69 111 93 53 48 131 1 91 125 1 1 88 0 1 95 79 6 121 84 131 46 1 113 138 63 1 18 94 1 49 44 136 58 59 45 20 109 111 32 0 116 76 1 1 0 1 84 7 26 15 81 22 0 0 93 1 0 129 81 132 1 130 80 0 21 20 70 
46 0 14 108 79 0 53 53 45 0 24 43 23 86 126 26 1 99 52 62 103 0 1 106 109 59 104 105 129 129 138 48 68 41 19 20 31 135 88 0 124 97 67 42 43 0 67 1 55 58 15 6 72 1 118 7 76 2 0 20 120 1 9 52 49 62 106 0 1 94 
39 0 1 7 115 90 0 68 69 0 118 66 91 129 94 23 24 60 10 1 80 50 122 43 52 48 1 21 86 1 132 0 127 55 22 10 123 99 82 67 61 133 101 1 34 25 1 122 46 77 58 90 101 2 5 0 81 126 130 0 14 2 130 106 54 63 0 10 0 108 
83 1 97 67 2 36 132 0 124 105 41 1 135 123 106 75 1 66 48 4 57 1 118 34 139 36 6 107 77 102 55 83 26 73 134 126 91 113 1 21 64 95 36 89 4 14 0 90 25 112 136 126 1 7 48 0 106 130 128 48 1 0 49 0 88 63 0 86 0 0 
