1
30
0 14 59 0 58 0 0 8 24 32 43 22 52 54 0 13 41 44 47 1 57 30 24 1 49 56 1 44 38 42 
0 0 0 1 0 50 57 23 57 36 37 0 51 14 1 19 17 1 13 43 44 24 13 0 25 12 9 37 48 23 
4 6 0 9 49 0 33 2 59 1 0 53 20 1 0 5 26 46 1 21 27 1 37 1 10 51 1 25 30 6 
42 47 31 0 1 38 4 45 57 12 57 51 2 0 20 0 45 1 22 40 32 26 30 34 21 26 24 1 50 1 
18 5 7 49 0 1 56 7 10 8 32 0 59 27 29 0 0 19 43 47 26 28 2 40 56 54 14 54 7 47 
9 11 27 14 18 0 58 15 28 17 53 40 9 43 13 54 0 23 8 1 59 11 40 17 52 1 0 42 4 49 
1 35 18 59 37 58 0 59 0 44 0 17 46 37 29 33 0 1 59 45 43 34 13 16 6 41 1 8 32 23 
1 29 1 41 21 53 51 0 1 18 1 23 10 42 38 0 22 58 0 0 12 8 57 0 9 3 38 53 20 0 
38 23 41 1 16 16 24 1 0 27 31 22 1 37 33 32 1 40 16 0 31 53 0 26 44 50 59 1 22 56 
47 1 15 24 27 1 1 48 1 0 56 1 40 42 1 28 33 20 51 19 25 55 24 1 33 59 0 1 12 41 
1 17 1 0 3 0 39 23 51 53 0 57 31 1 55 10 35 11 22 40 0 49 20 38 51 59 12 27 0 20 
0 49 30 23 1 17 15 1 0 14 27 0 27 1 0 6 12 9 46 1 1 39 44 51 2 4 22 31 25 45 
43 56 0 1 1 18 49 0 0 39 29 19 0 47 0 5 32 8 25 32 6 45 53 22 25 58 37 56 1 30 
32 39 46 1 33 0 2 16 1 0 1 0 14 0 51 39 0 22 0 23 0 26 45 16 31 1 0 0 1 1 
29 8 34 1 37 16 1 20 9 9 50 31 1 0 0 0 27 3 38 47 34 46 59 45 17 10 29 50 3 42 
1 1 34 27 0 36 1 1 1 5 0 12 55 42 3 0 26 0 28 35 1 59 3 1 59 12 5 32 6 18 
21 15 29 1 11 0 28 24 0 26 19 29 1 21 1 0 0 1 42 19 41 18 1 55 39 19 25 52 0 1 
0 43 56 44 24 6 1 51 32 41 36 8 55 15 34 1 1 0 20 31 14 23 11 1 4 55 28 5 1 0 
33 1 0 29 23 23 17 46 10 0 10 26 54 0 44 1 43 28 0 25 56 39 36 1 35 49 57 26 24 17 
45 36 1 0 0 41 1 43 12 0 12 56 31 29 31 0 17 30 10 0 24 37 1 0 41 49 3 1 18 48 
24 15 34 54 0 31 12 33 15 12 15 0 47 1 19 1 1 16 42 52 0 0 13 15 24 1 39 45 13 59 
0 49 1 52 1 36 43 1 0 54 1 31 0 54 58 35 1 46 23 45 19 0 1 36 36 0 37 1 1 9 
29 3 0 47 17 15 52 1 5 1 5 19 37 1 36 28 1 0 7 0 1 45 0 4 7 30 54 18 1 54 
32 57 8 58 1 0 39 0 58 32 41 10 2 46 31 49 35 0 56 0 23 16 25 0 0 3 56 18 0 42 
43 12 26 1 20 4 16 9 1 24 12 0 1 0 28 53 44 4 49 13 0 0 48 1 0 1 31 7 0 10 
28 0 0 28 15 48 3 34 47 42 0 54 7 1 14 37 43 56 29 0 13 38 17 46 10 0 56 1 5 55 
6 51 2 30 52 39 0 33 0 50 43 22 25 58 0 0 30 18 0 1 31 0 1 24 33 1 0 5 47 6 
0 1 47 32 50 0 1 0 1 0 46 20 52 18 13 1 5 25 1 56 52 1 48 0 0 1 47 0 1 34 
49 56 36 28 15 38 56 41 34 17 12 0 2 0 29 0 4 0 37 0 49 49 0 58 54 0 57 58 0 27 
50 1 38 34 16 39 41 28 27 58 0 35 39 0 20 59 38 56 28 53 14 1 37 1 14 40 43 59 0 0 
