1
100
0 150 110 9 1 7 183 5 143 116 44 160 0 186 1 187 76 1 1 86 1 1 122 0 153 0 48 1 33 184 164 98 1 17 35 6 78 1 97 158 25 187 142 89 9 0 60 16 152 184 99 136 56 1 148 140 112 0 59 134 1 78 17 82 72 1 161 1 195 122 147 58 34 146 39 108 48 117 80 196 1 168 0 12 135 160 39 41 65 12 118 127 24 1 181 28 0 41 103 26 
0 0 1 118 156 0 0 20 173 32 81 98 64 10 51 127 178 178 96 25 136 0 71 168 1 197 0 36 128 18 0 21 147 25 0 196 146 1 4 56 63 145 60 144 0 0 34 187 0 1 57 0 156 133 39 50 0 155 0 111 8 0 102 71 77 61 4 0 55 163 0 38 90 8 130 100 1 14 72 0 0 140 38 71 26 133 77 70 161 109 30 190 148 0 0 135 35 101 0 180 
128 1 0 1 129 107 64 190 191 1 79 0 2 7 177 173 89 155 193 111 130 15 20 149 114 1 107 157 185 172 80 38 185 116 192 193 58 0 128 156 171 63 1 107 78 69 50 0 74 13 0 40 100 15 198 44 8 32 1 80 5 86 132 101 88 65 73 1 0 180 48 47 184 57 69 130 30 35 0 104 23 0 189 86 1 157 71 1 166 99 27 167 89 150 1 10 125 154 47 82 
86 1 159 0 12 102 55 54 190 43 27 0 4 199 48 105 156 110 0 15 57 182 149 0 72 101 0 118 98 56 0 146 199 87 0 164 46 51 0 1 20 0 0 1 24 1 36 0 159 132 134 1 188 165 27 0 120 0 1 101 0 117 158 167 33 116 17 13 184 0 167 0 2 31 53 166 170 0 23 157 103 100 190 90 0 114 1 49 96 133 96 0 188 16 118 148 135 1 58 1 
147 172 67 0 0 1 101 180 24 76 1 1 0 41 113 8 0 0 1 129 171 93 146 50 47 1 1 0 110 21 169 117 34 0 36 1 182 197 122 60 61 149 164 193 65 42 0 128 1 183 12 10 59 138 151 154 129 0 23 105 1 1 16 155 89 61 1 36 1 164 0 65 1 1 179 111 1 164 87 174 39 105 55 166 77 0 98 45 70 0 129 20 11 130 125 197 78 144 189 1 
98 68 1 0 177 0 44 155 76 93 87 1 68 2 55 1 1 0 48 3 133 83 25 178 97 159 97 18 0 6 125 171 100 1 159 13 161 36 10 193 1 1 116 1 1 0 146 159 168 169 108 51 193 112 133 0 118 132 12 125 125 158 25 121 61 142 1 173 63 30 165 1 53 143 0 195 196 0 0 77 133 189 1 1 10 53 10 55 24 154 142 7 16 1 141 14 190 44 1 48 
0 54 11 86 29 12 0 112 181 62 166 142 1 39 0 75 117 147 42 26 198 192 8 78 112 1 127 188 115 1 0 63 181 147 152 160 0 63 189 42 0 199 152 36 26 150 90 164 0 70 105 0 107 88 84 25 0 25 71 0 13 98 197 1 19 25 126 17 81 0 1 38 161 162 1 186 179 196 139 188 104 180 157 17 139 1 74 79 63 131 43 75 98 117 0 175 161 3 0 170 
154 65 109 41 0 101 140 0 119 66 23 44 130 13 169 127 66 0 135 0 0 136 0 11 184 199 28 142 18 53 113 120 47 1 26 38 64 1 153 19 1 0 0 96 145 25 92 173 1 141 106 1 37 0 52 150 103 11 0 73 0 70 6 175 0 15 0 126 0 160 100 0 58 1 140 188 48 128 89 1 42 169 168 64 120 12 171 139 145 1 54 0 55 41 119 1 103 0 142 105 
17 152 118 106 198 171 101 199 0 138 136 98 1 149 0 178 63 136 1 146 0 31 110 1 38 156 48 66 23 165 82 1 161 96 63 1 180 0 151 157 56 70 57 76 36 63 182 137 168 128 0 75 61 131 0 36 192 77 34 84 161 1 82 133 179 1 111 168 102 58 193 103 23 5 26 80 72 40 15 27 196 16 143 157 179 129 0 29 28 77 132 102 108 65 137 103 0 69 107 1 
82 128 174 1 0 166 197 46 0 0 152 123 57 30 13 178 181 87 130 77 114 100 171 146 116 118 99 99 0 43 39 187 28 104 164 0 161 151 100 68 0 44 46 96 46 29 149 168 0 27 1 1 110 0 92 0 8 187 196 198 20 147 0 0 22 124 52 199 1 7 156 97 41 150 47 36 39 193 1 64 0 180 72 114 36 162 40 1 0 169 0 7 105 0 130 127 0 44 6 81 
0 125 51 22 1 103 2 21 7 134 0 58 136 101 3 72 180 194 64 1 49 1 21 133 32 134 22 69 3 54 107 1 42 0 68 191 193 197 2 168 102 1 162 27 45 86 1 1 1 141 22 176 92 0 0 183 69 4 125 146 127 1 0 18 137 84 116 7 0 153 115 3 39 181 44 1 34 192 61 1 171 1 120 0 16 78 84 72 176 112 176 186 114 119 71 169 189 168 0 118 
101 156 43 10 134 0 35 85 86 149 198 0 0 70 157 49 149 198 103 1 104 22 1 88 0 73 21 62 157 33 1 0 162 0 131 70 0 149 1 101 14 154 160 28 85 161 34 131 42 109 24 161 95 28 46 190 136 147 189 134 0 97 13 72 0 58 1 1 87 196 36 1 59 76 0 164 171 100 196 179 19 74 9 0 5 141 67 111 169 170 119 71 173 111 4 54 0 115 31 62 
33 67 0 160 39 9 117 68 0 159 13 0 0 3 132 159 41 125 1 1 31 165 111 181 35 100 182 199 0 99 95 3 161 125 1 0 61 178 33 29 180 160 32 105 150 40 90 51 135 3 0 120 103 187 190 151 19 113 118 38 1 32 0 28 141 101 1 196 97 128 124 125 0 1 135 0 102 1 33 13 80 74 1 64 1 66 0 151 108 24 1 1 183 82 0 0 14 43 139 79 
158 0 0 133 29 41 141 22 1 20 86 11 65 0 1 174 1 100 174 72 156 25 0 85 5 181 0 32 182 134 7 79 104 27 104 1 197 158 149 25 28 24 135 137 1 167 159 142 85 108 177 198 174 187 166 1 92 199 1 7 1 78 0 75 166 152 148 154 1 0 110 175 23 0 173 3 0 86 98 55 198 1 115 66 191 93 93 4 97 71 193 1 38 0 0 185 178 21 143 182 
129 68 26 94 11 77 116 87 29 70 110 132 120 48 0 55 138 53 1 132 109 1 103 62 183 109 100 72 172 38 50 61 157 1 98 16 41 1 170 70 0 194 189 1 187 1 67 65 15 141 36 116 16 21 180 1 52 15 135 62 0 1 89 117 143 162 113 83 85 146 169 26 120 47 191 10 70 127 1 145 179 12 0 0 91 95 169 198 1 13 1 32 125 78 86 18 187 115 194 176 
170 39 76 140 0 135 1 27 156 42 2 1 37 2 5 0 142 1 0 114 0 0 0 23 11 28 20 48 0 187 177 113 8 111 83 2 188 119 150 40 121 140 4 1 70 53 52 176 38 146 74 48 108 198 56 117 1 128 0 104 102 73 0 80 0 33 0 67 13 165 0 85 1 51 5 1 151 102 96 36 118 64 176 81 125 44 186 0 78 138 1 87 126 149 134 149 28 15 33 61 
142 59 83 163 118 110 126 23 1 163 0 94 128 104 27 83 0 77 36 0 90 100 126 179 35 125 142 110 48 179 67 0 106 113 69 128 0 91 10 115 171 57 104 114 135 91 139 117 187 115 94 38 1 83 0 0 47 133 135 58 21 170 1 41 38 82 188 0 77 93 167 100 128 0 77 152 1 0 107 197 23 1 0 1 57 61 29 7 0 137 66 1 11 142 0 110 142 59 144 44 
153 5 1 146 1 184 10 23 1 90 146 1 59 1 11 25 72 0 162 146 11 196 65 0 112 196 64 174 73 29 37 175 15 164 1 28 0 159 161 156 188 141 98 136 48 6 177 1 193 53 7 129 1 87 0 38 139 84 152 65 1 134 103 177 64 122 15 38 96 113 189 126 109 66 37 0 85 7 165 102 177 198 44 11 147 159 159 189 150 89 73 161 59 81 12 64 55 22 1 0 
144 104 1 61 36 45 0 91 5 1 161 167 191 187 142 0 131 122 0 0 85 10 168 0 0 161 1 0 192 105 74 165 101 117 165 0 79 44 109 160 187 53 6 115 135 0 16 152 139 64 86 191 0 5 0 157 45 0 1 71 108 54 27 21 53 162 1 147 1 65 189 159 149 5 70 1 164 158 125 13 145 0 4 65 24 82 116 37 17 85 1 68 1 35 67 91 125 87 142 1 
173 139 147 0 6 147 174 1 106 140 127 44 125 181 140 0 183 157 0 0 159 137 1 105 188 1 1 1 114 79 103 6 101 1 46 85 89 44 103 56 190 141 1 183 34 101 159 11 0 188 55 182 71 20 73 172 1 69 157 0 1 126 60 177 196 40 3 91 120 141 26 167 4 34 1 89 16 54 61 197 105 184 195 118 159 149 13 115 1 32 48 0 90 26 162 88 46 100 178 126 
0 143 80 1 98 0 48 37 28 49 0 1 94 85 28 67 156 113 100 1 0 133 163 157 85 18 0 186 152 73 87 47 119 193 74 1 88 87 68 158 97 34 91 172 0 113 1 0 58 0 1 172 47 48 92 61 1 69 0 0 173 0 67 22 134 110 155 181 35 116 119 77 125 190 188 193 96 135 1 198 1 110 91 29 110 149 191 32 0 30 147 1 0 100 1 1 61 91 0 182 
157 196 68 0 47 148 63 98 183 0 82 10 0 17 5 37 147 147 185 123 21 0 86 196 27 71 1 1 82 0 1 105 52 154 145 162 0 0 158 2 11 1 187 67 0 48 6 1 84 194 149 0 118 194 164 20 188 168 41 1 66 166 145 57 137 143 146 81 82 1 126 50 86 67 36 97 25 125 39 117 24 27 182 27 62 1 44 171 141 175 168 50 25 27 12 188 23 0 48 132 
24 75 0 1 45 112 118 171 1 4 161 0 20 128 193 80 23 1 173 39 0 1 0 1 137 107 168 0 0 48 2 88 80 39 76 184 1 124 19 183 121 25 156 86 1 18 0 154 1 12 0 146 179 178 177 0 197 35 66 123 17 132 6 1 24 55 55 44 117 141 22 35 129 140 0 92 48 0 158 89 117 18 188 1 13 1 0 178 112 1 137 61 14 73 81 65 43 79 1 177 
193 13 174 51 0 52 1 9 124 0 1 1 1 192 97 0 1 1 0 48 37 24 0 0 1 1 68 32 1 108 108 168 1 0 1 175 41 37 110 186 114 1 171 38 1 11 1 29 28 1 17 110 1 153 35 67 127 91 24 106 138 1 15 152 163 83 50 1 82 1 177 114 64 127 143 1 60 60 41 84 49 44 114 1 97 0 12 102 177 128 148 177 2 52 85 1 86 1 21 1 
43 56 135 0 1 1 2 0 131 122 1 0 64 125 40 28 1 30 157 6 192 98 110 0 0 186 57 194 116 60 0 103 48 64 1 91 1 0 120 120 136 164 1 20 3 0 149 68 184 23 1 18 180 149 163 186 1 109 67 18 0 0 79 1 103 1 104 3 150 146 0 175 102 0 124 188 14 26 1 80 113 37 1 1 0 104 166 114 113 177 90 152 10 0 133 175 160 101 107 7 
126 167 64 135 104 82 1 129 59 79 1 166 145 0 46 41 94 186 8 0 1 83 186 93 40 0 21 138 1 118 74 66 1 167 34 174 48 121 1 41 100 170 81 12 107 1 64 23 181 165 3 11 95 9 113 126 0 181 95 87 186 1 72 51 126 76 1 32 59 25 128 34 50 37 70 28 45 141 0 35 22 167 94 22 178 1 3 25 140 0 0 76 10 118 107 71 118 125 1 0 
79 1 28 71 160 80 125 139 151 155 153 0 0 6 142 164 12 87 57 196 86 115 111 86 0 182 0 22 109 27 18 4 172 77 73 195 68 45 88 186 194 125 188 166 0 4 191 151 181 145 172 0 117 8 26 181 38 1 97 1 0 0 1 52 80 129 10 19 149 40 1 51 114 8 174 145 0 104 31 111 137 66 16 7 164 143 38 0 20 103 118 156 112 186 0 40 91 120 157 59 
135 7 1 180 186 0 10 65 175 26 121 133 137 192 128 105 10 16 39 0 133 150 121 150 50 7 44 0 34 74 179 41 0 1 149 160 0 0 0 39 189 1 1 24 73 76 132 3 47 109 82 76 113 64 157 8 142 103 40 114 127 46 1 68 1 0 141 117 121 107 195 0 173 1 0 8 22 104 149 57 192 6 1 14 49 100 30 32 180 147 0 60 67 0 2 93 176 198 101 2 
147 90 134 11 56 140 115 1 33 0 142 29 0 148 57 31 181 111 47 123 46 1 176 178 173 65 0 148 0 1 130 113 0 0 150 15 150 1 121 80 1 182 1 0 0 0 30 113 152 157 0 129 33 0 83 73 155 162 1 124 178 47 108 76 0 0 160 152 143 151 0 178 139 131 46 1 45 0 48 1 1 155 199 56 1 1 1 30 101 78 188 151 112 166 48 36 4 0 0 124 
171 25 105 32 72 144 0 53 1 185 189 175 24 52 90 140 118 121 153 4 2 111 1 1 76 144 24 69 183 0 1 164 1 136 181 0 114 186 72 1 0 158 0 121 110 12 0 1 161 4 3 4 151 97 34 157 20 124 196 90 181 184 106 125 78 164 48 0 1 131 145 1 51 11 0 30 103 189 9 85 80 1 120 1 45 57 5 22 87 0 197 176 128 159 74 187 104 181 133 20 
0 174 23 193 7 0 139 117 75 29 114 127 157 133 1 135 130 0 70 42 7 110 0 6 1 182 24 1 95 72 0 7 46 1 0 147 53 158 1 71 55 67 0 168 0 52 69 29 0 135 48 1 162 188 96 113 107 118 68 66 153 16 100 187 0 157 124 189 0 1 1 7 110 76 89 162 148 193 25 90 66 0 24 40 105 46 177 20 105 1 152 25 132 102 11 18 9 147 19 0 
44 31 150 1 1 112 178 100 1 51 1 51 195 18 29 171 64 7 16 0 0 64 184 1 64 194 1 1 9 119 170 0 52 66 1 190 122 10 1 1 57 0 163 28 192 1 197 122 140 89 134 141 0 74 0 0 0 154 149 1 142 94 89 1 0 102 126 1 114 178 123 9 59 135 134 37 140 124 1 49 40 182 40 28 0 157 175 144 128 139 0 0 120 116 1 82 1 111 57 135 
69 126 179 156 50 199 160 134 63 135 2 139 1 27 103 80 137 26 114 181 174 1 167 1 1 0 100 97 1 0 33 0 0 1 7 1 112 148 58 1 116 43 58 10 138 149 180 96 26 108 110 0 161 145 169 0 38 26 115 165 90 19 72 87 57 55 182 157 156 0 138 168 153 35 170 82 138 118 0 160 15 143 98 1 0 1 170 1 176 185 148 67 161 122 111 132 28 85 0 98 
170 138 70 167 197 41 1 28 190 164 169 82 1 22 0 135 151 0 1 1 3 167 127 192 153 76 0 122 1 6 0 122 181 0 157 68 148 184 126 1 91 162 144 45 38 1 0 109 0 2 102 194 101 0 196 127 0 99 50 16 1 20 101 52 162 36 141 192 147 52 0 0 67 151 125 65 1 64 1 1 113 129 184 195 19 137 17 146 40 1 45 198 90 80 110 199 19 88 34 199 
6 50 100 1 98 12 61 167 0 184 69 174 164 61 50 54 107 133 160 85 18 197 1 1 167 88 176 92 177 106 129 0 1 1 0 1 35 0 109 190 67 103 60 164 112 178 0 158 0 192 196 14 167 13 70 102 166 48 185 141 50 51 73 79 1 75 154 182 82 35 15 0 60 126 22 180 23 100 103 1 56 167 93 125 183 126 176 37 96 170 4 4 20 151 103 67 123 0 157 120 
105 1 118 99 189 31 113 76 136 192 160 1 32 1 38 66 101 144 32 173 1 0 85 0 126 37 101 27 90 199 6 0 73 0 64 0 65 1 121 148 1 165 35 1 41 0 9 1 0 11 189 74 115 57 142 21 57 68 44 121 1 129 54 154 30 0 0 134 176 28 51 154 1 148 0 146 77 61 1 1 4 122 68 44 64 5 0 137 0 180 61 130 27 43 26 0 148 166 65 0 
0 39 126 0 89 174 159 37 176 133 1 158 96 120 120 28 40 110 1 42 121 90 70 1 172 81 153 62 84 1 191 118 0 62 142 182 0 94 79 0 153 16 121 0 65 73 185 123 128 128 1 169 163 96 1 58 152 118 81 158 1 38 60 1 0 0 100 22 162 1 56 19 0 145 88 1 173 175 84 72 178 184 67 150 117 70 138 0 109 11 174 114 142 0 134 86 0 1 1 0 
104 177 170 6 33 197 91 143 59 90 0 0 44 96 0 167 1 158 0 59 163 149 151 11 1 74 34 0 189 55 133 168 190 137 0 0 0 0 55 0 61 143 137 128 20 86 190 26 1 140 31 1 1 190 57 19 0 1 92 74 154 102 36 181 163 29 154 144 125 0 101 170 0 41 64 90 191 116 158 112 146 169 109 138 94 47 52 2 57 63 32 1 126 173 52 1 23 164 87 134 
23 0 11 6 175 17 193 169 158 107 156 21 105 1 196 178 179 43 72 60 122 1 153 140 66 141 31 108 0 183 194 0 156 57 1 148 69 146 0 122 154 44 190 109 107 56 9 196 0 96 0 1 80 8 1 141 88 175 22 153 24 6 155 13 180 109 1 120 0 85 13 1 25 1 112 33 0 37 163 129 0 72 173 105 192 59 174 98 103 0 1 1 76 157 1 44 77 0 102 77 
41 84 1 19 197 115 196 106 172 110 116 0 131 107 197 39 131 0 101 65 10 94 1 54 71 139 1 0 1 1 11 42 129 82 54 38 113 0 154 0 1 93 21 92 66 141 75 1 122 136 63 54 128 1 17 1 31 184 87 57 122 17 144 32 52 0 192 27 50 0 117 112 116 9 159 152 1 110 1 137 74 60 48 1 33 101 32 33 95 28 141 85 1 19 124 1 0 87 170 0 
21 46 1 158 32 0 76 1 0 107 90 43 20 74 88 1 1 1 182 1 0 137 175 1 125 1 1 120 1 1 45 127 114 102 177 1 0 58 161 195 0 97 52 187 87 1 1 118 167 0 1 1 1 165 199 0 136 49 140 23 17 93 79 0 1 29 187 72 0 51 36 97 25 1 1 0 144 79 160 104 1 94 21 0 4 1 1 74 133 186 0 199 117 98 4 1 91 55 190 1 
97 34 115 0 54 42 1 38 36 108 65 138 159 112 166 104 26 138 81 17 115 74 44 65 0 101 40 100 159 1 20 167 161 1 1 98 1 114 165 88 114 0 148 0 33 99 53 16 29 1 1 35 51 149 32 1 132 112 1 112 0 0 161 144 47 1 115 78 1 86 112 171 150 97 0 54 131 167 192 51 163 104 187 37 103 31 0 1 0 78 0 141 131 192 1 167 45 1 95 0 
135 161 170 116 0 1 55 0 25 24 170 0 0 104 0 192 140 106 126 67 42 34 74 78 14 1 174 0 0 0 124 177 1 1 0 1 17 60 16 33 22 197 0 67 81 0 173 1 183 109 49 26 24 74 34 1 55 136 32 97 103 132 1 0 136 0 41 60 52 25 140 0 169 157 170 172 177 132 195 0 111 55 157 25 44 34 50 176 174 49 144 136 120 23 21 120 109 29 196 142 
156 73 1 7 0 151 190 68 135 80 172 138 168 0 163 106 132 101 50 1 15 171 181 0 64 81 185 36 134 77 72 1 121 1 196 47 2 61 27 121 97 161 182 0 88 84 185 160 6 118 122 12 0 23 50 124 1 95 99 106 197 1 1 150 74 42 40 21 125 64 1 67 167 177 0 139 64 97 116 117 28 109 168 100 8 178 189 93 17 65 181 75 126 1 25 1 198 1 1 108 
65 173 31 192 27 0 59 1 1 98 60 82 38 1 146 61 17 56 0 62 5 0 59 137 1 94 155 1 3 103 1 0 76 0 70 0 127 46 170 68 9 44 0 63 0 159 29 24 100 0 108 151 183 0 1 18 45 49 162 0 0 11 40 181 156 54 189 45 179 73 94 1 4 97 172 0 21 122 186 0 0 73 194 164 65 1 0 175 133 186 6 0 175 1 0 110 1 86 76 113 
119 0 151 1 152 45 98 147 82 1 23 194 1 63 21 88 28 1 30 171 112 154 37 42 93 5 163 171 5 197 48 27 148 46 0 159 53 70 15 77 110 98 86 176 42 0 141 105 73 73 1 23 0 155 1 12 94 169 1 183 78 1 1 175 113 174 145 68 71 29 1 108 8 0 163 0 170 159 189 114 1 187 150 137 172 140 111 93 128 43 133 1 141 0 9 107 75 168 33 196 
11 134 1 68 1 38 1 0 0 199 1 128 155 132 170 163 0 113 89 0 100 143 0 36 53 186 53 1 1 78 19 165 136 185 62 192 138 159 154 18 28 156 7 107 33 44 0 0 46 163 57 1 140 138 76 85 113 116 31 159 22 178 100 0 1 135 100 104 30 0 152 25 51 1 1 1 127 13 149 31 51 80 165 32 61 33 32 98 102 3 191 144 32 87 145 30 85 139 21 1 
54 60 131 0 143 16 138 105 45 31 0 75 1 1 184 0 17 39 1 184 129 187 17 138 1 129 1 119 137 8 145 94 82 127 189 111 0 23 62 9 194 1 131 0 163 0 31 0 52 186 21 3 96 155 7 166 197 92 26 136 152 83 127 65 0 79 115 1 1 18 52 124 37 80 195 138 1 194 54 114 58 81 115 112 89 75 192 85 180 50 120 133 115 88 83 54 160 37 128 194 
111 1 1 0 44 137 183 79 53 24 62 175 1 195 113 66 55 120 0 121 67 158 35 105 25 161 24 172 1 85 80 67 83 111 84 193 186 13 123 143 1 113 131 186 194 115 163 34 0 162 162 144 1 194 0 16 198 135 50 127 40 1 89 0 133 67 1 179 180 124 0 189 75 1 190 1 95 72 151 0 63 197 180 0 90 193 48 30 1 99 73 143 46 132 11 135 90 193 15 113 
24 1 81 1 199 1 0 0 0 1 0 193 186 181 138 28 72 0 81 56 191 32 60 53 53 136 110 43 56 19 125 30 56 11 1 74 134 146 100 101 1 19 1 98 133 73 36 123 1 0 152 126 187 25 36 69 198 3 112 1 1 49 0 3 0 31 182 183 46 139 153 190 180 45 165 29 4 188 171 6 116 195 109 92 44 122 0 153 163 47 104 191 69 1 144 195 0 175 1 170 
113 1 0 130 73 131 11 196 178 13 184 26 49 102 193 65 1 147 130 138 145 139 139 20 2 158 0 0 5 0 29 0 179 99 156 0 84 74 12 198 191 130 52 96 102 131 107 101 107 1 0 14 149 9 1 140 130 108 26 0 130 1 183 1 0 0 74 32 66 101 23 0 1 0 0 1 1 95 141 108 30 163 33 131 0 159 181 174 38 142 1 6 152 163 12 15 30 1 1 123 
98 1 157 0 124 163 134 168 1 177 0 59 106 134 53 153 198 168 23 44 19 146 190 180 145 87 1 61 66 162 91 187 51 93 81 104 28 107 1 1 39 64 1 179 189 0 24 114 16 62 19 0 103 130 0 1 171 83 135 10 183 40 146 12 0 199 1 122 40 129 169 169 83 193 66 43 51 1 193 0 28 42 0 107 96 1 180 44 154 1 33 0 1 79 2 199 7 25 1 92 
184 149 147 89 1 8 72 189 3 0 155 87 2 1 95 1 86 134 84 102 128 63 1 74 20 107 123 12 34 164 51 126 53 149 174 1 1 52 81 144 46 49 161 50 0 114 169 151 0 12 96 171 0 1 131 6 1 2 53 142 100 91 175 0 181 151 157 1 168 120 165 40 198 193 105 141 0 0 55 179 77 63 143 6 97 7 131 172 112 51 12 70 74 159 91 146 0 179 171 1 
0 188 40 15 20 16 0 38 198 0 136 191 26 0 183 45 70 164 148 80 117 0 13 101 53 81 0 179 191 91 0 44 142 102 198 191 109 199 159 17 184 0 118 125 77 0 1 44 153 114 143 59 1 0 164 24 1 119 0 119 73 37 178 194 103 14 176 101 188 0 169 159 70 29 1 127 194 146 131 177 10 199 79 165 0 52 81 181 54 139 168 149 93 83 0 102 80 0 51 22 
90 102 195 1 165 63 198 92 119 1 62 88 199 0 11 102 1 39 0 113 25 135 68 110 185 105 126 143 75 0 1 1 138 1 198 149 130 1 0 133 188 46 137 108 54 7 82 60 91 181 172 148 180 31 0 7 95 175 105 1 12 1 144 0 94 74 186 47 194 42 136 161 199 0 63 41 137 184 8 0 64 111 135 6 76 0 190 1 0 83 159 0 0 165 50 151 36 38 1 89 
103 193 59 0 65 42 5 190 1 143 136 117 39 1 27 141 47 113 120 45 167 191 10 72 176 187 196 164 5 40 65 69 29 56 1 154 127 178 15 85 82 31 8 0 0 0 107 1 167 78 182 99 1 48 1 0 87 54 30 190 89 183 9 0 1 0 3 81 0 65 1 6 66 70 0 109 1 1 1 1 179 178 147 2 108 0 3 145 86 0 99 157 136 102 46 1 84 82 146 184 
108 32 137 36 86 132 28 42 162 165 3 169 91 130 193 183 176 1 126 47 144 69 43 114 0 79 177 9 0 76 141 97 0 1 41 0 74 37 21 36 102 130 108 39 0 1 161 129 91 193 1 1 103 0 46 6 0 194 63 167 121 69 72 0 93 179 0 60 132 190 40 110 186 1 37 1 172 41 111 117 25 85 111 50 65 0 132 189 68 132 0 73 127 45 183 41 11 1 84 142 
0 144 52 85 71 199 176 1 133 153 157 140 151 6 142 24 0 99 20 59 44 60 71 138 61 137 115 0 8 195 134 110 57 88 0 187 194 0 138 12 62 1 133 0 119 131 1 0 181 11 104 74 169 37 113 90 156 0 153 0 1 142 50 0 15 9 69 125 0 138 185 28 113 43 47 194 0 14 48 1 0 156 73 13 87 125 1 0 89 95 1 166 70 1 159 1 23 162 9 73 
1 199 95 73 67 169 106 30 23 0 0 110 121 1 1 129 53 65 0 146 1 75 0 0 6 1 165 87 0 0 157 73 53 32 134 60 0 1 138 13 126 0 0 121 11 51 137 0 61 172 128 154 13 127 0 33 177 195 0 23 80 1 180 1 115 77 147 129 188 68 15 57 107 101 1 149 57 15 150 181 1 15 1 182 2 190 2 0 187 114 1 116 173 1 0 95 44 117 102 161 
102 91 123 39 1 26 58 0 195 88 77 126 120 162 126 141 0 131 0 0 137 87 97 1 119 105 177 96 0 66 1 163 93 63 44 75 63 192 184 71 135 189 0 1 190 106 193 0 33 70 0 131 101 1 60 173 190 89 152 0 196 66 1 50 136 110 54 96 172 61 106 39 0 144 0 104 189 196 0 13 59 24 76 1 56 147 1 123 1 147 0 127 10 0 80 36 103 58 13 53 
52 21 160 197 0 0 1 20 46 67 75 106 13 27 110 7 108 99 0 173 20 0 1 0 0 1 161 179 62 159 92 64 84 47 29 63 1 0 1 0 191 32 1 75 0 161 82 0 59 1 143 1 176 1 81 0 193 31 83 129 0 149 99 0 192 135 185 0 125 71 152 1 1 125 0 118 65 96 60 0 172 107 0 129 1 38 189 144 134 114 59 192 0 59 100 158 61 197 2 48 
32 146 78 60 68 128 7 158 4 46 147 185 126 14 163 0 149 1 1 88 19 154 168 1 25 88 126 46 30 135 188 147 60 46 101 160 183 121 1 1 51 0 1 166 164 0 95 14 101 1 143 162 0 36 186 168 1 115 106 0 159 0 127 109 134 61 104 0 156 0 34 82 1 112 199 156 0 79 92 153 126 1 30 171 174 0 89 146 0 179 158 17 62 0 125 97 165 38 0 179 
31 5 89 53 90 103 137 119 131 0 199 196 0 102 1 192 64 0 136 1 4 27 1 1 67 39 197 63 118 145 123 99 101 18 109 181 15 133 159 102 1 72 44 41 190 55 53 0 108 164 0 140 41 1 159 15 47 98 112 178 0 179 0 1 3 116 143 1 18 57 0 44 0 168 36 0 6 158 3 38 17 0 0 77 0 189 60 95 75 41 1 48 1 0 67 61 84 153 168 173 
0 1 47 137 0 119 175 0 187 0 1 53 90 193 187 1 1 57 114 123 84 0 60 142 0 129 0 1 89 157 141 110 88 169 1 1 49 149 13 69 1 50 56 155 1 198 181 97 192 72 0 84 13 62 70 110 1 162 192 162 87 104 0 0 50 25 36 0 8 104 0 177 1 141 87 0 3 8 91 178 0 0 0 170 114 161 91 57 27 70 61 20 6 43 16 19 160 69 0 60 
1 147 135 85 67 0 109 1 0 149 90 1 90 151 145 53 63 121 1 63 176 147 146 126 112 9 0 1 144 72 0 1 0 7 28 176 36 157 30 65 1 0 0 124 140 1 93 109 1 185 85 13 95 59 91 122 139 125 153 112 194 24 45 134 0 185 1 1 1 163 185 0 176 149 184 84 156 0 56 119 0 167 0 0 0 162 1 0 1 77 176 184 55 40 44 95 49 1 182 45 
129 67 174 72 51 144 0 197 0 0 60 170 54 1 50 66 82 159 131 111 1 147 156 50 136 103 146 153 63 181 182 0 90 142 100 89 27 0 27 197 188 98 191 150 171 59 145 56 181 3 137 28 47 1 1 186 26 0 1 70 141 1 69 92 1 0 48 156 1 52 104 1 170 26 66 63 91 132 151 99 88 0 0 58 60 0 187 13 0 54 0 53 3 165 94 7 14 69 0 0 
48 18 111 37 187 162 177 191 0 64 1 126 66 55 178 176 76 17 29 27 186 0 1 15 177 188 43 181 74 95 79 39 16 196 0 135 164 138 74 1 128 1 151 78 164 150 90 99 56 58 123 187 159 1 42 0 1 0 0 83 9 161 139 170 0 105 0 81 114 0 4 138 1 165 192 133 0 143 111 88 138 69 18 0 117 1 51 143 0 1 72 115 134 96 1 172 7 26 181 115 
0 133 196 48 113 147 20 90 88 1 157 158 95 16 55 40 185 123 67 81 71 0 0 89 34 1 0 159 47 0 107 179 0 173 136 163 0 135 61 199 16 113 119 165 195 103 64 53 80 158 0 92 32 0 128 132 103 93 0 34 40 0 167 106 119 90 1 0 58 1 34 20 40 100 81 89 55 1 109 11 1 1 68 142 130 190 79 1 1 13 114 1 95 0 35 176 145 50 0 196 
0 1 0 0 76 11 1 79 1 45 148 0 0 110 10 69 103 167 39 1 120 0 134 92 173 179 0 164 28 14 107 151 0 112 129 140 0 196 165 28 0 55 10 56 10 190 58 0 195 0 124 31 133 132 76 88 34 1 103 169 47 60 187 192 1 57 135 88 0 0 80 83 82 0 197 2 105 51 0 0 0 70 88 0 3 144 57 64 102 0 196 109 109 181 109 77 139 96 1 100 
195 144 174 1 1 1 173 0 21 180 15 64 63 102 32 147 117 142 157 0 0 45 192 0 53 4 163 0 12 73 190 50 64 0 16 34 27 91 1 28 56 1 151 1 88 70 157 80 189 1 120 51 143 1 0 35 1 0 27 1 167 168 137 192 1 111 191 12 68 0 26 1 199 0 193 0 122 55 25 0 37 191 132 93 33 0 139 25 114 59 161 1 0 66 80 46 0 154 1 68 
0 162 120 191 1 114 3 73 195 20 82 59 61 135 8 21 175 84 107 177 194 162 0 50 46 0 31 136 72 1 0 122 181 95 192 168 0 0 133 25 0 171 78 56 66 129 1 6 185 27 0 64 168 166 141 0 5 28 160 138 94 133 15 173 1 141 47 174 7 67 0 78 1 122 1 1 0 49 90 1 0 108 111 146 81 6 50 1 57 4 190 193 174 0 176 134 45 189 79 38 
0 121 1 74 164 1 81 156 52 31 127 16 199 1 195 52 61 162 137 133 111 23 1 85 15 33 127 122 137 46 48 1 172 64 49 111 1 199 1 68 162 103 1 0 41 1 176 1 23 142 0 4 196 195 138 0 1 13 1 65 56 1 1 0 90 51 0 127 63 140 1 0 126 100 54 148 198 18 40 114 80 191 3 0 124 16 0 15 47 151 196 169 59 186 1 195 1 10 3 0 
10 7 1 5 0 0 48 26 197 144 104 1 52 6 110 153 19 1 0 120 111 167 140 0 100 30 157 1 1 83 14 0 111 14 81 0 140 1 70 163 126 81 0 41 102 34 1 127 145 171 182 143 113 99 3 84 1 158 0 159 134 157 158 1 71 14 50 175 157 123 23 147 0 159 52 8 1 44 1 14 119 1 70 99 168 3 48 118 1 181 170 199 128 173 46 51 110 146 78 40 
0 0 121 0 0 182 98 178 47 176 173 96 140 30 0 0 1 107 63 46 105 17 117 12 133 63 135 0 44 0 85 0 152 185 28 35 123 197 1 1 172 64 165 4 126 180 32 56 182 176 0 58 1 10 19 43 53 77 0 1 112 158 0 125 17 1 76 0 46 1 147 3 141 0 142 0 196 170 0 20 1 1 102 99 18 10 171 57 141 120 140 1 0 1 186 0 0 178 0 45 
75 83 163 0 85 89 1 121 37 12 62 185 0 1 153 78 113 0 0 94 86 114 172 28 37 24 22 191 140 11 1 0 30 49 132 29 0 80 118 118 130 153 66 99 163 69 0 0 106 194 0 75 0 181 54 63 1 1 39 154 121 89 85 144 39 0 181 137 173 0 115 1 176 70 0 14 197 170 129 1 86 189 39 17 116 39 168 23 51 145 1 1 108 46 182 20 50 82 148 6 
0 23 71 10 173 158 0 129 0 44 57 191 20 117 120 0 96 8 161 1 169 194 1 190 100 141 146 189 101 77 151 129 25 152 83 0 0 137 75 19 49 147 120 0 52 1 6 0 1 36 19 0 1 51 22 152 14 155 194 45 191 65 198 192 195 168 172 3 1 129 73 147 115 132 197 0 0 172 171 143 20 71 162 1 189 45 181 140 172 150 142 24 101 192 159 9 137 69 104 30 
191 109 0 47 158 194 167 1 27 31 63 39 0 66 131 118 0 68 1 97 23 53 0 23 113 185 198 1 5 5 156 109 192 15 107 1 144 1 1 135 188 137 166 1 177 88 117 36 0 1 69 80 173 1 145 51 110 27 192 157 43 57 62 83 1 1 84 0 175 62 139 1 163 100 187 113 0 167 0 1 131 167 39 0 1 110 20 87 39 0 87 119 102 0 52 1 113 90 132 99 
1 13 11 108 139 0 169 179 99 1 1 50 6 159 0 198 37 12 141 111 91 0 1 147 35 137 59 152 0 0 1 75 36 12 117 113 81 189 130 169 57 16 94 65 58 61 78 19 0 175 0 183 1 91 26 0 100 0 193 97 10 0 0 112 0 19 145 50 152 0 82 133 1 1 129 23 146 0 1 190 8 0 54 198 152 164 14 100 80 0 63 10 1 49 72 93 1 1 165 84 
64 122 69 129 86 1 1 175 151 1 0 1 71 128 116 114 197 185 50 181 56 1 1 57 38 1 64 24 114 141 159 166 141 158 0 21 151 0 0 179 9 8 172 0 140 16 121 198 1 0 102 7 0 11 151 122 0 32 71 1 0 13 130 22 181 33 106 1 58 108 12 1 140 37 69 1 1 5 0 46 1 152 1 0 0 74 0 191 164 1 0 98 60 82 1 75 191 115 15 168 
1 0 1 0 121 0 186 101 177 0 69 99 1 27 46 103 81 84 0 150 6 199 191 27 115 189 1 179 36 0 115 44 107 84 145 1 13 0 199 1 194 12 0 129 84 69 86 1 181 61 84 75 0 73 0 165 182 13 140 178 87 1 138 135 10 1 61 0 52 33 22 146 69 26 87 164 148 103 128 0 187 53 1 119 33 1 84 48 24 36 192 157 134 0 175 3 155 0 128 39 
63 1 104 1 162 21 0 171 1 33 0 191 96 116 140 1 180 1 1 128 111 158 57 10 0 174 140 196 58 113 0 52 5 59 1 76 56 9 131 140 43 41 132 1 103 65 77 105 137 24 87 4 104 57 52 187 91 1 136 105 161 1 119 1 24 16 159 1 1 1 12 41 50 137 38 158 170 0 8 45 0 81 61 153 142 131 162 81 0 120 0 74 47 55 83 1 59 97 196 162 
140 175 45 74 77 101 182 1 12 0 1 59 158 4 1 152 49 1 1 59 30 138 41 0 48 151 6 58 175 158 76 1 111 47 117 7 0 198 21 0 98 194 71 1 35 182 101 64 1 117 0 66 1 119 62 196 152 1 0 60 59 6 93 57 45 0 95 197 17 162 89 54 197 144 1 110 24 0 182 71 100 0 40 114 0 156 101 1 17 92 0 147 1 76 125 122 1 125 111 163 
1 1 162 6 90 54 11 15 0 25 170 113 98 55 0 82 140 121 49 157 52 132 98 53 171 114 1 99 17 167 104 131 0 15 15 106 36 135 1 17 0 90 0 31 184 199 53 0 1 36 133 103 0 25 18 60 107 143 45 0 10 192 20 67 0 143 61 22 61 1 193 142 0 168 45 23 199 144 15 0 63 173 0 118 1 73 58 125 177 127 198 173 152 164 66 153 159 0 164 14 
20 186 1 1 35 17 79 6 159 2 77 1 166 100 0 48 122 152 1 199 5 69 44 55 146 66 0 85 1 196 99 61 108 141 25 8 1 8 143 110 89 111 125 172 68 172 120 1 145 92 0 1 163 69 122 1 0 36 65 164 116 87 183 88 86 82 108 38 28 138 83 0 47 58 1 0 173 86 1 167 190 84 99 0 96 150 169 50 0 190 111 170 8 116 117 25 151 135 0 98 
98 157 53 80 32 76 87 172 85 112 0 100 94 9 0 0 15 136 0 187 1 0 105 199 19 1 152 1 103 98 140 185 0 1 44 170 0 1 111 100 140 186 191 138 193 153 60 163 80 21 1 101 0 135 14 84 1 146 162 0 152 1 182 1 134 1 76 1 22 155 142 192 33 95 184 1 86 9 96 1 128 1 128 100 0 83 63 76 130 70 43 137 1 1 115 167 53 104 1 27 
165 77 197 154 9 9 196 1 115 92 88 89 96 0 49 58 0 180 0 194 140 55 52 89 89 15 158 74 58 159 17 76 59 58 46 72 0 180 1 0 33 129 31 113 13 0 93 23 1 47 0 50 182 122 1 46 182 88 0 196 47 178 178 0 109 4 110 1 23 1 0 1 184 73 1 51 193 135 137 0 110 0 178 128 0 0 0 77 45 3 0 51 4 198 112 1 151 1 194 104 
11 32 111 20 103 27 172 91 83 193 181 191 94 185 14 12 68 77 84 166 0 11 17 0 67 0 1 161 188 3 1 134 77 3 87 1 197 120 0 176 36 149 76 23 153 60 130 1 1 0 98 0 104 87 116 20 0 34 103 135 85 8 149 166 84 123 37 47 97 104 152 6 0 134 133 1 0 39 1 17 28 102 21 108 196 114 0 0 1 178 108 1 109 70 0 1 92 0 24 96 
51 45 15 121 33 186 85 1 106 7 9 63 113 1 23 98 0 31 191 0 195 1 90 8 149 196 55 1 27 176 77 0 1 95 91 103 110 174 193 1 192 1 0 183 1 69 166 61 196 78 18 174 23 103 138 26 176 0 189 142 38 51 4 66 151 36 48 118 0 0 34 1 75 53 1 47 4 49 193 186 120 97 23 0 43 172 182 0 107 116 37 50 146 37 149 191 13 97 70 16 
149 41 50 158 117 169 22 1 111 0 39 30 104 0 193 54 38 0 143 0 104 115 0 20 9 177 184 1 1 78 104 41 1 106 0 129 36 37 1 0 186 68 125 0 1 1 80 1 1 48 128 1 68 178 105 99 97 75 100 14 131 142 2 63 160 141 100 0 100 33 30 3 8 130 1 162 17 0 144 78 0 143 87 1 43 42 0 70 0 0 132 20 67 106 180 53 71 177 196 47 
96 0 124 69 72 0 147 52 151 1 58 190 96 29 43 187 121 89 0 18 159 52 0 99 158 32 116 1 188 104 8 63 107 56 165 185 28 3 0 48 175 194 136 37 38 1 58 32 136 16 34 102 86 170 181 168 13 151 0 137 1 117 1 0 1 173 23 1 90 182 1 126 45 70 64 130 148 125 194 182 0 139 12 76 87 195 82 9 80 0 21 1 1 10 156 104 190 1 182 81 
57 41 36 183 146 182 0 27 0 96 174 164 108 2 0 6 74 55 93 130 111 159 100 4 102 126 150 90 152 0 21 84 36 0 16 119 20 1 159 65 0 162 85 64 62 0 45 60 179 176 138 124 145 87 149 73 29 127 21 151 149 199 59 179 178 35 10 123 43 55 117 178 45 1 24 1 195 190 1 146 132 155 104 32 19 110 121 50 19 0 0 166 0 151 139 30 0 173 106 7 
198 68 165 138 0 20 0 144 49 197 6 1 61 1 82 32 116 1 189 143 61 2 65 99 32 42 134 28 2 118 0 194 93 0 130 113 7 47 0 149 141 0 193 11 190 130 30 196 154 165 62 185 0 0 102 18 171 193 57 198 21 22 115 70 172 62 1 140 1 0 79 69 0 194 7 10 37 7 143 8 124 0 160 1 17 2 41 131 74 0 185 0 141 184 20 119 150 58 139 20 
0 172 135 126 151 176 5 128 114 29 137 64 163 183 1 108 5 155 61 1 0 0 144 188 126 113 53 1 0 173 0 0 187 184 86 125 1 35 0 169 79 0 155 178 62 85 59 89 1 77 1 63 74 0 61 4 105 145 1 1 9 33 1 12 190 153 179 33 1 101 124 64 0 72 138 23 22 89 115 0 0 27 98 1 178 4 1 1 90 24 1 39 0 48 0 1 165 88 44 20 
166 64 110 71 1 51 76 91 24 0 97 74 122 154 26 86 35 191 146 143 186 1 177 61 150 0 104 163 52 80 65 76 173 0 199 193 16 156 1 49 114 149 189 44 150 16 0 1 0 171 47 6 112 73 35 0 1 153 105 66 95 1 70 180 61 94 103 119 48 1 166 155 0 59 5 1 0 45 67 103 5 40 56 137 196 25 110 67 98 156 155 178 172 0 65 123 156 125 5 1 
23 179 17 101 118 40 66 4 162 158 118 0 194 0 76 146 84 19 1 1 1 8 128 0 41 192 130 13 0 25 3 65 144 65 73 78 159 78 0 1 1 1 18 89 50 166 170 9 5 34 80 147 132 116 94 161 83 195 37 143 1 142 7 37 48 0 100 1 67 0 144 174 197 145 1 1 142 33 167 1 123 45 194 9 0 119 42 79 1 181 178 139 130 71 0 76 0 156 1 0 
11 152 115 1 132 97 149 190 1 124 72 156 39 108 28 0 79 172 0 67 199 0 186 40 158 1 74 115 0 0 11 1 7 138 1 0 104 106 65 73 121 0 1 148 152 0 148 14 179 197 167 1 121 72 0 90 78 26 151 116 120 0 47 0 121 1 1 19 29 1 1 171 150 84 1 51 51 166 97 27 58 1 199 0 169 79 0 184 100 146 0 27 179 84 133 0 41 1 82 185 
18 0 118 174 73 0 1 36 148 22 0 68 119 19 0 63 3 194 1 56 28 109 0 91 147 94 140 10 0 163 0 141 47 91 76 167 114 32 143 147 68 160 1 1 58 34 43 157 64 62 20 189 1 50 109 1 78 1 150 120 24 95 68 162 0 1 1 123 0 93 68 167 38 0 145 172 187 35 155 1 101 111 9 154 70 106 42 0 1 151 185 52 135 1 116 108 0 0 164 75 
190 133 35 57 11 183 180 22 19 104 88 62 188 163 184 193 0 67 80 0 97 141 0 76 85 0 182 112 164 82 179 129 1 67 160 1 129 51 0 104 198 140 1 49 157 102 13 18 1 15 172 189 53 26 130 142 22 103 189 1 61 20 62 0 137 1 196 1 105 159 1 49 175 128 9 1 182 0 22 177 60 149 1 0 51 96 129 1 133 1 90 71 47 95 3 106 121 0 109 112 
175 0 12 31 181 76 150 0 82 53 178 91 176 85 62 105 56 63 105 32 199 169 53 39 0 115 0 152 1 143 163 30 163 141 11 97 148 143 81 154 189 1 130 33 78 18 51 85 22 158 163 70 84 83 1 179 37 57 79 36 49 48 32 61 36 103 59 29 102 69 183 1 68 102 56 175 0 145 7 176 38 1 135 116 8 1 1 1 78 168 179 69 61 47 106 44 61 133 0 1 
189 1 61 1 149 0 0 126 1 21 120 52 119 30 1 71 0 137 1 30 24 176 69 36 168 0 141 15 185 171 37 189 83 9 148 60 0 135 102 0 154 0 0 49 118 172 1 140 155 153 52 8 79 156 114 173 23 140 39 71 165 1 107 5 93 1 97 153 137 78 20 120 78 33 47 1 61 39 93 0 135 59 37 0 120 9 36 144 116 1 60 4 2 4 86 35 75 1 86 0 
