1
100
0 135 174 120 0 1 113 0 59 7 68 140 26 110 168 5 136 118 1 1 130 124 83 39 149 88 168 92 0 88 84 96 4 80 193 109 1 56 0 3 0 22 15 18 1 175 66 192 156 1 30 152 42 1 1 22 81 151 6 72 169 150 48 86 5 152 1 29 21 1 191 161 105 0 135 111 64 1 155 47 19 49 1 189 183 1 100 152 64 74 125 57 51 185 0 197 75 82 36 1 
44 0 60 1 133 3 0 73 128 170 157 2 76 89 33 186 35 40 166 94 1 102 149 43 20 0 0 49 174 182 86 183 140 144 86 196 71 9 182 0 172 135 76 121 0 1 146 73 41 0 3 1 114 0 63 55 136 56 151 129 180 7 179 36 52 43 127 139 133 134 0 21 38 0 107 0 0 29 63 0 0 114 0 1 43 90 0 93 134 137 33 129 85 1 19 1 39 81 120 58 
54 50 0 0 100 47 10 8 1 35 21 156 0 110 164 35 0 58 143 144 23 62 36 1 175 1 0 97 0 95 17 7 1 55 137 150 77 99 1 127 0 44 128 1 133 6 0 128 54 1 125 48 87 189 186 0 41 0 24 139 164 1 48 186 189 177 27 46 0 1 149 13 95 91 78 0 1 116 120 34 130 51 33 0 104 30 0 22 41 147 0 28 69 12 111 0 0 26 102 189 
19 192 158 0 41 50 164 32 0 0 99 102 146 6 93 181 18 9 49 132 0 2 81 15 12 79 19 129 1 141 9 0 0 123 161 1 193 169 99 0 185 147 150 84 32 52 31 34 178 0 172 168 82 0 0 172 180 30 1 140 187 117 36 32 184 0 101 96 1 106 0 109 10 53 0 95 32 53 99 190 45 155 1 151 87 190 0 116 1 0 69 1 148 1 1 74 176 188 7 133 
1 175 82 140 0 1 1 17 196 48 139 47 60 180 1 131 24 178 34 43 77 179 100 75 1 0 128 117 79 173 105 64 44 0 64 189 93 0 183 90 29 184 1 176 183 19 102 1 56 1 71 43 68 1 183 0 57 127 103 143 170 1 16 175 17 11 0 43 26 140 1 158 0 193 171 193 11 78 71 131 179 61 66 177 70 35 187 1 62 0 1 49 190 0 60 73 36 0 0 135 
143 183 0 0 1 0 121 198 131 96 162 36 171 188 79 43 68 0 68 106 61 1 36 18 99 121 129 171 61 0 14 183 1 8 7 188 0 132 131 103 118 152 196 199 104 68 72 3 100 181 162 131 125 84 0 50 87 1 70 101 135 111 43 0 39 190 184 74 197 26 147 176 158 61 34 1 126 124 132 1 0 23 180 79 88 61 192 192 79 70 28 93 93 1 15 1 92 154 79 132 
0 191 7 168 135 40 0 110 0 146 105 159 65 176 0 101 181 147 188 177 172 0 163 188 97 0 73 72 51 0 0 65 1 158 22 194 70 39 1 16 1 153 115 0 139 59 14 66 122 86 131 99 57 143 187 90 195 113 149 0 102 64 44 164 0 25 181 1 174 50 0 148 1 162 64 9 22 87 44 138 45 183 133 87 65 4 116 184 80 140 38 117 189 1 104 1 0 186 1 6 
0 1 40 112 1 43 11 0 38 107 0 1 196 155 82 21 168 100 182 28 0 134 95 3 27 111 55 33 69 1 149 132 105 176 133 159 138 1 32 1 115 19 63 47 125 112 47 132 164 72 145 190 0 1 2 14 0 0 83 1 139 7 72 8 1 1 107 1 103 41 49 170 172 40 1 44 0 80 78 64 11 69 154 65 162 93 133 125 95 51 1 184 0 36 81 85 198 127 22 137 
1 1 70 101 46 1 3 81 0 123 1 195 0 183 89 15 124 53 111 48 26 1 68 114 159 22 198 0 28 67 60 112 160 119 1 117 182 36 0 116 165 0 14 120 0 118 189 105 1 16 103 64 1 102 105 31 133 72 47 43 0 0 55 126 59 6 183 112 3 186 1 7 142 19 101 104 1 11 1 0 1 138 167 79 1 148 81 93 168 0 52 184 22 0 1 168 96 108 72 75 
129 118 0 0 71 1 58 1 0 0 0 176 1 118 133 196 39 74 71 15 194 3 143 46 161 165 107 1 1 25 133 1 168 1 51 189 17 1 19 90 21 48 29 0 0 109 175 194 181 118 104 51 0 120 0 68 99 132 18 20 40 162 99 160 155 193 1 99 1 93 186 57 0 1 48 1 151 98 145 90 0 101 20 0 14 173 164 1 115 41 166 103 174 170 196 37 99 127 35 80 
99 67 19 82 0 0 156 1 197 45 0 100 78 133 11 181 116 126 175 197 172 11 0 1 95 1 123 74 19 1 3 67 58 0 86 130 76 126 1 2 63 180 147 121 85 1 13 1 17 95 174 40 158 0 128 178 0 98 1 52 56 76 0 8 115 113 145 61 196 183 76 127 0 0 52 153 144 1 31 127 0 35 1 1 0 21 10 94 52 53 31 177 37 10 1 112 87 163 114 123 
1 156 97 116 59 52 22 1 18 103 52 0 0 0 83 135 45 154 68 66 179 0 31 81 181 43 1 188 64 163 119 153 101 191 123 133 136 43 1 1 94 94 64 188 188 5 89 0 155 65 0 1 116 132 6 115 195 47 180 95 159 91 59 90 0 183 150 189 43 57 0 52 197 45 1 182 111 109 0 124 58 1 157 1 15 198 34 183 64 63 111 1 94 22 182 49 111 104 23 1 
50 110 120 139 67 175 1 34 56 12 152 140 0 0 13 115 177 195 185 154 126 66 1 83 1 16 104 16 1 0 7 74 159 63 153 111 67 175 0 113 149 1 35 164 191 0 113 0 117 22 174 0 92 0 1 181 145 32 26 36 151 0 63 180 188 78 125 176 95 1 0 105 166 0 89 162 160 14 195 145 0 171 1 138 97 0 52 30 183 0 46 61 115 0 1 40 123 114 0 68 
145 128 0 16 60 108 170 48 1 1 2 1 191 0 41 0 0 76 0 142 75 18 1 117 119 140 121 71 167 60 145 5 1 185 0 115 0 0 187 179 162 119 186 82 116 192 158 76 0 7 194 155 176 0 97 0 17 129 15 118 0 174 145 54 16 112 124 165 14 101 48 163 0 6 0 1 64 13 99 1 14 19 82 31 0 107 37 50 1 0 146 102 137 108 30 98 0 148 0 8 
143 0 186 114 152 33 21 124 148 31 135 4 26 62 0 191 0 0 109 124 56 147 15 3 1 1 46 198 137 1 1 105 120 1 49 182 169 139 49 114 84 1 161 182 185 1 65 38 125 157 78 68 0 190 152 112 0 0 71 88 196 95 35 74 151 147 19 91 1 1 136 0 101 149 125 113 85 180 187 0 48 117 107 1 185 19 141 137 175 138 194 199 55 0 0 1 164 124 114 93 
114 1 185 109 89 86 86 180 108 27 1 142 40 170 46 0 156 1 153 1 130 85 0 0 1 180 81 0 151 69 1 193 51 5 141 1 44 95 1 0 1 24 1 174 164 16 91 2 62 61 84 7 1 1 194 69 21 146 18 23 49 80 181 47 0 102 140 82 0 1 0 78 118 131 0 106 106 0 184 106 141 183 185 54 154 62 4 0 31 11 158 137 0 128 187 135 163 87 37 185 
65 164 41 90 59 1 79 142 15 1 136 27 35 28 1 190 0 32 11 195 37 60 167 9 9 80 0 126 0 53 1 40 110 163 86 197 37 23 1 98 27 84 14 77 128 1 101 85 1 41 0 132 71 0 84 102 194 70 28 61 149 96 1 132 1 1 19 73 113 138 165 1 119 186 166 0 79 1 122 182 37 154 141 134 37 76 118 1 1 30 45 56 126 0 167 88 100 134 178 111 
13 1 105 187 90 107 170 189 68 1 101 1 0 113 1 42 152 0 0 0 199 1 128 36 12 193 154 174 43 118 116 127 172 124 87 82 194 59 41 47 156 0 193 172 1 25 83 133 1 41 20 1 187 1 161 155 76 15 1 74 180 51 85 38 1 182 185 98 81 53 117 161 0 0 1 170 194 80 58 1 0 3 117 85 1 111 1 110 1 1 25 168 60 28 135 155 125 165 38 17 
124 174 55 52 14 187 44 104 116 0 140 140 113 1 81 168 1 130 0 141 151 0 0 0 123 1 123 0 23 44 130 111 182 60 49 135 160 93 17 9 0 0 192 179 0 0 101 149 8 1 94 181 128 62 95 30 14 5 123 0 193 66 121 1 0 0 90 148 0 2 59 71 197 164 177 198 161 0 57 192 0 65 170 58 0 154 11 15 18 133 101 1 1 84 58 112 104 83 98 0 
0 0 101 170 49 0 49 51 1 73 56 4 64 21 86 1 29 20 49 0 64 0 1 0 1 1 41 79 35 43 0 25 64 114 1 0 0 0 32 1 34 59 142 149 90 72 3 66 112 0 185 171 1 0 42 144 169 111 138 167 169 146 109 79 11 79 11 174 126 0 144 184 187 56 174 160 0 98 93 74 26 38 18 0 64 4 15 1 78 127 149 144 82 21 161 132 97 43 126 143 
71 0 36 86 1 141 135 48 165 166 36 124 83 1 1 54 105 170 11 184 0 87 22 70 178 30 107 0 166 123 55 175 46 128 69 149 8 1 1 24 186 72 0 81 194 21 0 100 60 143 1 157 1 75 164 0 52 61 171 187 147 26 0 27 0 1 136 76 0 0 0 137 197 51 141 112 25 162 57 1 183 0 39 0 120 132 45 1 181 144 180 1 36 63 41 105 2 46 43 81 
0 1 0 35 182 141 1 57 20 0 149 131 42 47 82 1 40 130 110 139 26 0 143 99 1 148 1 50 169 43 0 46 29 199 148 54 1 0 26 0 95 23 90 28 183 1 132 1 2 165 96 46 58 27 15 164 108 127 189 76 125 0 193 0 190 6 25 92 108 78 0 37 1 160 125 70 37 1 61 101 5 44 128 51 154 132 0 45 50 151 83 139 124 154 1 1 101 1 1 47 
34 145 94 33 140 149 30 57 87 66 57 1 176 61 49 184 1 155 19 0 103 26 0 30 0 37 65 155 108 168 55 58 80 178 1 36 1 0 91 165 162 7 57 151 166 3 152 178 107 184 1 63 199 104 166 70 42 117 196 166 102 13 183 150 151 64 143 4 22 9 1 192 157 0 113 96 1 91 154 88 70 119 131 29 37 167 174 7 99 93 123 1 129 94 6 0 176 0 1 122 
1 52 94 177 1 138 0 143 39 62 181 67 190 0 1 198 1 146 26 157 9 99 76 0 0 192 79 164 149 134 175 102 68 82 88 93 185 134 1 186 51 37 153 1 191 37 193 143 183 135 148 179 89 125 189 190 98 70 130 75 87 11 68 120 112 1 1 105 1 0 1 54 3 1 71 40 92 175 0 16 49 0 26 1 197 168 140 103 57 21 164 10 153 54 173 21 148 90 179 1 
8 81 86 51 110 173 0 134 1 117 196 33 3 76 148 133 80 0 1 81 129 0 159 0 0 52 97 0 141 23 29 148 107 65 158 24 1 184 5 186 0 65 28 158 28 91 55 0 31 49 176 80 11 112 95 47 105 188 1 26 147 1 0 0 33 102 69 152 50 136 174 0 182 123 112 94 0 158 34 25 173 191 74 0 123 167 74 125 0 0 122 189 0 192 0 134 0 12 54 1 
1 52 44 47 54 56 141 31 157 0 0 0 23 59 168 50 147 1 166 174 105 54 108 58 49 0 1 59 19 75 66 0 0 0 0 190 160 0 1 71 159 0 63 196 1 156 0 0 141 180 41 1 102 117 11 84 59 195 141 83 188 197 5 45 157 148 163 190 137 0 130 191 192 52 103 113 1 16 122 1 2 0 114 133 135 113 0 5 27 132 60 97 185 131 0 133 41 69 193 0 
0 62 120 154 150 124 110 0 95 148 22 115 106 47 0 188 81 0 13 134 107 188 84 23 14 1 0 106 132 187 1 93 111 157 102 91 179 29 119 0 0 129 163 196 142 94 11 1 3 0 88 146 49 45 91 85 47 82 170 3 1 27 35 13 42 71 1 53 1 2 125 0 145 78 161 0 0 56 1 131 117 0 193 156 1 132 184 17 191 40 0 62 49 149 131 0 103 174 39 101 
195 30 186 114 0 21 0 62 3 170 127 117 73 145 0 84 40 2 164 127 6 132 198 0 147 186 163 0 115 22 1 156 1 146 126 28 181 198 0 160 164 134 164 82 1 1 1 154 35 165 1 163 0 52 133 27 79 1 86 1 97 158 145 0 0 8 40 180 150 136 127 70 57 106 67 175 171 20 1 34 26 2 99 70 55 69 47 38 0 183 155 194 73 1 138 56 0 1 55 6 
95 50 109 1 89 120 163 18 179 16 11 48 0 188 186 113 60 184 76 146 194 35 79 0 161 0 51 57 0 3 128 31 29 1 7 49 136 0 2 34 158 1 0 71 149 42 84 144 160 115 167 1 47 131 54 0 23 97 0 84 1 84 126 141 132 0 3 1 46 37 188 175 54 0 65 0 17 199 17 11 111 127 1 129 1 1 108 123 78 10 0 101 115 0 43 196 93 157 193 1 
196 0 83 1 153 16 1 0 31 10 0 197 11 38 33 21 138 91 93 67 0 30 0 46 1 33 19 172 1 0 1 40 9 112 12 156 195 0 137 0 89 51 82 114 128 189 144 0 93 6 1 182 61 151 1 196 49 0 89 97 24 20 102 56 65 157 60 84 111 77 18 1 162 102 155 70 52 1 185 185 83 189 105 132 67 145 1 20 33 0 169 1 115 155 140 121 128 84 47 43 
127 89 130 1 1 0 117 1 0 89 24 1 80 90 189 79 103 154 73 82 196 47 0 1 5 0 26 0 24 192 0 109 177 152 179 68 120 178 162 123 0 62 5 155 94 0 0 71 38 37 105 148 108 144 1 86 187 53 193 0 1 1 126 16 56 0 20 38 145 1 1 19 151 177 0 65 1 154 151 172 137 0 38 175 29 0 13 64 152 74 124 153 106 178 145 0 0 119 117 163 
104 49 199 30 0 147 140 1 87 63 115 0 14 1 1 36 162 151 1 161 0 182 83 0 121 3 122 1 0 122 1 0 55 93 1 6 3 122 153 191 51 33 175 0 59 173 168 113 144 0 58 149 79 1 89 10 84 0 174 183 184 0 180 0 129 98 58 99 33 108 104 143 86 1 96 78 5 175 114 0 93 64 195 0 0 161 5 0 158 18 0 0 50 146 24 74 50 17 95 181 
144 57 0 151 191 139 1 120 1 120 1 193 145 134 19 142 112 147 159 0 137 86 48 96 182 15 138 163 154 128 3 30 0 96 176 34 183 188 22 129 1 0 46 109 1 92 0 122 0 48 45 75 33 1 1 140 132 34 1 127 99 86 1 116 91 1 79 2 17 190 170 39 147 167 45 23 1 37 1 153 174 17 63 111 0 0 116 85 0 92 67 57 63 39 30 104 110 22 117 88 
25 0 1 108 55 87 1 151 128 106 1 125 0 0 2 0 12 142 1 77 32 108 29 186 87 30 139 1 184 1 102 117 48 0 0 1 1 71 5 10 123 23 155 156 1 188 0 25 100 191 2 1 90 128 62 0 166 100 189 0 30 0 167 1 108 107 150 58 0 52 186 28 0 1 0 56 62 54 16 196 9 120 124 192 116 9 111 103 177 84 127 65 140 68 43 1 47 120 5 107 
196 103 18 149 0 168 83 105 163 81 0 26 141 1 77 68 192 116 51 148 69 195 1 19 104 144 93 117 127 39 1 39 181 77 0 6 105 3 118 1 1 24 62 29 174 78 169 50 1 111 143 90 113 1 78 68 124 156 155 0 0 105 26 170 76 45 145 1 114 63 61 90 1 195 81 189 19 17 126 1 85 81 158 79 65 163 69 0 160 194 177 13 97 1 78 180 193 102 148 53 
21 111 1 24 0 155 79 92 85 1 65 126 178 42 159 103 54 130 133 18 120 107 147 167 20 115 103 38 1 193 187 128 28 131 105 0 0 139 168 0 164 142 0 156 1 68 0 43 163 89 188 125 38 190 15 20 75 153 193 194 71 0 0 152 147 87 1 0 117 0 0 89 26 1 170 177 53 42 1 99 191 158 157 17 134 121 0 33 84 0 171 36 0 146 169 60 27 140 197 67 
61 25 144 1 137 1 177 43 132 0 147 148 0 0 93 51 187 97 11 13 194 15 138 7 23 132 183 70 122 28 180 192 113 0 191 0 0 27 45 187 18 75 58 64 129 189 53 20 90 38 178 166 133 1 180 0 104 83 1 181 139 164 0 186 1 95 174 42 120 197 100 108 127 100 121 121 142 2 59 42 0 181 15 93 119 163 38 56 118 53 105 140 86 50 1 77 53 52 152 96 
176 0 164 1 87 142 139 148 0 184 194 7 99 107 101 27 31 16 143 1 159 157 0 66 69 141 59 178 169 110 146 50 88 71 37 131 99 0 28 175 116 74 181 39 173 1 51 1 100 105 26 187 1 1 1 67 74 181 173 89 17 42 129 83 158 92 189 152 113 69 182 101 162 0 163 178 0 1 171 57 46 160 1 186 176 10 43 16 114 0 1 99 19 129 1 1 0 10 31 93 
50 84 1 1 0 199 194 66 0 1 1 0 0 5 0 6 123 1 104 88 100 17 0 0 67 4 0 0 115 182 129 36 10 101 142 198 168 111 0 33 1 69 101 135 0 25 0 1 131 1 0 149 124 26 113 174 1 186 0 117 103 57 0 189 25 135 169 170 67 49 109 3 187 165 28 35 0 157 41 0 53 34 103 164 130 156 0 195 43 104 1 101 128 124 67 0 1 1 180 4 
0 117 56 0 73 6 1 1 49 190 1 32 108 159 0 11 130 97 167 15 189 0 89 104 40 0 1 41 151 199 26 123 0 91 183 22 118 104 193 0 69 37 37 134 51 127 178 0 1 1 62 1 127 125 116 110 1 1 8 165 1 1 163 191 1 128 161 103 0 105 198 39 52 47 63 1 31 160 179 27 6 0 114 13 46 121 196 0 1 159 0 67 137 26 21 35 52 91 1 194 
60 0 1 29 8 11 157 72 1 7 87 1 180 70 103 136 7 2 188 101 82 168 186 60 95 0 0 116 93 89 43 122 125 46 5 84 132 44 14 156 0 0 93 1 5 155 186 106 127 88 56 1 158 0 0 148 8 191 157 143 47 1 5 84 34 198 111 0 118 144 65 127 133 102 64 165 186 0 154 163 0 159 176 128 1 152 19 181 144 180 9 143 97 0 8 50 160 19 21 196 
57 173 1 90 117 68 88 1 1 181 1 0 188 1 34 1 42 0 121 199 27 181 123 137 110 49 0 0 1 17 1 1 165 3 140 29 49 38 169 0 22 0 0 32 0 196 0 134 118 88 173 0 104 79 68 178 149 124 19 71 131 1 50 85 135 189 47 36 17 34 115 70 22 64 4 80 176 87 50 114 125 42 0 0 1 1 107 73 181 93 150 158 0 185 0 122 176 1 176 63 
79 34 197 29 81 96 38 22 32 137 146 60 1 152 122 3 166 68 0 94 56 199 88 74 51 135 1 198 146 173 172 17 189 15 43 45 62 1 123 162 137 0 0 1 136 190 105 27 88 95 111 156 1 40 0 85 96 36 109 20 18 165 8 94 0 171 169 86 10 114 0 2 4 56 122 22 98 97 28 179 187 88 33 42 119 77 138 192 1 138 0 0 189 95 1 27 88 1 141 1 
93 76 51 0 0 121 1 143 124 41 196 20 191 73 1 1 178 70 1 130 175 18 0 77 143 189 31 177 47 73 114 169 33 1 25 149 15 109 190 0 71 74 0 0 17 0 0 1 151 170 6 54 177 94 59 106 30 1 165 0 97 59 1 65 0 135 12 83 0 0 56 0 182 123 3 1 82 0 23 37 171 178 111 68 35 12 0 52 0 32 89 174 117 157 1 62 156 136 145 113 
129 77 126 55 0 121 1 177 1 184 133 157 1 1 5 38 5 164 148 0 17 1 42 1 0 62 132 168 162 112 79 94 96 63 117 182 59 168 0 108 18 121 95 152 0 178 1 179 7 110 0 98 43 161 0 163 113 17 17 0 55 1 12 64 76 141 121 0 17 84 1 158 1 107 65 124 141 98 61 104 86 32 141 1 22 185 12 48 66 65 90 1 153 187 1 168 37 157 130 143 
36 35 0 87 37 2 7 0 60 0 92 74 5 178 1 83 127 0 0 85 74 19 99 18 130 0 192 110 1 176 147 100 8 73 1 100 46 197 26 76 183 0 132 14 188 0 115 186 123 99 148 190 20 82 113 1 72 32 30 0 130 174 43 163 10 77 1 137 6 111 43 1 0 69 11 14 146 34 167 134 1 80 1 146 1 102 55 51 64 92 171 170 1 1 56 0 173 92 179 100 
46 57 89 36 1 0 1 1 1 0 125 50 0 0 139 21 0 27 1 178 1 1 0 150 2 126 56 35 123 145 96 9 52 0 1 34 150 0 69 0 112 113 59 72 72 30 0 12 133 144 145 49 128 11 70 12 79 116 177 21 112 154 154 179 10 18 165 160 19 1 196 196 197 119 166 87 0 71 169 0 47 24 1 176 86 39 74 198 70 108 190 18 162 1 63 1 12 52 109 1 
109 190 1 55 44 194 185 0 41 65 29 110 66 192 76 28 132 161 128 121 198 0 78 1 27 1 149 185 1 49 33 195 1 70 65 0 118 1 1 0 89 143 0 153 91 20 113 0 62 55 140 185 183 0 168 110 198 130 106 0 84 66 33 26 80 1 4 53 35 39 140 34 85 23 151 184 121 36 1 0 10 97 114 140 0 124 140 23 94 1 175 1 53 1 155 187 46 116 107 85 
191 157 130 0 42 71 37 0 1 167 0 1 144 102 104 77 192 114 83 3 0 189 55 1 11 90 98 126 148 0 69 7 20 0 149 42 28 191 84 11 0 103 42 74 60 143 8 1 0 90 0 149 1 77 61 65 33 0 180 126 47 170 186 1 1 0 30 59 49 0 183 23 2 19 150 0 1 1 189 1 51 50 150 145 78 0 65 40 177 178 101 13 0 98 78 194 193 59 113 27 
162 43 121 159 113 31 72 147 1 172 166 30 177 12 108 86 121 0 161 108 185 194 137 126 0 16 0 161 134 103 38 74 194 156 106 0 143 173 54 175 0 56 69 26 1 160 44 135 182 0 23 28 97 0 25 27 181 158 181 153 176 143 46 103 179 187 0 6 1 47 169 1 196 142 1 96 16 24 17 175 166 35 197 118 67 135 190 143 174 151 0 0 177 61 122 79 43 93 1 145 
68 13 74 80 158 0 184 148 95 75 188 194 179 32 104 22 93 22 27 43 0 1 86 198 187 59 0 101 1 67 125 185 27 0 22 113 80 23 1 171 100 126 120 18 65 88 35 129 24 18 0 30 36 58 0 59 54 88 46 24 104 166 185 119 168 20 21 56 0 143 160 1 118 198 129 1 147 3 0 0 0 197 182 94 185 135 178 49 32 13 37 196 14 85 39 192 133 169 2 154 
101 0 133 48 3 166 157 153 57 35 79 28 57 23 22 105 1 1 93 133 158 192 111 0 23 0 174 101 160 0 6 41 97 160 171 0 1 117 89 117 101 167 165 0 125 93 0 25 132 16 21 0 136 93 68 190 162 89 0 110 140 1 125 194 37 72 148 169 1 39 1 69 1 1 27 0 134 27 154 193 87 0 52 109 0 1 64 109 0 82 54 178 125 56 136 35 90 178 61 194 
97 24 75 141 0 23 1 89 112 0 172 22 140 28 0 139 184 131 0 113 96 1 174 192 1 0 1 0 98 25 108 75 119 135 153 166 0 23 9 98 0 0 11 0 68 1 97 133 101 145 152 79 0 1 52 26 1 1 76 132 175 67 119 0 182 0 120 1 188 26 165 19 82 9 184 60 61 1 0 0 0 0 60 0 166 30 0 28 130 0 177 1 1 1 80 16 158 69 42 1 
163 8 1 102 119 172 1 183 24 1 18 70 146 145 173 172 0 66 128 24 46 93 6 115 0 1 87 1 119 0 0 88 1 144 146 149 197 90 102 1 0 27 41 159 84 32 108 134 59 147 15 96 131 0 28 60 20 155 6 171 118 1 160 155 65 18 80 44 113 95 53 105 174 1 109 86 189 1 53 0 46 0 171 178 156 1 1 56 147 154 1 88 110 101 16 168 0 52 193 1 
93 1 17 165 45 128 172 95 165 0 1 1 16 54 8 134 143 88 0 119 29 108 14 195 0 29 61 119 60 32 0 7 34 1 79 27 87 8 1 33 52 0 121 68 21 83 0 59 146 0 175 191 1 28 0 52 153 166 86 1 132 181 78 1 154 159 168 72 54 47 18 151 57 75 146 21 56 168 110 87 23 118 1 20 6 1 0 43 40 0 127 0 1 162 0 164 0 111 0 140 
23 0 161 129 108 49 83 62 64 121 1 127 18 91 70 142 65 1 26 55 45 1 75 0 70 0 113 198 84 63 159 48 13 69 110 1 52 180 1 1 194 11 20 53 51 147 124 133 107 0 8 198 0 16 151 0 9 1 153 0 99 79 54 62 120 109 163 130 189 174 1 167 87 158 0 141 33 151 0 5 43 0 0 15 130 1 47 1 160 72 0 94 106 0 75 0 146 0 98 31 
11 112 23 86 103 32 0 0 17 1 196 180 1 77 1 44 6 141 0 183 149 174 37 137 138 47 51 83 1 136 0 140 167 138 104 142 20 167 45 156 133 131 40 0 32 151 178 22 193 140 0 128 176 0 148 115 0 179 1 42 145 105 1 50 0 0 160 65 18 90 30 39 5 183 0 46 0 27 102 80 38 0 117 22 65 30 56 21 1 13 92 39 64 81 68 0 60 146 0 45 
25 1 116 7 50 11 64 1 78 1 92 166 163 21 62 144 73 135 1 158 75 133 186 192 149 8 167 175 118 24 0 0 131 0 157 22 85 140 0 51 91 1 183 54 172 197 0 128 138 37 183 177 23 0 1 0 48 0 112 9 88 164 1 8 0 0 24 81 15 1 192 75 24 0 18 198 155 1 166 159 80 1 181 96 1 99 21 51 0 67 44 171 87 63 21 67 144 12 1 189 
191 199 19 0 152 152 183 143 0 1 0 106 3 19 74 195 196 148 1 85 44 199 1 162 5 99 33 1 0 104 148 0 137 161 49 165 1 198 0 176 63 126 71 145 131 128 79 1 1 97 140 174 2 196 63 89 0 171 0 140 21 0 16 1 166 35 189 123 82 0 134 1 115 99 11 1 150 122 47 198 164 120 156 26 8 0 135 0 126 1 23 23 31 93 81 25 1 80 26 99 
140 39 95 0 126 79 193 112 137 126 66 116 10 103 48 151 92 194 39 130 30 114 61 96 151 0 89 1 75 1 180 148 55 108 49 184 130 100 72 1 110 162 1 119 165 105 195 22 7 39 24 1 167 93 27 45 106 117 31 0 91 0 135 4 128 20 112 0 192 187 6 199 173 5 34 1 17 1 4 3 97 113 120 0 17 0 162 0 0 199 1 1 189 33 167 1 63 77 121 194 
2 38 0 70 2 39 124 7 0 151 79 98 1 181 6 109 66 1 9 107 49 34 1 55 1 11 0 60 113 122 112 0 22 25 46 1 190 0 167 9 85 156 196 1 95 190 1 141 0 47 55 62 113 194 43 0 1 152 156 183 0 58 162 57 42 167 109 101 33 63 1 53 125 192 74 67 162 1 0 0 68 100 137 1 0 161 0 0 21 112 125 156 119 52 153 41 75 0 0 142 
72 17 120 10 150 1 144 0 0 153 16 130 4 0 196 154 168 108 0 87 170 165 2 170 0 1 1 0 19 1 103 99 177 183 199 0 88 50 196 79 174 186 69 179 168 0 0 134 187 94 0 0 0 71 74 0 26 23 59 58 191 0 157 1 1 161 167 155 196 23 198 1 150 16 169 36 176 0 14 0 49 173 0 1 99 166 0 96 0 160 159 196 29 47 191 128 95 17 10 176 
177 115 117 47 177 84 83 1 1 134 170 0 21 181 1 118 62 195 109 147 136 20 171 22 156 141 49 106 187 23 1 187 167 0 1 89 53 162 1 51 90 1 20 0 61 9 73 98 168 54 13 103 92 0 1 0 33 1 1 74 47 71 0 179 121 31 136 116 142 50 199 149 30 105 1 98 194 112 23 66 84 1 54 178 131 169 178 130 80 195 92 1 105 54 1 149 140 20 0 182 
115 165 178 0 60 1 91 0 127 187 179 1 1 67 61 192 10 43 0 27 186 1 1 88 138 1 153 85 79 80 22 1 7 1 1 4 197 198 1 67 0 1 77 167 17 12 77 55 0 130 174 76 33 95 43 149 69 0 181 71 13 70 128 0 108 152 0 64 61 29 0 154 0 41 193 178 125 0 1 39 151 99 104 162 154 14 94 165 35 98 40 12 1 0 199 47 30 0 1 158 
39 1 195 181 1 66 0 81 19 111 0 32 1 107 1 1 0 1 60 56 159 149 67 35 73 118 1 154 57 183 179 184 1 55 34 170 31 1 43 0 153 1 16 180 101 48 61 7 62 18 170 186 62 55 71 64 191 61 1 139 0 46 137 66 0 176 26 46 17 152 112 57 5 81 137 185 33 84 85 24 4 185 1 124 134 54 23 100 134 35 170 107 167 1 142 129 138 107 110 0 
115 2 94 129 70 156 146 161 109 42 148 88 22 96 0 135 0 180 88 0 128 87 1 64 164 169 106 61 0 57 164 0 112 185 57 0 8 155 1 8 1 30 129 22 20 7 80 125 31 1 0 197 37 69 33 0 85 96 0 79 15 13 1 55 1 0 190 0 11 105 174 6 98 101 65 0 1 0 197 164 157 117 93 62 150 148 168 1 0 41 0 47 116 25 128 30 47 69 26 118 
0 150 8 86 0 76 183 28 154 114 150 180 179 80 49 176 101 57 136 160 86 0 48 146 25 0 27 50 42 24 1 1 17 1 149 64 3 106 198 78 0 53 196 117 198 188 0 55 47 0 47 97 52 170 197 71 15 1 45 0 1 73 161 32 38 19 0 0 186 86 47 1 1 165 148 172 1 0 87 124 11 122 68 41 16 137 23 35 132 157 137 1 126 47 1 1 1 0 0 138 
18 18 53 40 91 185 82 101 1 1 81 0 0 11 51 111 0 101 89 139 105 94 121 84 88 1 65 0 1 6 132 1 46 132 182 1 157 121 0 94 56 25 177 20 0 195 0 111 11 1 8 0 1 157 152 101 187 176 137 28 178 45 102 178 110 148 1 0 1 173 0 198 0 46 152 155 33 83 0 65 40 135 112 193 98 171 47 104 131 119 93 86 119 144 72 119 167 6 1 193 
157 49 109 155 125 144 68 110 37 143 186 170 0 196 72 1 27 14 1 38 0 158 71 192 0 0 38 52 96 177 13 0 93 27 119 170 67 0 0 28 1 48 156 0 169 85 71 140 52 1 64 160 1 64 77 81 18 63 1 150 76 154 118 173 98 21 172 29 0 199 103 1 30 12 13 1 66 70 26 50 1 128 186 65 187 121 0 0 1 0 138 1 12 9 177 49 0 96 192 149 
43 9 136 100 114 89 1 0 57 100 149 76 71 0 98 189 128 193 146 31 198 68 19 0 122 0 0 93 33 199 179 46 172 105 1 1 88 65 190 88 1 96 163 143 34 93 21 164 95 132 23 171 124 142 19 56 116 160 60 1 35 1 123 116 0 127 171 102 123 0 36 1 126 177 0 81 0 64 79 90 155 170 5 13 146 112 61 157 192 1 113 180 174 172 102 53 161 0 139 0 
66 28 64 74 1 0 1 0 187 1 114 4 173 140 0 0 0 129 38 150 30 81 118 110 143 1 35 1 51 110 73 111 19 170 0 140 66 25 199 24 73 111 49 1 176 116 14 21 128 145 66 170 156 161 153 191 156 146 113 178 55 144 135 22 163 12 93 0 164 0 0 196 142 1 101 72 159 0 167 1 94 110 1 1 193 107 123 13 10 146 144 107 118 87 162 34 36 34 1 3 
166 46 108 112 91 123 47 10 158 95 39 30 159 1 17 122 20 147 168 170 46 73 97 163 123 0 0 113 126 182 166 21 1 1 53 86 0 117 132 163 162 114 178 50 55 100 0 143 1 181 0 135 194 1 137 105 92 37 95 1 1 1 0 0 0 1 1 117 183 102 0 0 141 82 0 157 93 140 98 1 90 0 1 1 175 0 72 38 87 0 1 12 124 114 191 37 70 39 60 120 
0 126 55 148 153 112 121 112 79 192 1 129 38 1 183 156 138 171 128 0 0 127 11 52 95 51 0 0 0 121 159 128 151 0 161 160 95 45 28 9 90 180 125 0 79 162 0 112 150 1 0 0 1 192 77 154 148 0 132 96 0 52 104 0 89 0 15 193 65 79 23 67 0 158 59 183 145 74 106 85 35 35 143 147 0 136 89 98 29 0 0 46 1 110 127 26 148 171 0 41 
113 88 1 7 83 148 56 174 41 141 0 179 19 0 102 139 173 191 100 103 195 114 64 1 160 47 162 192 0 98 86 147 0 24 60 1 123 0 125 94 108 56 35 1 94 80 145 62 72 87 26 130 0 50 0 1 190 113 54 169 1 1 0 74 144 155 73 92 0 83 17 75 102 0 147 1 80 55 38 149 198 180 66 103 74 117 168 105 1 11 134 181 97 52 40 66 48 0 147 186 
101 93 140 199 71 36 80 184 171 7 118 1 74 166 133 0 88 0 1 105 0 185 174 87 11 154 127 105 11 170 25 19 62 81 69 31 13 75 64 66 165 197 199 1 106 90 8 0 42 169 26 153 128 0 147 11 137 89 22 1 0 1 1 157 194 192 1 1 156 69 1 76 168 118 0 0 198 35 173 116 189 175 67 0 168 9 39 1 8 90 122 37 42 72 133 127 1 144 1 197 
131 63 0 138 0 11 182 3 82 164 94 0 77 0 33 157 138 78 55 1 1 0 15 92 23 20 106 1 65 66 152 101 29 50 1 0 60 1 20 187 56 194 124 30 120 0 37 1 0 125 66 1 22 0 162 112 0 77 1 122 45 60 1 1 77 112 2 123 115 45 72 1 1 151 0 0 197 161 149 131 0 3 0 106 69 95 73 58 196 47 1 0 0 167 53 52 38 63 194 70 
1 110 187 133 0 85 129 1 28 14 119 1 165 0 0 161 1 32 168 173 51 150 0 18 139 63 146 0 59 70 37 53 0 51 100 0 115 2 0 77 177 1 0 149 158 1 194 139 164 31 19 0 1 192 76 0 70 112 1 27 20 167 1 72 0 71 72 42 0 115 113 73 25 1 122 144 0 45 31 0 150 165 117 58 1 1 80 82 0 100 190 46 0 29 6 58 62 1 64 40 
169 1 149 23 6 115 38 120 158 1 187 25 44 101 192 104 32 1 139 134 0 1 29 199 161 152 0 141 133 133 20 53 53 1 119 134 1 1 44 1 159 199 151 89 67 199 52 109 144 157 173 135 122 160 109 22 62 102 85 101 1 36 49 117 0 176 119 59 180 28 186 164 163 71 59 59 81 0 177 142 85 48 167 1 143 69 122 171 173 0 195 65 127 145 0 47 38 1 0 137 
17 152 171 95 179 104 148 60 188 116 175 103 150 106 127 1 70 168 0 175 19 60 25 173 124 52 164 138 98 85 161 0 137 170 61 171 8 38 1 103 21 65 0 17 155 155 45 143 118 178 0 96 93 93 18 84 145 0 57 193 168 171 13 110 196 83 83 1 11 151 1 163 1 148 132 99 101 130 0 185 49 0 91 158 133 0 90 30 1 116 30 1 134 29 195 50 1 111 0 103 
156 32 33 100 1 121 63 84 1 160 1 167 43 125 161 0 172 75 198 53 1 103 63 0 28 109 84 145 1 0 58 0 1 1 77 0 124 15 102 1 96 8 184 69 1 108 148 21 53 151 16 109 65 0 50 126 107 112 1 129 1 126 187 177 179 39 89 122 0 1 81 72 1 0 105 113 82 54 170 0 51 185 177 0 13 51 47 182 24 124 8 7 1 148 77 8 0 133 111 1 
111 13 0 50 130 35 0 77 9 143 146 1 1 193 196 192 0 133 176 1 196 112 152 97 1 189 0 6 1 6 179 1 0 0 0 82 193 68 81 167 142 0 1 138 198 26 4 128 113 154 0 76 99 88 1 136 0 150 70 195 1 48 171 1 5 118 146 155 195 13 66 92 10 0 51 32 0 5 1 98 0 148 45 136 177 117 124 198 196 1 20 129 138 0 162 0 99 181 188 1 
0 23 0 18 135 15 78 76 79 166 1 153 149 7 92 166 0 44 70 0 171 5 45 195 0 96 76 32 1 179 0 76 0 130 189 22 54 55 170 18 0 148 0 46 42 77 131 51 171 105 112 0 0 154 172 154 114 31 55 58 159 0 155 101 1 1 0 1 187 178 31 30 93 1 1 173 97 1 76 1 10 0 1 0 6 48 143 135 189 45 0 91 1 124 0 103 95 0 189 184 
81 0 0 167 168 123 43 111 0 0 132 0 125 145 108 98 0 1 56 63 160 1 0 1 0 54 18 113 66 172 1 26 184 189 29 63 1 29 1 12 170 192 0 0 128 38 9 0 57 114 126 31 116 55 62 101 1 177 189 8 70 0 1 73 106 1 170 0 63 0 3 0 0 176 1 26 41 53 103 1 1 150 0 110 88 101 1 1 124 9 1 68 128 1 0 191 176 0 136 49 
117 0 0 37 0 1 33 112 172 0 124 1 31 136 10 31 1 13 1 134 112 0 136 25 194 111 38 68 45 13 131 199 18 45 0 171 95 168 6 194 89 34 29 108 154 105 112 19 75 22 69 164 1 0 0 0 124 1 44 134 1 176 0 51 35 199 0 91 87 175 50 135 150 199 169 105 117 197 97 0 1 47 1 0 169 184 25 1 125 0 25 1 25 41 0 102 2 31 45 158 
0 35 15 61 148 167 16 1 186 117 51 9 56 127 0 65 115 74 0 142 148 12 127 1 133 151 67 3 121 0 129 178 11 17 95 53 0 161 104 1 89 101 162 0 62 0 109 1 151 198 86 26 1 99 0 1 1 190 119 150 122 92 7 106 0 125 96 29 0 58 115 66 80 50 1 136 147 46 188 0 0 169 0 1 0 189 1 193 29 0 11 95 57 114 103 21 177 3 59 8 
11 1 1 74 1 150 47 0 92 1 178 55 4 90 0 61 5 112 110 186 66 0 73 47 176 0 25 165 1 0 1 1 177 18 32 197 70 73 0 178 175 16 36 0 23 67 1 179 53 1 1 171 188 157 154 101 179 1 46 89 175 1 1 53 198 8 125 42 47 42 0 50 114 105 128 197 89 116 194 138 51 62 173 7 113 0 7 12 1 30 121 1 74 192 192 0 55 0 0 95 
192 53 141 92 1 45 151 0 196 164 95 75 109 18 0 1 24 125 183 109 176 1 71 99 1 1 72 25 0 0 118 93 124 70 155 26 69 17 0 109 112 1 191 153 12 0 147 82 144 43 120 178 31 0 106 70 87 32 0 74 195 183 166 160 47 167 84 0 0 10 12 0 0 68 193 46 0 21 19 61 156 143 185 164 1 24 0 77 0 158 74 27 53 81 193 1 2 198 139 0 
10 15 145 166 153 27 1 49 0 76 66 170 135 175 163 110 59 62 0 159 107 104 188 1 1 60 9 1 91 94 27 167 1 166 137 0 36 35 152 132 8 68 132 0 0 18 95 49 89 0 137 84 0 12 62 0 138 129 136 1 1 26 179 42 8 3 148 136 78 17 48 129 24 81 42 0 40 0 1 107 167 0 174 1 114 41 0 0 96 145 185 31 167 74 48 0 26 165 118 48 
99 193 0 168 1 25 51 1 3 57 197 53 65 1 120 2 109 0 0 1 160 33 34 81 19 129 72 72 174 56 67 1 14 116 176 193 134 111 52 1 10 188 0 12 152 93 0 123 24 134 171 60 187 38 119 0 15 5 0 22 142 82 1 188 81 82 1 191 139 0 96 164 151 58 58 187 153 1 195 0 100 96 198 15 31 1 102 1 0 196 135 164 0 0 62 158 195 0 78 40 
13 80 0 0 1 127 39 77 1 127 28 175 58 57 75 64 63 0 0 11 188 138 83 1 67 98 199 1 16 98 14 90 89 125 90 147 1 5 13 63 54 76 0 125 181 75 0 83 148 63 99 1 55 188 174 3 90 0 11 43 0 0 42 181 105 52 136 158 75 198 174 136 1 183 1 111 0 39 1 1 48 148 37 0 53 0 45 74 1 0 132 169 145 177 29 47 74 135 47 177 
0 151 132 108 173 101 182 106 126 128 122 68 1 177 1 124 35 0 113 0 6 3 0 9 133 152 1 171 73 42 56 0 196 165 103 192 51 164 109 1 68 41 194 0 174 191 193 0 1 46 1 39 36 0 4 0 1 0 105 0 40 166 74 1 0 37 149 31 109 146 11 47 160 71 149 74 136 1 87 104 1 168 50 15 132 70 88 49 103 49 0 6 88 1 65 142 165 1 53 166 
114 57 0 39 1 44 177 146 120 96 1 0 81 137 0 123 71 104 0 86 126 81 0 77 121 54 1 10 0 41 23 116 64 83 162 146 0 12 178 45 31 14 4 97 150 143 20 129 170 41 183 19 0 24 122 53 114 70 195 117 193 71 196 113 127 43 142 148 104 84 189 118 82 1 57 55 105 181 147 116 34 45 165 0 0 42 168 29 1 92 11 0 136 155 177 161 1 4 126 27 
51 87 0 2 112 23 138 73 1 13 60 1 152 1 0 120 129 34 38 159 101 53 138 1 130 124 0 0 180 1 184 48 124 0 93 6 162 143 15 0 169 1 30 29 1 191 141 0 0 23 0 76 76 133 26 0 0 9 136 156 190 14 0 192 163 35 97 52 1 88 0 197 149 0 101 0 55 1 198 0 163 77 149 104 115 187 47 0 1 1 146 178 0 101 136 23 117 23 180 60 
58 1 0 77 85 30 0 1 9 1 43 65 125 16 164 99 36 1 57 40 63 117 180 103 33 71 148 1 157 86 0 72 71 135 82 71 122 168 28 0 88 1 87 5 0 46 164 119 10 90 165 39 196 17 1 137 59 21 8 1 154 44 0 37 1 1 0 102 105 181 150 127 9 182 8 164 75 192 40 97 134 25 91 0 123 198 114 20 26 160 124 65 101 0 0 30 0 46 33 173 
26 69 149 63 179 64 53 58 26 10 105 25 1 48 141 0 0 164 0 65 0 1 39 70 76 0 115 0 1 0 116 1 105 149 167 0 97 36 41 0 34 36 99 168 136 95 192 1 57 94 126 199 120 0 133 1 119 150 195 189 5 117 52 60 1 190 149 8 90 96 104 0 97 53 98 30 1 165 1 174 9 76 33 143 51 84 158 1 127 19 131 1 65 0 0 166 36 14 22 0 
173 1 117 72 91 105 73 169 1 2 49 191 106 1 158 0 163 81 108 28 94 51 85 91 70 4 23 1 1 132 11 1 9 166 83 73 190 0 88 171 63 19 22 71 195 101 199 1 62 90 165 27 72 0 4 164 79 111 18 0 169 11 9 19 126 1 98 102 144 120 7 161 84 26 1 57 30 72 36 66 76 190 0 184 5 70 0 85 0 41 1 131 46 86 1 0 63 1 133 24 
62 0 92 199 99 1 61 116 43 97 152 198 188 12 163 0 1 1 1 1 1 1 0 146 141 8 116 194 0 100 136 199 199 111 134 136 116 118 109 0 60 0 73 87 180 76 152 1 187 0 1 86 166 103 0 108 1 97 0 146 47 5 119 84 1 7 112 136 139 150 49 23 0 51 161 135 0 147 169 0 186 125 167 1 1 69 1 66 137 7 125 112 51 105 1 76 0 188 86 107 
0 100 134 63 128 0 0 168 7 1 83 19 14 47 0 112 145 107 179 52 0 27 0 11 0 91 91 193 148 184 37 30 114 0 90 1 1 76 192 1 142 72 163 53 106 44 31 183 10 29 180 110 198 187 113 12 27 180 144 83 33 74 88 18 83 0 14 154 0 192 0 33 116 59 74 115 146 197 90 86 1 0 127 157 119 38 46 199 0 109 39 30 155 99 56 88 88 0 135 39 
140 66 1 86 90 157 72 98 38 156 101 180 0 108 166 0 1 34 8 16 0 172 101 0 149 195 1 0 158 20 119 0 135 0 100 1 145 24 78 82 135 68 0 123 171 0 1 180 0 133 91 165 190 0 80 85 86 196 112 118 161 156 0 0 42 17 38 98 14 129 57 53 13 79 0 37 1 76 1 97 22 161 8 183 143 0 176 169 1 112 1 129 147 0 169 84 14 71 0 55 
65 132 110 1 0 139 164 1 1 188 85 159 0 84 1 0 67 158 88 1 7 119 30 44 132 9 80 0 154 43 112 118 26 183 105 112 128 91 111 0 85 69 179 64 132 176 103 142 0 116 173 189 11 169 42 79 0 0 0 12 154 177 0 0 9 0 90 61 18 198 109 129 107 118 137 152 130 140 158 0 50 166 0 115 113 1 0 52 30 0 1 73 75 134 87 162 40 168 127 0 
