1
30
0 59 5 0 16 33 9 22 0 46 35 12 7 20 26 48 0 0 0 28 22 11 1 28 16 1 26 0 0 0 
32 0 1 0 1 37 23 37 53 32 0 13 54 54 25 0 1 51 1 12 3 0 51 45 52 48 33 59 0 31 
46 1 0 53 30 1 23 36 43 5 0 0 14 35 57 27 0 20 51 54 35 1 4 57 19 46 33 11 0 57 
56 59 19 0 58 23 12 0 34 36 42 0 18 44 23 21 1 1 0 3 0 55 42 53 40 0 12 8 16 1 
1 33 1 12 0 34 27 20 23 13 33 9 58 46 17 10 8 23 0 16 51 49 20 3 51 2 26 4 45 34 
0 7 23 33 0 0 1 43 56 50 52 43 1 0 49 1 44 41 0 56 22 37 1 37 24 20 57 50 1 0 
34 39 13 42 1 21 0 19 1 46 0 1 43 5 10 16 5 14 21 2 0 38 1 6 0 23 8 1 15 56 
33 47 8 44 48 35 20 0 17 41 0 25 49 14 0 38 26 0 19 33 44 28 1 0 18 13 21 1 0 28 
0 56 0 45 50 1 20 45 0 49 5 0 25 28 13 0 6 0 46 30 13 22 43 1 9 50 16 59 0 0 
0 14 13 48 19 9 15 49 7 0 39 55 17 19 16 1 8 22 1 58 53 46 32 3 0 44 1 58 17 18 
0 44 28 10 0 16 58 58 58 0 0 50 57 11 53 7 6 28 1 1 13 12 32 41 44 26 0 29 46 59 
5 24 44 1 46 23 1 6 35 4 48 0 36 26 45 54 3 47 33 17 3 1 13 59 21 38 28 37 1 6 
37 1 1 51 1 0 9 48 25 17 27 20 0 55 59 38 43 6 44 10 38 44 14 29 5 38 22 19 28 53 
9 37 20 1 54 10 0 49 1 54 1 0 20 0 20 9 1 0 38 44 53 42 56 6 39 16 1 1 52 1 
35 8 1 0 38 1 25 1 48 1 39 28 49 39 0 1 9 9 12 0 8 45 1 58 1 46 23 0 10 34 
44 5 30 58 59 17 37 8 0 21 3 39 0 0 4 0 22 39 8 43 1 38 0 4 59 46 34 51 2 42 
12 0 0 31 0 13 0 52 34 45 17 15 32 11 29 41 0 9 40 23 1 8 3 47 19 30 22 48 18 0 
50 25 55 42 47 23 1 57 48 13 45 33 13 46 8 0 57 0 35 26 1 18 17 1 1 2 24 0 0 57 
11 49 13 7 1 59 16 51 12 0 35 1 0 0 0 29 19 21 0 2 49 55 22 0 14 30 34 46 13 4 
17 8 31 31 47 45 1 40 0 0 30 33 4 46 43 31 59 0 13 0 18 19 0 30 51 58 0 36 54 38 
35 41 51 41 53 14 0 41 0 42 35 48 22 26 0 0 0 22 48 56 0 50 41 1 10 34 46 18 58 38 
6 29 1 13 52 1 1 37 20 2 1 4 0 3 25 32 1 39 46 29 2 0 0 36 37 7 41 28 0 54 
36 29 20 4 11 43 16 17 8 7 14 40 1 0 36 42 37 57 44 52 10 38 0 0 26 4 1 1 1 9 
5 0 29 44 41 57 25 1 40 28 1 0 0 11 56 44 28 22 32 49 31 1 57 0 42 30 7 45 23 0 
0 1 0 32 58 50 10 39 0 41 44 10 1 20 51 36 44 46 1 55 41 54 22 52 0 33 1 44 23 0 
16 47 33 8 18 1 1 10 24 13 38 26 33 59 0 0 59 54 1 59 52 1 0 7 57 0 49 54 19 27 
1 1 12 0 34 9 3 10 27 0 43 56 34 0 0 51 16 37 19 11 1 38 50 46 34 0 0 1 0 1 
50 39 1 0 25 28 1 41 11 3 31 1 50 2 1 22 15 42 40 0 0 0 0 54 51 3 3 0 28 0 
19 38 56 0 2 43 55 19 0 53 26 49 0 8 1 12 33 25 38 58 28 2 38 31 27 12 35 0 0 2 
5 6 0 0 28 3 22 47 1 42 31 13 21 6 29 45 48 1 13 51 27 58 1 17 26 0 2 0 7 0 
