1
90
0 178 20 10 178 156 0 78 0 0 134 1 77 0 1 102 173 8 0 38 0 86 1 96 77 72 0 1 130 27 157 4 99 129 130 126 17 0 26 130 153 62 1 146 176 0 110 109 110 73 159 84 0 1 77 83 10 114 29 118 92 21 35 0 116 73 168 1 166 174 78 56 1 58 28 80 42 175 8 154 76 93 0 15 139 137 164 0 136 111 
64 0 120 0 0 0 101 71 0 0 153 91 155 52 1 27 1 103 166 1 131 0 35 132 127 35 57 36 83 21 4 57 137 19 57 57 155 54 5 147 45 20 98 1 53 149 97 97 2 78 0 1 79 66 176 49 104 23 153 1 157 99 0 1 172 0 73 1 68 123 1 167 24 18 61 69 48 74 30 139 90 17 85 128 24 160 1 83 68 0 
81 73 0 30 0 115 167 5 47 118 159 114 161 0 87 125 115 0 0 0 137 125 1 0 0 6 87 0 103 176 57 147 162 104 123 166 64 101 0 164 19 167 1 2 149 78 1 136 29 16 16 24 141 142 36 119 177 0 115 57 167 50 25 1 35 139 104 0 172 0 89 111 0 1 0 63 0 178 75 151 1 0 1 0 0 109 166 0 99 54 
1 1 0 0 147 127 60 79 178 2 85 91 171 17 67 117 13 143 140 78 0 79 100 0 1 97 79 85 0 0 57 149 33 0 148 36 47 176 94 1 1 0 103 93 128 117 54 126 0 94 88 0 130 108 164 50 105 1 120 61 0 14 164 50 45 134 111 25 1 50 1 107 76 107 0 23 26 0 2 37 103 24 173 36 0 72 1 20 157 149 
139 0 30 1 0 51 132 1 16 4 116 152 93 78 105 15 15 94 109 155 150 143 79 1 0 123 50 37 1 1 67 33 60 9 24 175 0 70 65 167 5 0 1 1 160 1 0 154 120 60 121 160 24 150 37 69 1 20 117 0 0 113 70 159 59 1 0 143 82 129 28 26 1 1 69 158 137 58 87 174 28 0 140 48 60 159 122 143 175 136 
71 7 118 25 52 0 1 1 173 22 58 156 34 161 81 134 0 0 1 20 48 145 126 74 60 99 17 138 88 16 31 63 39 1 66 114 29 32 121 0 3 13 70 38 122 1 34 80 82 162 0 0 100 0 0 49 51 1 77 1 160 167 148 118 102 38 18 134 29 91 1 1 40 59 80 159 1 170 61 123 58 97 97 42 11 151 90 113 0 44 
1 1 112 138 23 100 0 31 73 65 20 167 14 68 0 0 0 113 0 38 175 10 158 50 68 123 135 20 176 1 169 149 0 30 149 34 25 136 130 56 68 18 165 0 43 118 100 82 152 98 176 4 86 42 0 58 43 53 35 1 141 174 143 153 0 64 130 102 42 80 18 78 37 1 35 9 61 20 0 0 25 135 133 33 51 110 0 128 46 98 
33 56 19 5 112 40 1 0 98 29 121 55 98 20 168 132 111 1 106 113 129 77 140 110 0 117 0 169 1 55 33 42 0 68 156 68 121 157 57 78 39 136 14 122 11 112 169 34 31 75 48 150 49 84 0 163 40 111 90 0 1 26 9 51 132 10 52 72 139 0 15 14 95 1 5 38 5 67 94 78 0 83 169 1 170 1 1 24 68 131 
145 0 13 167 61 160 64 91 0 160 64 7 0 126 59 37 169 1 1 83 29 136 109 101 157 77 5 0 0 164 89 161 1 91 1 174 120 122 15 45 1 152 57 33 179 140 98 14 1 26 114 167 29 97 59 161 99 172 77 86 1 163 81 128 153 61 127 174 66 80 135 67 153 49 178 117 52 0 58 77 116 67 13 0 176 117 0 51 148 1 
154 52 37 105 0 0 0 140 94 0 134 1 1 92 94 1 1 1 47 173 127 159 37 44 158 72 0 170 159 122 140 25 5 0 31 0 137 46 132 21 0 132 161 19 80 52 65 8 69 39 98 77 96 123 54 0 167 0 157 147 77 35 1 157 1 1 13 137 0 156 162 0 99 6 0 1 176 79 101 159 0 1 87 100 157 37 58 0 78 1 
53 1 43 23 92 4 0 24 124 1 0 1 111 19 1 0 34 89 34 0 105 107 156 88 25 29 87 86 0 97 0 69 38 1 1 1 136 9 93 50 62 150 1 13 56 1 1 0 4 52 69 88 57 59 74 96 112 35 124 85 0 1 60 138 169 28 1 1 119 64 11 1 12 153 50 65 85 0 110 16 42 0 82 57 127 147 109 32 19 145 
42 124 0 0 165 53 139 130 0 30 166 0 36 9 98 11 137 94 176 64 22 0 167 40 147 153 13 0 88 157 99 0 60 1 103 31 174 173 164 77 79 0 3 173 68 94 54 91 2 91 46 135 19 167 136 56 146 174 95 136 15 142 153 1 41 113 29 0 132 80 178 1 125 125 100 100 39 130 0 78 36 1 78 87 89 177 18 1 0 59 
162 1 156 96 110 124 67 6 147 27 2 76 0 148 170 173 154 164 130 69 144 56 32 0 97 129 168 50 31 81 38 178 23 1 103 158 53 177 34 0 155 78 161 1 81 22 105 31 1 1 47 155 65 149 0 174 0 0 57 48 59 0 177 79 169 132 0 1 1 1 0 1 41 3 94 1 63 132 24 151 108 9 1 1 73 1 26 138 54 5 
0 54 115 122 1 141 146 96 122 76 100 70 85 0 76 147 94 1 66 115 12 52 164 116 18 1 0 108 158 163 140 71 88 37 18 96 79 8 48 64 157 31 30 83 1 48 141 175 152 74 96 125 1 41 38 163 140 82 7 18 66 151 65 124 147 58 161 128 126 148 136 8 167 0 141 100 179 77 95 62 129 1 86 78 104 0 8 117 1 128 
167 39 104 22 50 163 37 1 127 99 20 1 14 176 0 1 0 116 1 1 1 0 73 0 177 100 87 30 130 91 64 53 1 0 9 14 69 172 52 100 117 131 1 14 1 1 167 0 128 17 164 171 20 5 0 110 86 159 104 19 29 160 129 110 78 21 130 86 1 133 32 147 0 159 125 170 163 73 104 1 100 177 31 1 85 12 143 154 62 40 
4 69 0 1 49 103 1 105 1 135 139 40 0 0 62 0 98 135 42 172 5 0 167 0 65 119 117 0 89 140 15 0 165 33 98 124 61 54 125 25 1 8 177 134 97 149 52 99 91 1 45 23 37 43 48 141 81 63 1 73 27 99 83 0 80 174 145 75 30 0 0 151 84 143 168 1 165 88 26 39 158 83 174 152 174 0 179 80 58 71 
26 12 7 57 107 1 0 165 119 143 100 165 0 1 1 36 0 81 9 12 115 83 104 12 94 111 165 146 147 5 0 162 179 130 0 132 159 151 0 1 0 0 43 179 1 150 1 0 131 1 0 45 168 85 120 0 9 116 119 1 122 120 1 123 123 15 105 15 141 137 70 36 1 0 1 28 22 119 44 1 28 1 19 63 1 50 1 0 0 1 
111 0 123 9 97 0 164 38 99 57 130 64 74 1 70 172 55 0 143 36 59 45 0 145 51 136 73 153 150 55 43 112 71 123 102 167 88 1 0 171 8 67 19 74 81 57 120 159 0 134 0 67 1 161 1 0 40 0 1 10 126 170 161 1 61 1 173 118 153 108 40 0 113 178 0 0 15 23 156 105 98 1 50 12 71 37 1 121 0 70 
136 60 1 138 125 1 139 0 0 171 0 146 0 127 16 0 56 72 0 0 1 31 0 0 93 1 0 1 129 107 41 19 75 0 103 1 0 157 148 123 157 143 149 152 76 29 128 30 124 79 125 113 144 137 162 1 1 111 64 89 29 48 130 1 16 14 85 166 85 161 137 148 101 0 147 23 30 2 2 141 116 105 1 110 105 76 0 68 157 0 
0 78 161 138 100 132 176 0 73 89 100 42 82 104 1 10 170 175 162 0 142 56 1 145 31 13 13 1 16 119 102 18 81 68 116 146 85 0 2 152 79 119 158 94 0 1 112 174 49 88 33 82 108 7 21 39 109 133 159 36 0 0 1 0 0 136 145 66 1 104 86 87 67 15 49 90 131 1 1 172 26 0 141 176 178 0 12 114 80 133 
0 0 14 73 159 166 15 153 1 88 174 175 76 0 1 11 2 1 113 0 0 76 35 0 35 108 156 177 1 0 98 42 0 10 132 0 163 154 41 94 0 53 176 99 1 61 43 113 170 0 65 63 0 36 36 21 99 16 106 4 179 159 77 55 109 0 143 179 155 0 178 1 44 83 170 60 111 32 89 137 130 152 1 67 66 44 122 76 0 29 
93 134 82 90 140 1 139 53 1 104 6 0 30 129 1 1 38 170 0 0 20 0 0 4 173 91 169 127 53 47 1 56 34 77 1 0 51 170 36 5 73 32 0 42 135 141 67 163 1 90 20 44 1 1 51 156 142 9 61 70 65 96 35 81 1 30 81 0 103 155 0 0 179 31 88 60 0 84 7 102 164 151 135 51 36 0 19 7 1 104 
113 1 74 104 59 27 0 0 7 79 42 120 30 107 1 1 22 88 0 51 136 63 0 47 60 1 157 1 54 7 147 27 161 1 79 58 0 1 0 139 175 158 106 0 36 64 0 166 42 109 19 118 93 1 44 147 100 41 1 83 111 0 0 101 51 0 81 133 62 115 122 51 80 8 174 0 140 123 0 1 1 81 20 150 152 56 1 67 134 104 
121 63 159 0 44 36 165 95 62 0 24 1 58 148 1 20 1 87 93 1 178 112 80 0 1 28 142 102 63 78 143 53 105 103 1 169 56 0 1 100 1 1 93 75 174 102 80 94 153 57 20 1 134 165 114 0 161 104 132 0 107 0 102 1 60 134 1 131 176 6 165 1 120 1 162 80 51 13 94 164 65 1 60 103 79 1 59 44 81 54 
120 65 99 154 178 6 37 145 0 133 89 28 128 25 135 95 43 0 111 7 69 13 147 162 0 0 1 0 45 123 0 17 61 19 47 46 1 169 96 63 1 0 1 158 39 141 173 1 25 117 97 1 1 24 149 122 171 2 78 0 26 1 51 138 0 9 25 62 6 139 50 76 156 0 96 1 59 1 72 0 0 1 70 0 1 107 163 8 52 1 
101 1 147 18 0 97 1 0 36 1 1 119 77 128 17 70 59 0 120 82 117 142 100 50 38 0 169 3 13 84 70 23 92 84 160 75 48 161 5 0 39 78 107 82 47 0 44 114 0 1 1 58 117 1 175 0 102 148 150 96 55 77 139 85 38 0 120 44 70 1 126 113 1 15 1 24 98 58 9 21 71 23 154 127 56 0 28 1 74 0 
124 11 179 131 0 145 0 71 1 80 1 56 1 43 59 115 62 30 119 0 1 1 18 139 151 96 0 152 48 116 81 0 71 103 1 103 104 84 20 52 0 81 86 178 158 57 120 155 132 29 156 120 27 46 148 1 92 71 143 1 137 159 12 149 98 1 103 0 0 113 146 44 76 127 132 0 97 46 11 156 38 142 63 64 75 124 2 143 173 1 
125 55 61 4 5 1 19 129 82 0 128 110 155 0 134 126 118 128 1 113 1 1 0 121 53 0 0 0 141 136 83 0 34 158 1 157 42 63 177 6 174 115 98 0 111 66 0 44 150 83 159 0 92 44 178 177 131 3 60 29 59 173 0 141 55 147 103 1 11 17 1 66 0 10 0 115 84 40 62 95 1 85 122 62 41 149 169 24 67 155 
129 0 0 6 142 43 1 1 107 146 0 0 20 1 101 1 0 128 45 48 50 13 2 67 153 9 66 118 0 0 66 134 1 40 142 80 92 85 0 67 6 1 88 116 114 13 161 123 0 174 27 80 0 101 144 42 161 47 135 0 8 43 1 18 13 168 59 109 176 127 30 0 1 0 43 109 110 39 0 112 97 93 53 65 40 7 1 155 0 0 
1 158 161 159 5 159 48 18 7 0 1 64 102 42 89 112 41 72 2 57 13 84 0 146 0 155 114 89 4 0 148 0 0 53 154 138 77 175 176 118 46 1 127 0 119 37 1 134 177 106 170 110 45 1 168 114 92 7 17 170 130 0 100 0 0 167 29 0 118 134 173 81 1 161 167 6 67 1 1 0 1 167 44 48 175 34 77 1 174 16 
0 11 21 0 6 20 91 38 15 172 97 83 6 0 83 72 56 0 167 161 51 55 103 1 162 62 178 0 134 80 0 176 22 156 107 127 73 28 50 0 0 1 39 1 81 117 0 1 88 0 98 27 138 177 0 1 62 1 32 41 116 105 8 0 1 151 75 150 160 137 0 144 68 164 1 1 157 138 104 1 47 77 0 159 0 1 25 1 120 174 
161 117 121 114 155 80 38 48 92 70 1 6 20 74 0 112 39 154 1 94 154 119 89 18 26 111 0 27 107 1 55 0 0 0 71 55 84 0 45 33 115 57 27 8 0 170 101 146 179 30 24 1 126 53 1 0 0 39 105 118 75 170 1 137 106 7 27 0 158 1 0 127 22 20 42 40 99 136 92 0 176 85 115 177 149 0 125 1 73 3 
1 105 117 11 83 57 12 91 171 15 166 50 104 136 120 109 28 127 156 41 177 43 15 92 1 120 127 51 174 0 1 22 0 0 0 78 154 161 1 147 163 1 31 178 0 0 1 91 93 174 60 0 73 52 95 1 1 4 0 60 40 173 130 2 133 169 1 0 76 14 148 175 125 114 80 32 0 1 109 172 142 0 113 133 24 12 3 16 55 26 
0 70 65 1 0 0 127 20 0 39 11 0 16 165 135 135 140 46 107 159 155 118 119 63 158 53 1 165 0 118 32 1 178 0 1 137 138 78 64 107 0 144 0 21 1 75 44 164 64 0 30 74 22 0 164 113 108 103 60 88 153 75 1 102 74 62 167 133 179 160 174 105 0 146 165 97 1 1 108 0 174 67 123 162 0 0 108 19 7 154 
0 65 14 177 110 0 1 133 8 0 126 157 59 56 78 26 177 34 143 0 128 140 107 88 1 69 164 113 1 2 76 128 38 111 0 35 121 147 163 89 10 152 0 138 1 87 46 155 141 175 1 1 62 116 84 0 168 71 133 24 100 70 8 0 67 16 1 94 94 140 111 65 49 62 1 74 47 75 132 144 134 119 65 22 66 108 0 1 0 50 
5 26 103 131 1 143 167 40 126 152 127 31 150 55 1 51 1 40 38 145 103 83 19 0 83 109 71 1 177 161 144 0 53 92 95 0 88 3 1 1 0 125 0 114 1 65 141 8 57 1 26 130 15 1 119 56 16 64 86 58 23 40 176 89 78 37 110 0 99 1 141 123 1 105 48 172 77 0 1 9 163 17 175 152 115 42 13 0 150 18 
33 1 111 49 5 1 89 0 0 3 179 46 0 108 45 117 126 20 16 126 99 64 9 97 87 175 127 140 62 73 117 156 18 128 148 9 0 43 46 1 128 25 1 158 136 97 27 146 148 0 1 54 63 17 1 71 0 1 10 95 145 0 58 0 49 51 0 1 149 0 166 89 1 122 94 28 48 145 0 96 88 0 35 84 1 0 93 14 97 98 
64 32 74 143 90 1 48 78 179 171 102 84 115 48 154 175 104 0 100 168 87 0 14 23 0 174 0 126 167 105 0 0 117 1 94 1 16 0 1 170 31 124 8 133 92 169 68 65 73 144 6 55 82 15 130 0 1 91 29 65 145 0 117 124 118 8 0 172 1 149 85 171 72 1 62 117 97 141 1 57 7 74 0 99 35 15 11 0 1 82 
0 104 24 1 175 112 171 169 18 166 145 23 38 28 112 8 106 49 5 96 116 88 12 0 55 164 4 10 1 157 105 65 150 1 94 87 126 27 0 1 127 135 129 1 149 16 118 80 51 179 125 104 1 137 48 117 79 25 1 69 100 86 0 1 7 161 119 176 122 28 0 26 133 33 36 163 127 0 0 69 145 81 101 35 107 104 1 132 12 48 
54 110 133 74 1 126 62 32 126 1 169 1 103 68 109 1 74 118 1 0 142 86 133 73 120 0 81 17 0 1 102 32 33 69 120 11 137 162 168 0 73 158 43 111 137 13 165 140 158 56 20 95 36 116 150 1 1 1 155 1 171 122 12 157 175 11 31 62 48 117 0 33 0 0 150 1 111 0 17 17 0 1 122 167 1 27 59 21 149 161 
102 137 64 19 119 155 98 1 124 1 36 138 156 113 70 160 1 22 4 114 17 1 74 57 166 1 117 3 123 1 6 73 98 86 0 122 65 127 0 0 0 0 0 96 102 134 163 72 147 69 83 1 113 1 111 55 11 110 179 0 160 128 139 126 150 0 125 31 2 85 0 132 61 11 96 6 84 87 0 48 1 177 33 1 179 119 93 77 1 3 
86 164 52 1 0 1 173 0 59 149 19 108 145 56 0 1 17 75 0 1 0 0 3 78 60 63 1 156 105 132 24 173 152 0 1 0 143 1 49 105 1 0 146 0 83 35 34 30 108 150 119 134 172 124 82 1 123 1 157 1 0 0 86 34 159 41 106 139 145 163 92 0 11 100 0 165 1 27 77 101 174 177 0 128 158 110 38 78 0 169 
24 10 167 6 169 123 80 172 0 129 52 85 1 112 48 70 147 126 38 82 45 125 147 4 86 147 82 132 16 173 115 1 69 75 129 72 1 74 0 135 73 152 0 92 136 60 8 57 103 164 86 1 70 72 161 30 177 1 14 0 1 18 132 88 154 131 74 120 162 22 112 0 85 41 143 0 69 110 90 19 77 46 0 163 11 76 76 131 1 170 
133 43 61 46 29 148 107 160 1 1 126 130 147 128 135 1 162 109 166 1 1 1 163 0 63 1 18 18 30 161 109 125 1 0 1 97 50 42 1 178 155 145 7 0 24 53 145 1 1 0 30 35 0 49 151 178 37 103 83 158 52 147 118 142 0 98 0 78 11 0 0 41 0 34 17 99 0 71 153 0 1 103 0 143 108 108 22 133 96 19 
52 76 127 0 20 1 106 127 109 9 2 83 82 41 37 157 51 1 0 10 87 1 1 53 105 8 17 127 0 63 98 27 4 3 144 146 92 38 1 142 23 37 70 143 0 1 1 1 146 143 105 86 0 162 143 76 144 89 78 98 52 99 115 1 39 107 117 132 29 1 76 1 130 0 61 1 1 149 27 95 0 166 64 2 141 102 137 2 113 1 
90 1 63 157 163 129 21 0 0 8 3 3 0 0 175 49 144 25 8 0 138 39 87 104 166 19 1 171 91 109 1 37 34 172 0 109 97 138 1 0 104 90 150 49 1 0 67 23 23 9 21 82 77 150 53 96 35 1 128 35 1 112 11 166 98 0 176 145 41 121 67 144 81 45 154 124 108 171 82 59 1 176 131 82 139 97 67 171 176 159 
13 30 15 171 139 47 175 105 0 135 58 61 1 0 103 151 123 163 97 13 30 72 0 6 1 145 92 51 0 0 64 119 1 157 80 0 0 171 173 174 6 14 120 0 28 1 0 0 121 174 152 1 85 52 61 22 0 1 131 169 160 26 1 56 1 1 166 106 47 0 1 178 38 118 1 0 70 0 117 167 15 172 22 73 79 15 137 0 0 18 
1 55 155 112 145 73 51 0 1 22 1 0 139 1 67 159 58 54 93 119 127 66 100 164 91 147 44 119 0 38 0 172 60 5 61 0 63 161 112 0 52 1 165 154 69 36 12 0 30 32 144 0 1 129 167 21 1 171 114 1 52 136 70 143 1 0 1 87 71 135 17 0 1 106 15 34 164 111 78 1 1 5 1 55 149 35 51 105 40 146 
42 0 65 40 86 124 139 43 0 79 81 158 3 129 1 1 45 0 16 1 13 140 163 1 45 0 117 0 168 118 0 139 165 122 22 28 115 55 110 41 1 69 74 140 166 81 68 63 0 64 117 147 107 163 32 8 137 94 76 134 0 113 1 44 174 0 133 2 39 39 77 43 95 1 137 155 56 169 132 55 174 0 179 78 156 17 54 121 124 11 
171 28 0 63 24 35 49 176 1 138 156 10 113 54 161 0 81 0 40 89 0 34 108 176 172 120 150 1 59 0 78 150 144 78 0 1 1 0 1 67 112 168 1 136 17 0 1 0 1 0 0 16 0 52 125 1 158 21 1 169 124 134 114 0 171 106 162 1 91 131 43 0 174 87 109 1 0 10 152 146 45 93 179 87 81 95 1 0 176 24 
158 163 1 53 78 58 78 166 97 0 54 99 64 93 136 51 170 134 4 136 47 133 14 110 21 18 136 1 63 39 36 18 95 70 1 171 1 107 33 1 84 39 95 60 1 123 0 0 92 94 0 99 49 0 1 141 9 116 1 0 15 94 34 100 25 1 0 96 2 85 0 84 148 169 156 41 99 146 81 101 0 1 5 137 59 0 44 117 1 43 
0 67 95 53 162 16 1 154 107 162 1 0 59 45 137 113 7 29 4 56 102 15 170 117 52 176 105 33 89 1 1 101 133 5 57 6 0 1 25 0 60 10 27 102 4 4 112 1 171 1 108 0 176 0 112 66 121 76 151 28 1 172 1 1 1 35 43 1 0 1 68 12 1 18 0 70 146 99 115 1 163 77 1 89 0 143 171 161 32 1 
174 1 3 44 177 58 68 59 91 0 70 0 2 165 37 138 134 6 1 76 116 146 73 0 1 0 162 138 144 1 1 173 23 67 109 108 116 146 177 17 1 19 173 135 92 137 5 24 1 0 13 76 0 81 151 163 108 1 87 103 0 32 101 136 35 1 176 163 93 10 34 0 88 64 95 0 0 132 15 88 0 78 1 12 63 165 70 96 0 109 
149 63 83 50 63 105 104 152 122 36 0 136 106 102 79 115 39 148 42 15 26 0 122 143 72 2 0 93 7 21 0 0 56 108 0 17 8 156 0 138 82 1 6 161 34 0 47 152 129 146 40 77 175 0 70 0 122 110 101 43 132 1 151 94 110 72 134 1 147 1 117 147 178 1 38 75 6 146 32 7 86 105 7 72 23 0 173 25 12 104 
97 27 161 65 0 111 80 14 147 12 1 0 110 93 6 85 0 1 157 98 158 26 0 0 79 88 39 123 51 175 158 94 67 48 38 0 1 61 148 92 0 140 106 0 1 0 1 134 160 128 0 0 158 29 0 47 137 64 79 15 53 8 174 127 120 128 106 84 0 0 80 168 154 0 121 1 176 120 114 63 122 172 142 103 162 125 26 110 49 160 
145 0 13 0 52 58 122 74 1 10 179 65 128 124 1 0 2 17 5 32 1 106 17 117 162 2 1 68 13 66 157 122 122 9 114 0 1 142 130 47 85 1 1 65 167 0 113 122 119 153 74 157 168 21 153 0 1 57 34 1 143 41 43 99 97 0 178 63 42 109 84 146 74 120 167 91 0 96 137 52 30 32 136 115 153 1 144 141 177 157 
102 0 85 175 123 88 1 128 127 0 46 115 40 115 170 132 179 61 1 36 122 152 1 151 58 123 1 139 110 31 105 136 133 46 55 55 162 153 41 76 0 0 33 176 163 50 74 109 1 169 89 143 57 32 161 9 0 0 94 62 45 144 0 16 45 0 54 161 0 21 89 22 1 83 172 1 175 1 40 31 0 92 98 125 74 82 7 152 17 153 
70 0 85 0 59 52 119 146 97 0 73 38 55 122 0 151 142 39 28 172 154 0 95 148 1 121 18 30 49 125 1 66 101 2 57 96 136 93 155 59 30 45 53 159 13 0 12 1 1 0 70 0 1 0 85 31 151 0 66 48 3 48 104 172 51 0 129 161 0 1 67 168 149 129 121 44 47 173 60 44 163 85 123 0 124 84 130 54 160 114 
15 1 93 43 42 41 149 32 56 0 0 80 92 154 104 120 1 117 161 39 1 176 136 56 10 12 143 54 120 1 1 107 21 166 0 0 121 49 94 127 168 171 167 49 0 41 143 113 144 53 160 142 176 1 75 31 133 7 0 169 115 1 20 130 137 150 140 94 0 0 0 0 89 103 161 171 126 1 76 160 68 99 105 97 114 109 32 94 1 155 
1 6 102 156 1 98 152 0 1 31 110 6 3 0 139 132 60 1 97 174 167 1 50 96 154 0 6 0 136 114 62 92 0 0 10 37 3 0 8 1 1 46 149 1 118 17 161 146 137 129 50 0 1 168 65 9 1 1 0 0 54 140 10 0 0 27 119 0 1 25 0 71 17 159 13 176 134 43 154 70 49 172 5 11 21 127 142 127 61 178 
42 48 0 28 101 103 29 16 87 139 1 102 3 151 86 5 0 1 1 81 42 67 145 87 135 39 23 62 140 124 71 62 11 144 0 72 151 48 25 36 84 15 167 80 14 160 110 80 179 1 55 51 1 39 157 162 52 46 128 1 0 142 164 0 94 161 94 68 108 154 94 129 6 148 1 110 76 102 0 0 174 128 0 1 66 37 69 44 0 116 
171 0 143 90 0 3 141 22 1 39 162 132 93 18 110 110 77 143 54 157 79 1 0 134 0 8 41 96 81 16 13 1 1 23 27 99 75 37 176 15 1 48 124 104 54 0 64 101 0 130 0 158 0 1 128 178 132 141 115 155 0 0 155 129 99 6 1 164 86 122 9 19 146 73 1 119 1 120 134 135 51 114 39 0 65 29 5 1 1 28 
1 77 59 13 129 74 93 25 145 0 97 171 58 1 162 94 117 176 51 63 57 168 173 1 59 157 61 1 120 55 0 89 122 4 1 155 145 36 32 1 1 136 35 70 66 96 128 1 75 72 0 0 109 130 23 115 21 31 82 48 0 1 0 1 0 18 5 3 144 0 66 57 1 120 89 64 135 26 94 167 48 65 0 132 36 136 43 0 59 109 
40 94 51 122 17 176 101 0 16 163 152 157 102 117 37 0 130 18 114 44 1 84 167 165 116 165 0 56 53 7 37 41 1 0 81 0 169 0 56 67 136 0 1 43 76 140 34 89 130 40 1 0 1 132 68 0 52 165 110 14 0 43 1 0 11 178 146 0 10 27 65 31 59 0 163 64 121 99 133 142 0 1 0 176 69 134 39 42 62 43 
47 0 55 101 72 79 7 173 0 1 170 58 54 38 117 31 172 0 160 1 1 116 116 149 51 40 32 83 167 153 29 139 1 157 74 43 166 109 93 112 98 68 110 57 14 88 63 40 1 1 26 79 104 120 0 78 15 0 49 0 62 9 110 68 0 99 1 83 127 126 158 116 0 64 171 164 3 76 0 0 46 125 101 67 9 0 101 9 126 161 
15 107 38 1 13 137 54 105 124 135 38 10 117 109 96 146 1 102 75 115 119 43 12 74 12 120 105 154 0 138 73 56 32 103 176 47 135 54 112 99 1 58 70 75 120 135 109 57 171 45 49 33 0 117 29 91 160 153 23 167 54 0 177 1 72 0 175 60 122 50 160 1 124 124 67 11 124 2 80 77 22 0 1 143 163 1 2 15 53 1 
50 1 119 1 89 71 1 0 72 172 115 106 21 1 25 105 131 97 41 0 64 83 114 96 0 117 139 80 0 46 0 50 1 0 123 1 97 170 20 10 174 157 75 175 125 174 144 8 105 82 47 53 0 1 118 43 176 59 99 150 118 1 0 88 127 0 0 108 88 173 120 133 154 30 90 34 1 173 72 123 0 43 31 17 1 8 89 0 21 38 
93 107 77 48 141 104 45 170 28 3 76 22 68 134 116 123 64 67 99 1 80 58 0 85 74 108 64 0 46 139 89 25 0 67 0 56 0 0 18 8 171 0 90 124 99 66 28 109 0 114 98 68 16 167 152 179 163 61 38 0 121 1 64 92 159 83 111 0 89 1 1 1 81 78 2 75 127 117 158 1 63 2 126 1 45 1 174 167 51 5 
97 165 11 1 0 114 0 75 1 178 98 73 0 160 75 5 121 0 13 1 41 132 28 94 111 62 17 1 143 0 168 73 149 28 48 175 175 97 127 0 89 99 138 1 79 1 150 15 139 0 72 45 0 91 47 37 58 101 96 1 130 87 0 170 158 170 109 134 0 0 135 162 125 75 1 0 78 24 0 160 133 38 114 1 102 28 75 169 152 103 
0 28 116 11 42 48 112 67 88 106 140 56 69 149 0 28 157 105 109 1 1 115 58 1 0 146 96 43 113 0 50 124 131 100 47 3 148 147 57 100 4 0 1 82 6 129 4 1 4 172 45 179 85 159 117 42 143 164 24 35 99 98 83 40 14 81 52 21 0 0 1 70 85 51 38 128 128 139 126 0 1 129 120 30 1 1 3 77 128 137 
49 12 119 45 179 154 52 61 76 0 156 88 74 95 90 131 61 3 65 122 124 24 133 1 126 137 65 90 170 151 83 0 120 38 123 70 116 166 1 141 1 1 0 98 43 105 177 146 1 108 24 1 0 163 0 42 1 1 35 25 116 74 123 64 130 51 26 178 15 35 0 130 1 163 0 98 0 41 4 17 164 1 31 42 1 32 7 84 38 59 
16 80 91 129 43 169 47 176 21 0 80 28 140 29 106 117 128 146 172 0 67 14 149 177 58 12 0 3 153 100 43 5 0 106 1 82 26 152 39 151 1 177 0 142 107 0 89 95 171 131 0 118 76 164 71 158 0 142 84 57 61 0 124 24 135 1 1 90 168 140 62 0 79 159 65 1 0 0 21 174 1 80 14 176 155 100 118 0 109 104 
106 0 21 1 93 1 7 0 25 147 150 0 167 62 0 0 31 124 31 43 99 92 147 13 137 141 51 122 1 97 1 10 84 1 80 1 129 75 1 152 1 92 105 45 20 0 25 5 13 29 30 0 44 105 6 124 4 179 1 177 0 42 171 119 38 164 150 2 3 95 63 20 0 70 169 76 67 35 112 1 33 86 139 1 1 133 99 71 155 138 
38 87 159 0 125 178 96 67 82 1 173 114 0 144 0 0 116 76 126 60 88 125 63 37 77 0 100 53 105 1 101 94 0 117 46 15 95 101 14 86 2 135 0 43 1 135 0 167 157 0 93 114 3 119 25 133 55 25 146 114 0 98 0 164 6 0 45 165 145 8 37 1 8 0 138 81 49 59 114 1 171 117 47 20 0 1 1 40 26 0 
40 160 99 64 126 13 76 1 55 128 1 129 61 32 64 30 153 161 90 1 104 109 10 172 2 69 34 86 111 175 1 1 65 6 1 175 176 5 57 168 161 31 1 105 134 179 21 0 72 151 1 41 56 112 13 153 65 166 44 47 1 51 78 120 128 0 1 21 123 61 0 169 52 135 0 151 27 138 1 0 69 139 0 22 75 0 137 4 70 130 
123 97 87 74 1 56 119 120 1 113 18 110 60 0 86 10 1 25 66 1 1 144 119 63 102 0 20 132 146 34 92 120 99 9 57 96 45 118 30 87 88 50 2 1 0 21 139 55 152 42 3 1 77 39 172 0 11 105 134 72 0 124 78 1 134 0 94 1 0 15 0 0 161 97 36 0 122 1 1 21 106 0 13 40 68 66 35 68 167 159 
1 92 66 1 1 116 133 27 36 32 0 39 34 1 155 165 0 70 15 90 1 1 108 123 78 140 141 172 144 79 151 25 1 15 14 161 178 80 43 1 0 24 161 3 129 169 0 0 40 55 131 8 30 46 3 137 92 71 51 174 72 1 72 170 120 1 26 77 160 1 39 29 22 81 1 91 0 16 16 94 6 0 176 172 156 1 1 64 1 33 
27 1 133 117 1 0 135 59 73 57 156 111 56 96 124 22 132 1 92 0 0 119 1 97 98 1 176 18 152 163 47 43 14 149 111 1 50 1 88 25 139 168 113 62 100 169 0 73 69 0 140 1 161 55 92 168 0 69 0 169 67 1 1 110 152 39 55 161 14 1 1 1 1 36 1 80 22 0 1 18 124 21 31 0 0 41 30 27 144 1 
12 175 109 56 177 20 116 0 95 41 112 37 1 164 161 126 0 18 9 124 100 110 1 109 88 120 0 0 77 1 121 130 8 85 171 1 0 127 1 40 87 0 20 118 80 175 172 174 0 1 0 1 119 0 52 1 144 1 15 90 110 109 54 58 144 1 0 118 26 79 136 20 15 143 40 9 166 142 0 119 44 48 122 27 1 1 1 91 0 31 
17 162 57 0 78 110 6 98 87 3 50 58 1 84 149 0 70 133 64 127 87 87 100 29 88 177 63 81 143 140 128 130 35 1 15 0 1 1 10 162 69 64 130 0 48 113 79 15 152 148 27 1 176 95 1 72 77 158 149 0 98 1 0 0 1 114 138 0 78 68 0 96 143 151 67 0 0 12 27 0 78 164 0 132 0 11 51 0 14 150 
158 62 23 0 168 159 70 163 1 171 29 90 156 59 170 1 13 1 173 25 162 0 166 0 101 85 3 108 1 143 75 1 152 141 32 1 1 139 68 43 12 86 52 54 159 123 119 136 138 102 147 0 1 49 95 117 23 76 172 0 18 167 47 36 74 168 20 35 1 0 0 126 19 28 126 111 119 83 9 0 0 1 128 47 35 103 34 65 173 81 
28 1 145 1 39 77 61 171 62 20 94 1 129 165 1 0 0 0 110 1 26 63 91 0 40 0 0 101 44 144 48 19 30 116 1 85 67 108 129 66 173 122 142 171 19 1 15 0 1 56 1 12 1 0 112 131 23 162 0 7 103 98 1 176 132 69 165 148 13 4 143 1 0 91 71 3 167 1 178 154 176 0 102 1 0 85 149 5 0 63 
177 159 175 1 0 111 0 63 1 154 158 109 1 12 64 60 1 1 67 1 164 65 121 22 76 67 105 0 145 39 53 10 135 0 167 49 167 137 1 177 0 89 1 136 43 148 117 113 25 143 17 84 86 160 37 173 79 134 6 75 112 27 1 23 1 116 22 0 90 28 124 172 0 1 131 53 54 13 75 81 1 1 0 162 84 135 1 64 56 1 
1 27 57 168 6 109 57 170 0 59 1 165 28 140 57 1 0 112 77 83 10 19 90 152 28 10 178 121 34 173 126 82 117 31 1 30 74 64 174 0 126 48 160 134 54 96 83 0 0 157 168 96 91 0 132 85 14 0 148 2 1 108 170 172 93 62 157 55 136 55 118 50 129 74 9 0 149 178 72 177 113 1 59 0 1 0 58 120 1 17 
1 1 23 103 155 164 0 78 66 55 1 18 109 108 118 0 41 0 178 1 1 0 1 0 18 81 23 76 47 61 157 82 30 76 1 124 136 86 43 46 0 106 41 7 153 43 177 39 0 34 50 0 1 82 125 82 70 84 1 128 114 95 62 141 1 64 57 1 26 0 1 177 0 44 152 95 1 14 30 133 0 66 179 1 0 112 163 44 52 100 
134 33 1 146 151 0 179 101 22 0 147 0 171 109 92 162 79 21 151 15 53 128 1 133 62 40 92 1 139 108 0 111 1 13 0 15 153 65 129 65 41 123 156 0 114 0 1 0 130 171 51 1 1 0 95 27 1 128 140 178 21 5 1 156 5 1 168 113 93 125 27 1 72 1 41 132 96 1 115 40 24 135 63 41 0 0 0 179 1 0 
137 166 39 86 37 57 3 30 32 88 109 64 12 48 90 20 93 1 166 0 124 76 110 0 128 33 164 1 88 143 7 7 84 69 1 136 134 173 128 37 1 106 147 0 61 0 57 1 53 101 44 0 165 123 153 42 34 82 105 52 1 103 21 34 97 1 41 19 112 106 178 126 82 173 77 0 2 0 147 171 139 82 125 19 0 90 0 100 0 57 
176 159 164 1 110 1 17 110 0 9 100 132 168 158 1 121 129 28 51 1 111 49 0 158 128 1 0 171 0 53 152 1 80 23 0 49 32 0 122 134 9 1 1 99 48 97 0 69 101 154 59 146 0 26 29 1 55 0 153 37 89 95 99 0 177 29 178 145 1 79 107 93 37 51 1 78 161 55 85 177 91 102 0 156 32 102 0 0 147 85 
1 90 78 89 48 134 51 94 119 175 100 0 0 56 78 1 64 57 54 93 58 16 9 1 165 1 178 122 16 38 89 24 56 1 159 8 1 86 49 0 31 72 20 167 41 41 158 10 112 143 1 73 123 89 7 155 74 131 107 123 25 177 118 166 43 18 0 14 0 90 113 147 0 100 27 43 142 178 32 96 52 0 140 0 81 46 4 77 0 1 
87 84 153 33 0 1 91 31 1 24 141 132 28 49 109 86 1 99 174 17 14 93 69 106 14 117 0 0 98 155 0 46 78 9 158 115 19 139 59 83 106 1 117 41 122 152 1 0 154 110 44 92 54 159 176 5 130 0 54 49 1 140 0 13 61 103 109 0 42 40 168 162 143 129 55 79 1 142 0 82 11 92 153 103 87 100 19 0 164 0 
