1
90
0 177 0 4 99 170 14 18 159 37 177 97 101 84 120 160 1 78 91 87 47 142 163 26 1 1 1 161 0 102 31 171 175 62 142 96 1 141 25 119 121 48 64 36 55 0 132 1 1 0 125 1 142 96 14 0 48 113 100 0 1 16 166 0 135 1 0 142 172 1 19 122 0 25 16 168 68 69 0 120 35 175 139 82 168 158 58 122 93 0 
179 0 104 32 0 148 0 134 157 13 157 116 23 0 129 149 33 1 55 29 96 171 39 21 1 174 117 8 1 19 89 152 0 81 12 107 131 174 94 159 74 14 120 137 162 1 125 123 179 150 1 0 131 79 167 118 14 170 179 11 1 58 0 51 111 178 43 62 5 66 1 133 2 54 1 34 139 66 1 171 16 170 46 89 67 0 172 122 1 145 
142 7 0 60 27 144 45 55 153 170 19 119 122 1 128 65 1 164 91 32 58 0 113 148 1 41 92 60 1 106 1 59 75 105 0 35 68 1 68 0 1 175 81 1 0 110 0 52 1 112 9 61 143 111 160 54 170 14 0 142 30 1 170 25 145 124 0 1 0 155 10 177 5 1 47 152 135 26 0 71 139 154 98 54 67 8 77 30 98 156 
0 142 164 0 1 169 45 1 179 3 1 52 164 72 1 101 136 1 38 98 134 77 0 134 70 107 155 1 1 0 82 18 69 0 5 1 165 145 106 34 0 0 0 179 107 71 62 0 45 46 0 122 0 133 156 151 164 122 83 169 159 0 37 81 174 142 152 28 0 176 54 149 142 0 121 1 28 1 8 164 163 16 1 0 0 170 75 155 12 56 
39 139 155 2 0 0 131 130 77 178 136 113 16 0 154 81 1 1 0 20 99 51 157 20 47 159 112 17 98 30 161 175 1 0 65 1 169 122 51 0 0 30 0 112 0 132 99 167 43 0 38 169 106 18 1 116 24 72 0 129 101 53 127 108 79 16 91 79 74 16 115 105 0 3 165 67 168 108 136 1 26 142 19 167 43 147 125 43 25 80 
44 63 118 81 178 0 0 60 19 28 8 126 0 1 130 106 129 82 1 82 15 110 7 97 19 34 65 75 105 1 71 1 32 1 88 47 37 0 5 100 119 134 89 155 0 0 8 111 40 9 1 147 94 0 75 10 1 33 1 85 158 43 68 0 18 63 1 1 30 51 55 32 0 122 33 176 14 118 27 1 3 160 19 65 137 40 155 0 171 58 
1 14 84 0 137 111 0 101 0 1 80 60 146 35 93 0 160 150 32 59 39 142 0 27 0 158 178 0 166 70 47 0 8 51 0 0 1 155 153 104 121 96 90 1 2 12 89 155 59 0 145 130 168 1 6 126 89 0 136 85 178 83 92 148 1 39 153 33 70 169 56 1 0 137 103 5 59 105 178 61 88 112 0 103 0 0 135 151 36 23 
166 93 164 130 13 160 70 0 1 106 1 62 51 92 0 130 91 58 72 18 118 78 146 123 143 81 13 1 0 159 30 1 72 157 123 80 78 134 0 128 81 64 145 149 140 58 53 33 21 1 105 21 91 107 95 0 0 54 1 0 26 107 0 75 0 69 38 100 92 51 44 71 0 176 73 28 33 100 1 0 100 1 1 102 129 98 100 1 103 83 
1 120 10 27 1 0 171 112 0 97 155 1 4 63 64 146 75 139 106 1 0 42 110 0 10 28 1 91 130 172 154 121 95 32 56 143 160 0 0 96 47 19 1 124 66 144 53 101 1 139 178 0 17 109 1 0 0 1 62 94 142 1 0 163 110 66 30 93 17 12 30 1 1 61 153 53 106 0 107 166 1 177 15 130 0 144 48 88 0 68 
79 43 112 139 0 0 38 1 179 0 55 113 96 0 110 149 90 0 78 45 137 112 175 152 80 58 146 171 161 91 68 166 70 0 15 79 36 61 166 63 11 168 1 1 4 95 78 30 145 73 175 56 14 71 82 146 99 0 59 98 16 118 144 164 15 1 151 49 37 162 78 136 53 28 23 113 40 103 174 162 34 0 148 127 111 79 97 168 0 134 
119 1 1 146 107 85 1 176 1 0 0 0 1 92 54 1 136 143 67 133 1 156 120 76 0 105 60 154 0 105 121 51 47 139 161 85 89 19 1 26 1 53 12 143 159 77 71 86 40 134 53 140 168 156 24 1 1 18 1 1 0 131 1 1 26 119 105 171 2 1 1 52 0 1 0 150 0 157 1 33 70 174 148 1 32 71 91 30 155 121 
41 60 0 0 1 29 160 40 148 148 89 0 49 176 125 28 1 167 172 82 103 98 84 147 131 0 56 138 0 72 0 108 0 0 123 81 52 154 89 1 65 1 37 156 72 146 0 57 0 0 168 112 8 0 57 27 66 1 172 59 113 0 119 77 63 150 49 45 30 146 153 30 133 1 0 158 136 58 89 163 173 0 172 157 65 27 36 0 31 1 
51 46 162 0 0 57 117 19 121 41 90 28 0 43 143 165 26 59 1 70 80 157 122 72 1 163 79 0 5 88 168 134 165 172 61 160 0 179 176 0 66 128 53 32 5 34 1 139 90 101 64 42 172 46 70 0 164 34 44 97 121 107 71 0 163 99 1 58 145 98 53 129 1 0 1 133 0 10 91 112 118 128 149 53 94 158 112 45 165 0 
0 5 123 110 171 111 30 28 27 169 1 84 47 0 91 0 1 19 22 139 54 97 121 176 173 139 114 67 169 106 44 157 64 170 11 52 16 13 150 1 1 66 138 146 0 5 1 96 158 61 109 6 37 66 95 124 117 118 26 31 0 42 140 0 77 36 154 177 10 1 29 44 6 0 154 18 43 154 125 20 68 78 0 138 1 156 87 142 1 98 
28 118 93 100 31 124 108 86 0 155 82 165 21 1 0 111 90 0 40 87 1 145 114 11 150 139 9 23 141 130 107 88 7 37 34 54 2 131 99 1 18 53 0 111 22 0 147 1 135 158 23 0 22 119 147 24 70 122 21 73 27 39 170 0 140 0 0 118 139 1 1 108 70 88 101 113 106 0 35 115 90 177 59 38 48 0 75 29 93 34 
57 76 1 33 18 10 153 144 23 160 152 173 14 1 0 0 120 157 21 0 0 131 107 30 123 65 149 1 48 141 1 82 174 17 147 1 84 3 0 146 72 144 128 105 147 26 129 79 48 116 2 171 126 113 22 53 84 149 148 0 60 95 86 130 150 47 52 163 168 1 88 0 74 138 144 140 141 23 21 122 0 172 0 1 60 147 0 124 0 0 
45 17 0 1 171 0 138 45 85 34 142 45 160 51 37 115 0 0 123 8 166 57 70 85 114 69 101 140 157 55 65 87 161 139 1 20 56 1 120 1 1 109 63 0 65 1 1 0 155 32 17 19 41 1 114 56 132 96 2 138 12 109 107 1 115 18 1 99 15 37 1 153 21 14 80 44 151 31 1 125 160 70 85 0 0 126 141 78 0 164 
164 99 114 100 1 46 66 156 99 154 11 1 106 1 18 0 1 0 87 125 64 116 116 0 70 1 1 59 31 2 94 55 1 35 0 169 125 118 0 0 86 169 156 34 0 95 70 60 93 56 8 10 103 107 76 78 179 0 173 70 103 16 122 85 103 173 4 134 6 1 173 1 84 1 97 126 175 107 69 47 0 55 4 1 72 91 45 117 1 165 
100 19 123 143 1 94 97 17 1 106 113 1 95 1 1 23 32 40 0 45 52 0 126 33 49 95 0 172 1 52 1 164 7 84 14 145 28 157 0 96 155 169 104 18 85 9 94 114 8 60 49 119 0 169 114 171 1 98 1 118 44 66 62 152 6 141 0 1 14 33 1 0 85 136 103 175 155 33 0 86 116 142 177 170 69 168 86 104 113 0 
87 1 47 1 65 144 1 123 119 28 0 127 154 59 157 1 0 36 1 0 19 92 157 50 139 1 134 150 0 56 106 100 60 78 69 155 0 3 86 1 82 82 174 118 77 38 103 31 81 0 1 131 61 66 159 44 170 93 96 118 156 0 0 122 0 52 175 38 100 1 37 1 29 16 59 1 102 19 1 101 136 0 121 38 137 0 0 156 75 0 
0 75 108 1 140 124 129 1 3 53 36 120 1 0 27 26 0 122 0 63 0 156 161 58 113 159 6 4 39 174 0 43 1 63 0 0 0 112 12 0 2 0 1 157 1 10 0 43 37 159 66 64 58 1 134 51 80 0 0 101 0 0 136 1 1 1 1 105 38 44 1 0 69 1 101 61 60 1 63 146 7 52 42 0 19 68 109 1 0 0 
46 0 161 1 125 114 10 75 1 38 35 40 139 0 169 102 70 0 12 28 173 0 0 173 68 68 54 110 18 1 0 66 174 56 1 0 24 30 78 78 0 120 109 169 33 14 0 44 1 0 163 135 0 1 116 0 142 159 127 0 0 1 16 21 18 129 95 1 143 96 79 28 63 59 27 16 1 168 111 0 103 20 130 88 1 0 47 151 70 126 
1 67 96 137 38 131 139 66 58 1 0 148 12 28 82 139 14 38 21 105 154 52 0 11 105 117 1 1 0 1 174 11 0 0 63 43 87 172 0 104 127 1 1 67 176 0 60 1 1 1 68 145 0 157 120 156 98 0 28 128 28 61 0 1 0 1 1 42 84 99 4 0 12 3 161 147 1 128 5 29 13 154 76 36 86 71 133 0 12 0 
149 0 148 1 118 169 1 167 118 5 144 0 47 54 0 159 135 1 0 0 0 74 1 0 1 154 113 50 1 169 69 150 0 0 87 84 39 86 0 141 99 5 94 14 0 56 0 60 41 25 53 61 122 0 143 66 12 29 1 172 141 0 83 6 3 43 165 78 67 51 40 29 141 17 161 44 174 52 37 135 147 23 95 102 174 0 152 2 9 81 
54 124 145 30 148 148 153 38 21 20 25 65 69 139 43 96 96 1 72 0 1 152 66 53 0 125 84 62 38 52 0 40 33 31 108 1 146 85 29 99 88 12 70 0 0 4 109 0 79 18 61 144 161 44 22 71 0 30 29 127 1 63 152 84 0 126 0 41 1 0 58 15 158 122 147 147 16 46 123 121 12 162 155 165 0 41 0 37 112 0 
87 20 10 74 170 123 60 84 0 0 75 1 109 161 0 171 14 8 21 0 44 89 31 168 1 0 163 48 0 0 19 93 150 86 162 5 143 7 68 97 34 1 109 86 133 2 60 83 121 86 0 156 127 93 142 47 105 1 158 120 167 37 6 1 120 134 147 105 30 1 94 80 0 155 87 159 85 36 51 79 175 53 1 20 47 86 29 19 153 21 
16 137 1 166 1 0 136 0 92 92 25 100 171 98 164 153 1 1 143 152 25 86 163 1 0 55 0 136 85 125 164 72 113 169 65 35 90 169 109 121 169 48 113 74 23 164 132 148 7 1 0 67 69 134 96 94 170 29 167 63 9 113 0 114 45 126 32 74 15 146 132 106 16 74 158 0 22 145 1 22 64 0 2 80 104 83 1 33 4 136 
46 60 159 0 47 128 125 87 78 153 19 17 0 130 153 0 4 72 1 73 3 38 38 175 1 167 162 0 88 10 44 125 126 106 174 0 2 22 111 1 1 92 146 52 50 149 58 77 152 102 15 27 102 67 6 80 178 12 1 107 11 177 114 54 48 7 123 1 129 140 1 125 29 10 0 84 60 72 167 146 149 161 173 19 37 13 85 29 103 53 
165 133 43 38 143 1 116 30 125 121 47 128 0 86 27 166 6 51 138 0 134 69 0 115 150 163 1 47 0 1 149 115 100 20 174 1 1 1 73 30 112 171 0 94 5 133 14 84 39 174 69 109 135 28 39 48 0 5 126 47 87 3 1 50 5 101 104 81 142 178 84 116 27 1 116 170 76 36 61 73 170 132 1 0 67 111 14 38 68 126 
164 26 16 0 0 10 0 95 115 131 87 1 16 1 87 12 63 1 18 94 133 149 147 87 111 1 79 132 5 0 115 61 0 173 84 169 1 42 58 17 114 119 52 79 153 0 122 131 96 111 145 124 143 1 1 130 1 0 120 64 0 67 40 26 1 26 1 106 100 4 164 114 1 1 19 1 165 4 50 8 125 66 0 151 16 134 1 63 137 46 
150 0 64 1 129 27 0 25 50 76 164 0 1 0 144 113 176 179 0 65 1 178 163 153 97 77 115 63 48 0 0 1 115 93 157 147 13 73 157 120 1 1 174 98 1 137 32 59 160 20 133 10 59 67 104 49 0 1 153 36 142 95 57 7 91 97 116 80 31 31 38 104 161 1 0 120 105 106 169 148 145 125 0 14 12 63 131 100 30 81 
172 172 118 1 66 73 112 135 10 0 82 54 132 100 69 54 73 110 41 155 19 24 24 38 22 1 109 141 131 1 120 0 170 133 70 122 64 22 95 0 33 1 112 56 108 1 152 84 154 145 141 51 124 125 121 13 179 9 54 156 0 52 0 0 50 60 43 0 129 0 136 111 56 18 67 108 29 71 130 130 1 1 114 164 160 67 50 150 93 112 
146 19 129 31 64 0 178 112 1 1 129 63 26 163 67 13 146 0 1 1 66 1 0 53 44 94 1 172 120 106 5 158 0 1 29 71 97 69 168 20 45 124 4 84 177 17 91 60 100 37 139 56 25 134 113 159 1 118 104 171 61 0 60 0 104 1 1 38 22 12 139 0 62 87 96 53 0 1 145 17 90 88 52 0 34 76 71 0 1 1 
107 34 52 125 141 107 93 173 28 90 1 1 111 59 12 178 1 1 24 0 60 68 62 98 1 0 14 172 18 33 75 1 1 0 1 135 1 0 67 91 113 130 143 1 0 0 142 7 1 20 99 86 21 47 177 0 28 159 123 0 66 175 127 1 38 67 0 9 39 63 1 1 4 30 65 118 91 100 0 46 163 63 101 1 90 176 158 162 136 68 
178 50 144 55 1 93 55 1 126 54 1 165 17 88 69 1 58 59 1 32 50 10 89 146 8 49 85 1 1 57 121 0 67 0 0 33 54 6 117 12 4 2 50 56 130 41 123 30 1 0 1 109 109 125 0 16 120 97 1 1 76 48 118 85 12 168 147 107 172 20 0 121 40 103 120 6 4 68 1 68 121 44 29 109 149 38 158 1 123 151 
93 114 60 0 124 110 0 67 121 1 9 131 112 68 43 137 76 100 92 29 165 29 153 111 120 64 10 21 1 1 137 170 49 83 168 0 159 129 1 0 9 139 101 0 140 52 51 173 1 30 88 25 0 85 114 0 81 47 167 12 0 159 0 170 114 1 128 160 111 1 90 74 22 175 2 0 35 0 1 0 89 0 146 90 76 41 39 56 12 56 
159 96 1 86 22 116 60 174 176 19 40 57 133 173 0 0 1 85 0 140 0 1 7 101 0 1 109 58 131 144 88 37 27 0 24 67 0 44 63 118 57 110 175 162 9 1 132 72 58 3 112 137 29 59 4 54 174 27 152 86 46 150 166 8 136 79 64 1 1 170 122 1 96 52 0 1 70 16 0 0 4 46 37 19 1 101 88 167 111 1 
9 15 0 18 0 0 0 55 1 1 139 62 75 167 1 55 1 29 1 0 1 161 166 144 1 140 38 121 136 35 170 125 0 9 7 74 1 0 17 140 0 174 50 152 95 89 0 113 8 146 161 0 160 10 68 168 31 1 0 162 167 141 0 112 98 90 125 74 173 0 169 93 104 168 157 112 166 12 170 47 86 13 138 53 68 1 128 70 0 136 
98 132 161 123 172 172 124 1 71 1 66 0 20 0 3 14 1 3 125 92 1 130 26 28 46 66 58 58 1 63 55 107 168 33 78 124 101 98 0 2 93 0 134 124 1 57 129 99 123 169 43 4 113 135 82 60 49 171 1 0 66 168 45 1 167 1 68 172 163 1 0 45 22 65 0 17 127 31 79 179 0 3 146 31 124 149 85 29 27 1 
158 67 1 23 100 47 130 31 133 157 3 47 93 156 0 32 92 3 56 18 108 1 168 96 69 60 0 112 0 109 173 79 0 175 1 0 1 7 159 0 147 167 99 74 0 1 0 100 143 146 171 48 97 1 96 98 0 7 1 175 94 139 0 131 0 0 115 1 3 148 61 88 77 122 75 1 14 1 126 2 0 67 1 115 0 65 143 115 56 33 
65 1 121 136 0 46 162 66 81 145 13 14 54 139 6 75 168 1 67 123 177 177 109 24 0 53 12 0 57 0 3 172 1 60 0 1 69 67 1 0 0 63 0 29 67 33 38 163 173 121 99 106 124 91 1 165 63 155 137 117 96 0 166 118 31 102 84 1 175 106 23 113 86 0 7 23 66 1 92 80 149 0 137 56 136 159 145 157 89 68 
0 93 1 37 155 117 94 51 136 4 13 60 0 1 133 126 136 1 84 169 23 0 136 8 69 93 163 67 1 72 41 119 122 92 169 102 148 96 116 89 44 0 169 151 120 28 136 0 16 145 43 108 158 75 1 150 171 161 156 55 34 90 104 29 111 81 68 94 150 170 53 0 91 139 119 174 50 1 114 0 1 103 100 97 0 122 33 0 133 153 
136 20 111 1 14 97 87 142 1 81 95 149 56 172 100 46 1 9 58 1 150 147 75 82 105 14 91 45 1 54 1 103 1 79 4 89 35 39 0 166 162 35 0 63 156 0 176 1 22 100 92 86 16 34 1 66 72 88 170 1 122 73 25 16 0 80 0 0 31 105 31 76 92 87 53 164 141 156 100 149 158 46 173 106 9 3 21 63 1 175 
96 31 8 1 70 118 25 1 161 107 71 128 23 17 1 0 96 0 28 1 140 100 45 53 34 0 151 0 29 164 81 128 18 1 0 120 128 108 82 164 0 1 93 0 0 0 59 125 1 10 135 80 0 1 0 43 1 68 1 161 0 81 1 0 13 131 147 1 11 1 74 0 72 81 111 147 84 147 49 0 161 37 127 73 67 82 155 28 1 57 
1 7 118 91 121 10 1 103 83 131 167 42 118 98 0 101 1 41 19 99 95 65 130 63 16 42 146 34 0 129 1 1 0 155 34 29 84 155 170 80 111 13 95 176 0 94 74 1 18 162 111 170 44 0 7 98 46 85 117 110 1 146 1 13 164 133 1 46 13 109 15 143 40 148 101 0 59 20 151 90 14 35 56 119 17 119 1 55 135 5 
0 142 21 20 155 7 37 147 111 1 33 29 178 59 127 139 1 105 65 1 37 104 123 1 9 147 158 169 166 14 18 20 122 1 97 66 0 94 80 0 1 0 110 0 33 0 111 156 101 121 40 163 155 1 1 141 1 143 3 46 112 32 120 62 87 1 143 91 0 23 21 147 79 69 134 68 121 8 89 130 79 135 82 1 33 0 5 83 101 56 
0 142 98 9 1 33 168 135 23 125 1 49 60 103 0 1 59 1 104 1 15 0 121 1 102 16 24 101 0 0 161 81 0 26 41 144 113 153 112 0 18 71 0 34 46 8 0 24 1 0 35 14 1 140 1 80 135 169 12 1 101 95 1 174 47 74 113 95 19 19 1 179 31 160 127 1 136 0 110 0 72 98 100 0 15 77 95 78 88 0 
0 1 140 28 118 102 75 0 0 0 1 0 127 1 68 43 164 26 177 117 1 78 51 111 52 10 139 161 120 1 46 95 116 39 138 139 119 25 161 0 68 155 122 66 108 22 137 0 54 50 40 155 167 79 64 1 128 173 138 144 0 14 1 81 3 94 74 3 159 1 128 0 76 1 95 42 0 50 17 85 144 129 65 95 0 74 80 100 163 1 
137 0 35 165 179 2 0 14 0 0 179 95 62 1 43 0 134 159 78 134 0 136 113 157 168 0 0 144 122 144 43 77 0 165 95 140 1 1 163 0 154 11 10 6 0 82 55 148 0 23 8 51 113 74 175 142 163 107 137 1 1 22 33 70 130 77 1 20 164 28 98 122 0 76 120 14 170 47 16 124 70 22 85 0 29 128 145 38 33 0 
31 1 0 64 47 38 54 4 13 1 28 1 45 0 133 15 0 0 23 49 174 0 17 43 0 4 1 99 45 0 3 85 80 3 46 74 110 152 1 90 95 1 42 33 0 0 28 134 30 0 1 53 145 111 149 142 94 138 82 70 6 3 179 31 95 56 137 1 171 67 1 120 9 120 172 58 44 0 74 162 1 115 84 0 35 77 57 43 153 144 
6 0 143 157 32 68 78 147 163 177 39 142 135 151 152 23 146 137 74 100 84 1 0 30 0 114 67 29 158 158 1 13 1 128 100 109 44 165 0 0 45 100 91 0 172 162 1 111 0 0 0 2 0 1 1 63 1 0 1 113 166 135 157 63 100 132 102 26 37 25 23 1 31 19 107 1 163 68 87 5 125 147 58 0 106 37 142 74 152 168 
51 127 82 1 1 1 116 160 9 0 90 7 119 125 162 76 1 1 0 0 88 173 43 1 21 1 58 81 141 65 40 0 36 79 158 1 0 19 0 149 8 173 175 71 0 59 48 0 140 109 61 0 1 0 135 51 166 50 13 0 8 0 130 1 140 173 144 63 56 86 176 106 169 50 0 67 0 103 165 50 18 80 0 1 69 136 0 1 67 65 
1 117 98 71 90 151 1 73 174 153 7 27 1 2 157 42 170 52 84 91 96 117 0 95 115 16 0 1 96 0 2 137 5 43 102 161 1 94 106 1 31 75 77 109 1 1 89 78 144 1 101 0 0 173 147 68 109 17 179 136 66 86 27 62 112 76 102 1 0 100 62 170 22 0 68 13 170 0 49 6 34 96 28 1 53 1 102 105 160 1 
0 0 126 96 62 72 47 17 112 102 137 1 15 128 156 92 1 149 60 1 27 46 0 5 0 1 155 90 1 1 156 116 0 1 0 48 27 0 1 34 88 75 116 122 165 172 99 1 176 58 0 124 1 0 86 39 126 9 106 91 178 1 88 1 135 1 40 80 44 29 172 1 155 126 0 65 111 36 144 68 78 108 145 48 174 40 0 46 86 0 
160 58 62 157 130 22 129 53 0 1 42 2 160 59 25 0 95 0 62 49 59 35 0 178 103 136 91 152 110 99 146 159 15 162 8 0 0 90 31 142 11 141 142 129 36 36 1 1 11 1 1 135 1 126 0 101 140 119 133 39 53 34 12 89 130 76 1 47 1 62 164 5 0 16 102 149 152 35 166 135 15 1 94 170 15 123 70 0 171 9 
57 117 0 62 1 57 158 127 157 165 11 26 158 32 123 2 156 131 124 1 1 86 171 158 15 1 10 23 124 63 1 153 75 30 22 44 131 0 142 1 140 1 68 95 168 153 54 9 95 94 90 20 94 19 57 0 0 1 160 102 86 68 112 134 138 55 89 39 104 29 89 1 1 89 21 168 4 19 119 56 38 97 157 52 1 0 69 137 167 161 
48 55 0 2 140 114 1 77 1 1 121 10 0 1 29 17 68 129 139 119 34 102 168 125 160 141 103 1 10 20 61 146 60 0 8 127 174 68 62 96 123 1 66 0 158 4 10 130 94 153 171 157 0 1 175 0 0 68 1 90 49 94 18 138 85 133 1 0 52 52 0 138 11 78 19 0 126 168 123 82 102 46 0 77 117 130 0 16 153 1 
146 148 119 35 1 63 124 34 45 124 176 172 82 5 83 171 1 148 74 113 147 138 74 20 54 140 54 101 1 171 152 178 147 35 57 114 59 82 0 0 146 176 63 149 151 138 66 55 1 173 150 4 0 89 100 48 36 0 1 117 139 139 120 112 171 40 34 1 0 74 0 75 156 124 39 1 0 43 0 122 103 1 1 38 92 64 0 13 0 133 
0 148 142 130 172 101 19 139 133 11 0 53 5 1 144 0 81 59 172 1 171 1 154 57 162 167 167 147 101 1 1 139 55 115 120 72 74 2 1 4 136 5 0 82 114 0 1 75 21 139 139 175 174 117 177 18 1 144 0 16 55 59 151 175 0 1 95 1 0 115 1 0 48 143 75 0 1 0 56 150 1 1 132 35 22 57 0 1 53 137 
89 166 108 11 127 47 101 57 14 119 79 152 114 82 82 135 31 1 111 96 135 166 1 20 167 105 84 174 61 134 101 64 61 33 100 163 4 80 77 125 0 2 94 46 1 132 44 101 144 85 35 126 157 32 49 28 106 1 42 0 117 136 1 114 146 179 1 7 0 26 90 0 1 0 0 159 64 99 128 98 96 161 86 0 114 38 45 66 0 111 
162 0 36 138 137 127 133 8 155 107 4 157 90 117 1 30 72 16 118 84 57 33 0 49 144 123 138 33 45 159 0 48 128 45 68 0 73 6 160 13 1 1 19 0 99 116 0 1 138 89 98 102 9 121 90 1 136 127 0 35 0 35 3 24 1 152 62 0 1 0 155 170 115 161 0 68 132 27 0 174 102 109 137 0 64 0 1 0 165 154 
151 68 99 100 161 73 0 1 85 32 86 127 0 128 132 0 118 136 120 173 132 122 24 116 116 1 1 94 62 8 152 1 122 15 0 54 120 0 1 158 88 55 0 139 172 147 108 138 29 98 44 1 106 0 130 8 94 0 145 84 1 0 1 56 148 62 169 24 176 0 113 61 0 155 68 1 26 102 1 1 4 0 28 1 175 2 11 2 24 1 
52 1 166 108 1 118 65 38 47 40 22 0 1 174 6 36 50 41 110 104 1 29 82 1 174 127 0 173 75 2 0 43 58 38 0 133 110 8 1 152 124 29 151 1 159 86 26 117 1 27 0 0 12 0 177 1 1 0 137 3 17 44 0 138 87 1 1 29 40 18 23 92 177 0 0 36 10 100 0 1 41 74 1 129 0 151 161 140 99 48 
23 1 154 0 1 161 136 29 0 93 116 162 0 64 128 30 143 107 167 42 22 164 0 172 110 27 165 72 59 42 64 74 26 167 1 1 1 121 0 12 1 122 145 66 114 57 0 79 82 0 41 141 143 34 58 29 0 1 43 1 69 0 1 0 1 122 137 1 23 34 118 156 0 19 126 39 16 109 0 51 105 176 54 148 111 1 1 1 70 67 
54 8 0 27 60 3 85 0 75 47 131 146 78 7 142 175 153 150 101 172 107 18 152 0 82 1 31 1 1 130 139 10 171 60 36 146 1 179 83 81 175 82 146 168 0 77 149 1 1 0 174 127 1 74 62 93 154 52 33 71 14 87 159 65 0 132 166 167 0 38 59 127 134 115 151 101 0 122 113 116 1 1 22 64 99 162 21 1 1 134 
150 168 63 1 15 10 143 64 164 6 176 14 142 130 7 159 118 131 158 159 155 1 153 0 0 0 0 86 83 90 61 171 121 39 77 55 33 1 1 46 49 11 4 121 47 140 127 164 141 36 21 23 111 157 127 0 38 127 1 127 172 9 55 159 86 0 0 112 1 30 150 177 48 77 145 12 178 0 113 177 6 146 0 122 167 46 0 125 76 43 
157 159 161 1 14 158 138 126 156 144 105 60 169 1 81 139 11 29 19 64 157 169 133 36 109 0 121 144 57 103 15 176 0 106 47 13 161 77 161 147 165 141 1 48 48 103 83 116 109 0 6 111 91 48 61 1 73 6 117 99 1 0 1 49 115 15 0 141 107 82 0 82 110 48 89 52 90 0 0 3 0 65 26 117 11 39 170 117 163 140 
0 1 46 0 18 160 30 1 0 116 98 1 38 1 0 64 53 164 79 69 1 0 0 171 11 154 127 120 45 159 24 91 157 29 1 117 33 1 124 144 95 158 50 55 48 68 142 16 85 131 88 91 104 71 112 0 1 1 100 49 168 124 0 168 116 0 121 0 27 74 106 172 0 131 13 25 161 107 59 148 68 83 161 0 0 106 1 124 155 72 
176 122 14 82 1 1 1 102 149 153 1 132 88 78 104 0 109 133 155 1 75 28 109 32 1 110 5 9 64 95 29 57 0 23 10 66 4 26 6 0 163 0 39 1 1 30 42 121 167 0 157 125 6 1 169 88 144 0 120 0 40 0 1 0 124 162 166 65 0 173 44 164 136 113 1 24 56 50 7 174 53 1 111 149 42 99 1 1 163 50 
177 101 104 124 66 73 179 86 54 94 100 53 16 146 1 65 1 0 1 115 1 78 148 25 7 161 91 85 93 0 173 10 67 162 48 114 125 85 15 6 148 69 95 19 62 25 89 96 1 2 94 165 0 81 1 125 1 1 163 87 39 148 49 103 1 142 32 1 1 0 4 44 47 92 109 141 129 116 156 97 77 19 98 0 18 51 120 112 82 173 
0 119 46 1 0 176 0 130 131 0 101 38 118 81 49 1 120 37 55 104 172 0 59 178 156 96 124 57 150 15 49 18 81 160 1 69 98 115 165 176 0 13 179 0 0 0 0 1 0 1 88 150 24 81 150 18 137 29 94 13 133 115 0 33 176 40 122 106 147 166 0 110 1 163 24 0 69 101 7 174 53 142 121 95 146 24 101 52 131 170 
40 139 133 70 1 178 88 119 16 12 67 121 17 108 0 160 109 28 0 88 165 126 40 77 0 92 12 131 116 3 0 55 145 88 1 168 0 1 51 172 34 114 5 6 120 105 128 76 176 99 90 36 1 76 15 87 1 51 42 105 131 59 96 0 1 146 114 131 106 139 16 0 22 87 0 29 3 74 70 1 1 92 130 0 101 103 59 58 124 48 
72 128 0 141 101 1 139 168 94 148 129 45 0 154 1 62 135 28 145 161 79 1 118 46 100 63 110 69 27 104 22 85 0 0 70 172 159 141 13 158 1 143 152 164 1 90 31 76 75 49 106 102 11 10 91 106 69 68 3 33 70 52 20 116 0 1 96 106 139 91 115 0 0 87 126 18 152 0 167 39 8 121 68 149 92 60 5 46 0 0 
30 73 132 87 141 157 79 134 21 8 52 100 121 71 30 89 41 136 1 0 2 90 1 1 6 102 98 111 65 134 141 29 79 0 138 93 1 85 61 85 0 122 96 136 53 0 0 92 4 151 0 93 142 61 7 34 1 0 1 6 0 123 33 66 54 133 0 78 63 0 24 175 59 0 170 24 0 125 37 136 178 73 47 76 0 70 171 47 86 138 
0 122 115 1 1 8 1 149 113 43 126 10 0 114 148 157 1 0 0 28 49 37 6 174 152 102 155 61 72 80 36 67 1 138 46 136 110 124 37 101 0 60 14 31 46 6 26 94 118 148 124 137 64 76 44 0 119 43 100 112 172 57 125 141 139 0 2 54 0 11 10 130 132 114 0 0 145 3 0 65 1 75 121 172 6 56 32 133 111 143 
144 118 86 0 5 87 26 1 38 144 148 0 126 107 7 176 33 161 85 127 63 55 1 102 0 93 52 52 163 18 122 0 1 110 59 134 136 1 142 0 0 55 24 45 1 4 166 44 16 0 0 75 38 53 39 90 56 159 16 124 98 1 135 117 11 1 153 134 0 108 0 29 96 159 177 0 62 3 5 1 153 132 80 1 51 159 30 1 1 22 
33 0 19 110 10 33 0 27 138 1 70 170 93 14 96 1 1 0 135 32 22 1 69 127 109 1 66 62 80 140 36 80 95 88 9 178 104 0 124 56 91 103 173 108 39 179 48 73 114 88 129 178 72 42 0 7 172 1 75 124 29 48 167 2 157 60 132 58 179 78 144 90 1 1 122 59 0 156 0 136 0 136 129 109 1 1 141 10 153 21 
1 97 45 92 46 20 23 17 171 139 32 130 0 0 175 53 50 0 0 1 73 1 0 1 1 73 157 21 108 20 0 145 31 156 77 1 170 5 97 79 73 151 5 19 0 36 1 90 134 114 137 3 56 5 90 178 53 159 91 16 152 175 103 128 0 14 86 32 127 153 78 35 64 53 104 147 105 0 140 173 49 90 132 73 1 52 8 85 172 76 
14 104 1 16 125 0 35 100 102 162 136 139 155 31 112 8 1 23 148 134 115 106 90 43 50 2 1 164 115 1 98 1 123 97 0 65 30 131 1 17 1 148 0 0 152 68 60 174 122 79 147 27 52 108 7 126 34 67 0 150 1 116 153 80 1 1 59 171 1 73 0 1 12 1 178 108 122 23 0 6 109 55 10 57 0 132 65 27 1 139 
1 155 53 175 1 1 0 0 0 97 116 0 44 129 104 18 56 179 1 166 157 122 148 169 28 0 145 131 127 141 149 171 132 1 67 0 1 57 53 5 14 0 89 98 84 33 0 1 1 0 24 127 108 0 94 127 1 120 150 77 25 174 164 144 0 126 55 168 153 106 93 161 114 130 63 168 22 140 144 0 161 153 162 60 78 0 125 45 10 49 
54 53 179 132 39 0 0 157 0 166 1 15 76 1 58 0 1 127 127 85 87 99 1 126 112 1 0 165 109 164 10 21 164 22 6 88 170 0 151 1 1 95 169 51 17 28 0 140 92 1 155 100 0 119 94 0 49 93 87 77 165 0 111 151 25 92 178 116 0 105 151 59 1 0 0 136 112 95 83 97 0 108 0 178 39 70 1 118 1 21 
0 105 87 0 17 20 69 110 56 153 0 67 0 167 0 0 95 116 158 136 0 123 0 130 18 109 1 1 119 22 8 121 82 24 0 37 107 164 1 160 133 54 84 138 165 174 92 29 142 138 107 124 1 174 0 40 65 0 33 5 0 1 102 0 158 1 1 124 70 8 158 50 46 124 10 86 143 0 77 158 0 0 0 94 0 3 1 115 6 24 
1 0 132 109 157 99 174 94 178 17 60 1 118 60 154 0 0 1 68 144 55 114 0 123 144 21 172 92 1 48 28 69 0 95 60 63 1 179 150 1 132 160 38 1 100 78 83 27 169 1 1 176 75 0 95 1 160 121 43 119 89 120 55 42 0 147 1 130 1 140 85 1 0 87 135 0 87 162 1 20 75 42 0 56 152 0 61 78 84 133 
10 50 138 165 114 1 53 0 6 63 0 84 103 26 16 144 69 62 42 39 2 42 1 155 100 110 91 142 27 1 121 163 1 105 169 1 37 102 0 7 0 115 177 64 0 139 6 89 0 1 126 32 171 1 73 146 124 39 0 83 67 45 148 0 156 112 0 176 37 9 0 1 167 133 27 135 12 0 0 0 1 123 0 0 0 110 159 136 160 147 
158 133 51 136 87 53 0 1 88 93 166 69 52 20 2 124 54 65 175 75 0 38 2 62 90 135 99 3 114 1 128 34 29 1 5 1 1 0 147 50 3 0 140 129 120 72 110 70 1 177 14 100 161 157 5 89 112 1 13 134 89 23 0 116 146 134 172 107 20 35 20 145 0 154 24 10 1 124 136 139 157 67 0 58 0 106 28 149 150 21 
13 1 45 1 0 58 39 165 108 88 156 41 123 1 171 32 64 1 21 142 152 85 121 17 3 83 80 1 39 55 0 80 1 1 0 16 173 147 12 125 21 138 1 1 0 142 84 104 157 56 43 1 159 26 136 149 82 27 1 105 145 151 94 92 119 26 91 37 113 1 1 64 73 0 48 26 149 98 7 0 116 1 136 0 121 0 104 154 0 0 
22 1 174 13 0 93 4 78 36 142 146 60 1 111 141 122 0 6 1 173 73 31 0 34 73 119 134 38 0 162 131 12 1 142 5 78 34 158 29 118 54 69 1 34 32 138 53 0 44 94 149 98 74 54 130 63 18 0 91 118 146 128 1 107 57 62 116 91 103 78 20 168 8 139 0 152 100 1 160 111 173 177 5 114 141 0 0 61 160 0 
12 133 157 1 5 1 23 0 1 9 83 80 75 96 0 0 37 23 17 41 87 129 138 13 0 11 16 13 24 61 122 178 91 0 1 158 79 91 43 179 170 132 60 85 19 30 140 0 102 1 22 160 62 68 54 12 47 110 108 142 152 175 14 48 90 175 165 147 168 115 11 81 5 148 178 0 21 0 144 36 0 95 152 177 123 52 85 0 0 65 
140 1 22 1 152 142 29 99 12 165 1 103 175 10 0 82 57 100 108 66 164 122 1 84 1 148 96 98 0 112 0 21 0 43 3 120 97 47 1 37 82 103 1 43 1 9 46 126 160 134 172 0 78 152 174 102 81 0 144 117 0 0 175 20 67 165 0 179 35 45 22 116 110 1 83 45 163 2 1 77 2 78 75 1 167 171 98 2 0 67 
0 137 100 0 84 175 0 72 47 91 79 85 122 1 131 6 153 98 54 11 1 152 43 89 47 51 1 76 102 127 68 22 118 118 147 1 86 6 103 1 40 120 176 0 0 1 173 104 49 118 129 143 85 102 122 1 34 33 149 1 12 72 114 162 0 104 0 86 1 7 40 10 128 2 136 1 172 0 119 110 2 167 80 161 173 1 161 139 77 0 
